population_id,1970,1971,1972,1973,1974,1975,1976,1977,1978,1979,1980,1981,1982,1983,1984,1985,1986,1987,1988,1989,1990,1991,1992,1993,1994,1995,1996,1997,1998,1999,2000,2001,2002,2003,2004,2005,2006,2007,2008,2009,2010,2011,2012,2013,2014
17606,1,-1,-1,-1,-1,-1,-1,-1,-1,-1,-1,-1,-1,-1,-1,-1,-1,-1,-1,-1,-1,-1,-1,-1,-1,-1,-1,-1,-1,-1,-1,-1,-1,-1,-1,-1,-1,-1,-1,-1,-1,-1,-1,-1,-1
8660,1,-1,-1,-1,-0.0839206327556137,-0.0692722359470941,-0.0486830564732927,-0.0346708744657946,-0.0288394122739373,-0.0206256341780444,-0.00328951201767236,0.0109603868513566,-0.00498594591169166,-0.0704743878921963,-0.175277505537294,-0.279484198656281,-0.339960900858086,-1,-1,-1,-1,-1,-1,-1,-1,-1,-1,-1,-1,-1,-1,-1,-1,-1,-1,-1,-1,-1,-1,-1,-1,-1,-1,-1,-1
8661,1,-1,-1,-1,-1,-1,-1,-1,-1,-1,-1,-1,-1,-1,-1,-1,-1,-0.0594835150674328,-0.493358453590348,-0.313619122972002,-1,-1,-1,-1,-1,-1,-1,-1,-1,-1,-1,-1,-1,-1,-1,-1,-1,-1,-1,-1,-1,-1,-1,-1,-1
17605,1,-1,-1,-1,-1,-1,-1,-1,-1,-1,-1,-1,-1,-1,-1,-1,-1,-1,-1,-1,-1,-1,-1,-1,-1,-1,-1,-1,-1,-1,-1,-1,-1,-1,-1,-1,-1,-1,-1,-1,-1,-1,-1,-1,-1
26896,1,0.0536373777187142,0.0536373777187142,-0.202650287575149,0.772638825745337,-1,-1,-1,-1,-1,-1,-1,-1,-1,-1,-1,-1,-1,-1,-1,-1,-1,-1,-1,-1,-1,-1,-1,-1,-1,-1,-1,-1,-1,-1,-1,-1,-1,-1,-1,-1,-1,-1,-1,-1
26895,1,0.0321405637456125,0.0321405637456124,-0.630705172777492,1.40108708390622,-0.643139219610867,-1,-1,-1,-1,-1,-1,-1,-1,-1,-1,-1,-1,-1,-1,-1,-1,-1,-1,-1,-1,-1,-1,-1,-1,-1,-1,-1,-1,-1,-1,-1,-1,-1,-1,-1,-1,-1,-1,-1
5097,1,-0.231605199252859,0.179560711856966,0.338338237653802,0.21128799605905,0.0115082006864896,-0.0979121623250115,-0.122620499639907,-0.11141303042646,-0.064036584246064,0.00559664402213772,0.030957266536511,-0.0110006423627934,-0.0374737139321913,0.0275495240710638,0.125322896100817,0.133958108877139,0.0440198517258106,-0.0325562986782248,-0.0326769147808161,-0.0225164384166623,-0.0705606101206123,-0.132954036615326,-1,-1,-1,-1,-1,-1,-1,-1,-1,-1,-1,-1,-1,-1,-1,-1,-1,-1,-1,-1,-1,-1
9645,1,-1,-1,-1,-1,-1,-1,-1,-1,-1,-1,-1,-1,-1,-1,-1,-1,-1,-1,-1,-1,-1,-1,-1,-1,-0.221848749616356,-1,-1,-1,-1,-1,-1,-1,-1,-1,-1,-1,-1,-1,-1,-1,-1,-1,-1,-1
17660,1,-1,-1,-1,-1,-1,-1,-1,-1,-1,-1,-1,-1,-1,-1,-1,-1,-1,-1,-1,-1,-1,-1,-1,-1,-1,-1,-1,-1,-1,-1,-1,-1,-1,-1,-1,-0.669006780958576,0.0730640178391189,0.0730640178391191,-1,-1,-1,-1,-1,-1
17659,1,-1,-1,-1,-1,-1,-1,-1,-1,-1,-1,-1,-1,-1,-1,-1,-1,-1,-1,-1,-1,-1,-1,-1,-1,-1,-1,-1,-1,-1,-1,-1,-1,-1,-1,-1,0.221848749616356,-1,-1,-1,-1,-1,-1,-1,-1
17658,1,-1,-1,-1,-1,-1,-1,-1,-1,-1,-1,-1,-1,-1,-1,-1,-1,-1,-1,-1,-1,-1,-1,-1,-1,-1,-1,-1,-1,-1,-1,-1,-1,-1,-1,-1,0.477121254719662,-1,-1,-1,-1,-1,-1,-1,-1
17604,1,-1,-1,-1,-1,-1,-1,-1,-1,-1,-1,-1,-1,-1,-1,-1,-1,-1,-1,-1,-1,-1,-1,-1,-1,-1,-1,-1,-1,-1,-1,-1,-1,-1,-1,-1,-1,-1,-1,-1,-1,-1,-1,-1,-1
17603,1,-1,-1,-1,-1,-1,-1,-1,-1,-1,-1,-1,-1,-1,-1,-1,-1,-1,-1,-1,-1,-1,-1,-1,-1,-1,-1,-1,-1,-1,-1,-1,-1,-1,-1,-1,-1,-1,-1,-1,-1,-1,-1,-1,-1
17602,1,-1,-1,-1,-1,-1,-1,-1,-1,-1,-1,-1,-1,-1,-1,-1,-1,-1,-1,-1,-1,-1,-1,-1,-1,-1,-1,-1,-1,-1,-1,-1,-1,-1,-1,-1,-1,-1,-1,-1,-1,-1,-1,-1,-1
26877,1,-0.25,-1,-1,0.569875307956561,-1,-1,-1,-1,-1,-1,-1,-1,-1,-1,-1,-1,-1,-1,-1,-1,-1,-1,-1,-1,-1,-1,-1,-1,-1,-1,-1,-1,-1,-1,-1,-1,-1,-1,-1,-1,-1,-1,-1,-1
26636,1,-0.00836834870382674,-0.00836834870382663,0.0435750878594502,0.0435750878594501,-1,-1,-1,-1,-1,-1,-1,-1,-1,-1,-1,-1,-1,-1,-1,-1,-1,-1,-1,-1,-1,-1,-1,-1,-1,-1,-1,-1,-1,-1,-1,-1,-1,-1,-1,-1,-1,-1,-1,-1
26876,1,0.0507468830642541,0.0507468830642541,-0.0581539669317774,0.579100743517163,-1,-1,-1,-1,-1,-1,-1,-1,-1,-1,-1,-1,-1,-1,-1,-1,-1,-1,-1,-1,-1,-1,-1,-1,-1,-1,-1,-1,-1,-1,-1,-1,-1,-1,-1,-1,-1,-1,-1,-1
26874,1,0.0862283281120186,0.0862283281120186,0.377894998984425,0.260488034542532,0.136056275610969,-1,-1,-1,-1,-1,-1,-1,-1,-1,-1,-1,-1,-1,-1,-1,-1,-1,-1,-1,-1,-1,-1,-1,-1,-1,-1,-1,-1,-1,-1,-1,-1,-1,-1,-1,-1,-1,-1,-1
5095,1,-0.069463464651934,0.139724296315891,0.233473438336231,0.183182178682031,0.0759155473822093,-0.0184708901513766,-0.10187187274939,-0.182655783655746,-0.223908244916038,-0.188322178412281,-0.0987090106512605,-0.0142601095823691,0.040327185815587,0.0864207485371862,0.13401508682259,0.148640227013842,0.0928027187565621,-0.0191365135666592,-0.127614146014141,-0.183720785126215,-0.186973430691268,-0.172826074329884,-1,-1,-1,-1,-1,-1,-1,-1,-1,-1,-1,-1,-1,-1,-1,-1,-1,-1,-1,-1,-1,-1
26871,1,-0.247443546838012,-1,-1,-0.261439372640169,-1,-1,-1,-1,-1,-1,-1,-1,-1,-1,-1,-1,-1,-1,-1,-1,-1,-1,-1,-1,-1,-1,-1,-1,-1,-1,-1,-1,-1,-1,-1,-1,-1,-1,-1,-1,-1,-1,-1,-1
26870,1,-0.0796027621983967,-0.0796027621983969,0.0435750878594502,0.0435750878594501,0.678766618247732,-1,-1,-1,-1,-1,-1,-1,-1,-1,-1,-1,-1,-1,-1,-1,-1,-1,-1,-1,-1,-1,-1,-1,-1,-1,-1,-1,-1,-1,-1,-1,-1,-1,-1,-1,-1,-1,-1,-1
5101,1,0.10923047357268,0.418798255911534,0.570655248890523,0.464402408476527,0.220132264022864,0.0422544464470458,0.0299063228414876,0.106452497713844,0.113641748848257,-0.0155182116537558,-0.166482214460251,-0.154205002242263,0.0459250781509054,0.218845015296621,0.139875343542232,-0.119932733718824,-0.226531832147582,0.011157615038389,0.353563588923384,0.382412395174123,0.0260517797791625,-0.333703130206291,-1,-1,-1,-1,-1,-1,-1,-1,-1,-1,-1,-1,-1,-1,-1,-1,-1,-1,-1,-1,-1,-1
26861,1,0.142093260847866,0.142093260847867,-0.211705275337714,0.175435664090003,0.175435664090003,-1,-1,-1,-1,-1,-1,-1,-1,-1,-1,-1,-1,-1,-1,-1,-1,-1,-1,-1,-1,-1,-1,-1,-1,-1,-1,-1,-1,-1,-1,-1,-1,-1,-1,-1,-1,-1,-1,-1
26860,1,0.0716367215661946,0.0716367215661948,-0.307094229674595,0.211804028551636,-0.0501189072942445,-1,-1,-1,-1,-1,-1,-1,-1,-1,-1,-1,-1,-1,-1,-1,-1,-1,-1,-1,-1,-1,-1,-1,-1,-1,-1,-1,-1,-1,-1,-1,-1,-1,-1,-1,-1,-1,-1,-1
5092,1,0.021559935219863,0.0174709646471509,0.00542988066791761,-0.0164213689820225,-0.0431784014831689,-0.0641129518719443,-0.0699748455663949,-0.0599926412557609,-0.0411639567462788,-0.0211830742373165,-0.00343833376395408,0.0114084246388313,0.0217187019704652,0.0250579134671516,0.0213424759076493,0.0135277521302095,0.00447943241710025,-0.0055602019118608,-0.0175607998021391,-0.0306392625909643,-0.0415359026503599,-0.0472420415132551,-1,-1,-1,-1,-1,-1,-1,-1,-1,-1,-1,-1,-1,-1,-1,-1,-1,-1,-1,-1,-1,-1
26858,1,-0.104535848690081,-0.104535848690081,-0.405765346183994,1.09532788199818,-1,-1,-1,-1,-1,-1,-1,-1,-1,-1,-1,-1,-1,-1,-1,-1,-1,-1,-1,-1,-1,-1,-1,-1,-1,-1,-1,-1,-1,-1,-1,-1,-1,-1,-1,-1,-1,-1,-1,-1
5529,1,0.0681166012010173,0.211866986012602,0.325437137596071,0.373086584677761,0.345188187979239,0.262975778017983,0.163323741549961,0.0764888597392797,0.0142108605136491,-0.0260977424742488,-0.0504391259876824,-0.0623160210056359,-1,-1,-1,-1,-1,-1,-1,-1,-1,-1,-1,-1,-1,-1,-1,-1,-1,-1,-1,-1,-1,-1,-1,-1,-1,-1,-1,-1,-1,-1,-1,-1
26857,1,0.0882743149149079,0.088274314914908,-0.409387842012369,0.00840596206926197,0.770922557893793,-1,-1,-1,-1,-1,-1,-1,-1,-1,-1,-1,-1,-1,-1,-1,-1,-1,-1,-1,-1,-1,-1,-1,-1,-1,-1,-1,-1,-1,-1,-1,-1,-1,-1,-1,-1,-1,-1,-1
26949,1,-1,-1,-1,-1,-1,0.534988386498357,-0.60249734744953,-0.60249734744953,-0.260912772455999,-1,-1,-1,-1,-1,-1,-1,-1,-1,-1,-1,-1,-1,-1,-1,-1,-1,-1,-1,-1,-1,-1,-1,-1,-1,-1,-1,-1,-1,-1,-1,-1,-1,-1,-1
26948,1,-1,-1,-1,-1,-1,-0.339759606719858,-0.00856249057826608,0.391356729523326,-0.300639969160979,-1,-1,-1,-1,-1,-1,-1,-1,-1,-1,-1,-1,-1,-1,-1,-1,-1,-1,-1,-1,-1,-1,-1,-1,-1,-1,-1,-1,-1,-1,-1,-1,-1,-1,-1
26892,1,0.138188773096247,0.138188773096247,0.0533546723111966,0.327801715544722,-0.0526302186055787,-1,-1,-1,-1,-1,-1,-1,-1,-1,-1,-1,-1,-1,-1,-1,-1,-1,-1,-1,-1,-1,-1,-1,-1,-1,-1,-1,-1,-1,-1,-1,-1,-1,-1,-1,-1,-1,-1,-1
26894,1,0.215830715030114,0.215830715030114,-0.287125530636229,0.302826831002901,-1,-1,-1,-1,-1,-1,-1,-1,-1,-1,-1,-1,-1,-1,-1,-1,-1,-1,-1,-1,-1,-1,-1,-1,-1,-1,-1,-1,-1,-1,-1,-1,-1,-1,-1,-1,-1,-1,-1,-1
5530,1,0.0636985713908595,-0.0720641439215055,-0.154015788267338,-0.156480982833972,-0.0926583331287003,-0.00496299295189617,0.0589358564371318,0.069889680461857,0.0284248214074898,-0.0403758047083786,-0.103105086516471,-0.136600399655635,-1,-1,-1,-1,-1,-1,-1,-1,-1,-1,-1,-1,-1,-1,-1,-1,-1,-1,-1,-1,-1,-1,-1,-1,-1,-1,-1,-1,-1,-1,-1,-1
26538,1,-1,-1,-1,-1,-1,-1,-1,-1,-1,-1,-1,-1,-1,-1,-1,-1,-1,-1,-1,-1,-1,-1,-1,-1,-1,-1,-1,-1,-1,-0.443397882468912,-1,-1,-1,-1,-1,-1,-1,-1,-1,-1,-1,-1,-1,-1
26535,1,-1,-1,-1,-1,-1,-1,-1,-1,-1,-1,-1,-1,-1,-1,-1,-1,-1,-1,-1,-1,-1,-1,-1,-1,-1,-1,-1,-1,-1,-0.158832253614176,-1,-1,-1,-1,-1,-1,-1,-1,-1,-1,-1,-1,-1,-1
26888,1,0.184878959039382,0.184878959039381,0.175620070464486,0.230437828429731,-1,-1,-1,-1,-1,-1,-1,-1,-1,-1,-1,-1,-1,-1,-1,-1,-1,-1,-1,-1,-1,-1,-1,-1,-1,-1,-1,-1,-1,-1,-1,-1,-1,-1,-1,-1,-1,-1,-1,-1
26886,1,0.348873559386102,0.348873559386102,-0.131072275018966,0.409011411612222,-0.18356639165056,-1,-1,-1,-1,-1,-1,-1,-1,-1,-1,-1,-1,-1,-1,-1,-1,-1,-1,-1,-1,-1,-1,-1,-1,-1,-1,-1,-1,-1,-1,-1,-1,-1,-1,-1,-1,-1,-1,-1
5091,1,-0.0642352826113178,0.281810854479622,0.401618338952298,0.270553571886002,0.0729867493679133,-0.0607306355078825,-0.147707948910926,-0.210661331903517,-0.182059990754549,-0.0184990019456154,0.169212903807692,0.206645813137683,0.0709641124062154,-0.0698955956284324,-0.0650966825571935,0.0326386133665005,0.0466552912557918,-0.0823330066923911,-0.204328056934151,-0.136450799245593,0.106664148934196,0.314797606753517,-1,-1,-1,-1,-1,-1,-1,-1,-1,-1,-1,-1,-1,-1,-1,-1,-1,-1,-1,-1,-1,-1
26884,1,0.0584076450411158,0.0584076450411157,-0.0913975883697493,0.596151131717442,-1,-1,-1,-1,-1,-1,-1,-1,-1,-1,-1,-1,-1,-1,-1,-1,-1,-1,-1,-1,-1,-1,-1,-1,-1,-1,-1,-1,-1,-1,-1,-1,-1,-1,-1,-1,-1,-1,-1,-1
26883,1,0.0746775397706352,0.0746775397706353,-0.0923142613189072,0.506576234057938,-1,-1,-1,-1,-1,-1,-1,-1,-1,-1,-1,-1,-1,-1,-1,-1,-1,-1,-1,-1,-1,-1,-1,-1,-1,-1,-1,-1,-1,-1,-1,-1,-1,-1,-1,-1,-1,-1,-1,-1
5094,1,0.0793058727141332,0.101597088526551,0.125495990660494,0.133540304643152,0.108616734085393,0.0480327874183245,-0.0273960746345638,-0.082175918099163,-0.0908659496966232,-0.0573623154420191,-0.00928528268803424,0.0265113114125196,0.0418844393051255,0.0438498785430127,0.0400469899744513,0.0315000749372913,0.0157109022993774,-0.00954215540036274,-0.045543653018545,-0.089931582142795,-0.132118975340879,-0.156965053279585,-1,-1,-1,-1,-1,-1,-1,-1,-1,-1,-1,-1,-1,-1,-1,-1,-1,-1,-1,-1,-1,-1
26882,1,0.1248592128158,0.1248592128158,0.1248592128158,0.1248592128158,0.1248592128158,-1,-1,-1,-1,-1,-1,-1,-1,-1,-1,-1,-1,-1,-1,-1,-1,-1,-1,-1,-1,-1,-1,-1,-1,-1,-1,-1,-1,-1,-1,-1,-1,-1,-1,-1,-1,-1,-1,-1
26873,1,-0.114983438455412,-0.114983438455412,-0.114983438455413,-0.114983438455412,-0.114983438455412,-1,-1,-1,-1,-1,-1,-1,-1,-1,-1,-1,-1,-1,-1,-1,-1,-1,-1,-1,-1,-1,-1,-1,-1,-1,-1,-1,-1,-1,-1,-1,-1,-1,-1,-1,-1,-1,-1,-1
26868,1,-1,-1,-1,-1,-1,-1,-1,-1,-1,-1,-1,-1,-1,-1,-1,-1,-1,-1,-1,-1,-1,-1,-1,-1,-1,-1,-1,-1,-1,-1,-1,-1,-1,-1,-1,-1,-1,-1,-1,-1,-1,-1,-1,-1
26855,1,0.0980076049213068,0.0980076049213067,0.0980076049213068,0.656417653650555,-1,-1,-1,-1,-1,-1,-1,-1,-1,-1,-1,-1,-1,-1,-1,-1,-1,-1,-1,-1,-1,-1,-1,-1,-1,-1,-1,-1,-1,-1,-1,-1,-1,-1,-1,-1,-1,-1,-1,-1
26856,1,-0.137546318139695,-0.137546318139695,0.819543935541869,0.0129649771643676,-1,-1,-1,-1,-1,-1,-1,-1,-1,-1,-1,-1,-1,-1,-1,-1,-1,-1,-1,-1,-1,-1,-1,-1,-1,-1,-1,-1,-1,-1,-1,-1,-1,-1,-1,-1,-1,-1,-1,-1
5523,1,0.230381256312461,0.293495246209977,0.342632520208687,0.328794389663145,0.218142356325111,0.0296622321396964,-0.159940661056875,-0.255165026326758,-0.202485983176995,-0.0313201330044568,0.157337123013308,0.262004061160181,-1,-1,-1,-1,-1,-1,-1,-1,-1,-1,-1,-1,-1,-1,-1,-1,-1,-1,-1,-1,-1,-1,-1,-1,-1,-1,-1,-1,-1,-1,-1,-1
26853,1,0.238802123628375,0.238802123628376,0.354571570401801,0.471641125452082,-0.130333768495006,-1,-1,-1,-1,-1,-1,-1,-1,-1,-1,-1,-1,-1,-1,-1,-1,-1,-1,-1,-1,-1,-1,-1,-1,-1,-1,-1,-1,-1,-1,-1,-1,-1,-1,-1,-1,-1,-1,-1
26854,1,0.145171000279372,0.145171000279372,0.145057025315713,0.446583187470201,-1,-1,-1,-1,-1,-1,-1,-1,-1,-1,-1,-1,-1,-1,-1,-1,-1,-1,-1,-1,-1,-1,-1,-1,-1,-1,-1,-1,-1,-1,-1,-1,-1,-1,-1,-1,-1,-1,-1,-1
5521,1,0.0286258819988978,-0.0906685627391082,-0.173769865597636,-0.187138343557445,-0.127964144928544,-0.031316045499199,0.0466204768094927,0.0595177663131916,-0.00367120764950624,-0.113869206515017,-0.219025432806405,-0.275823217608851,-1,-1,-1,-1,-1,-1,-1,-1,-1,-1,-1,-1,-1,-1,-1,-1,-1,-1,-1,-1,-1,-1,-1,-1,-1,-1,-1,-1,-1,-1,-1,-1
5096,1,0.171530625129098,0.262057522365979,0.304810024121167,0.300644808901766,0.253052814839844,0.120659815098661,-0.0982423755598529,-0.278256621779347,-0.26163042534617,-0.0513701685902941,0.166458769661306,0.22578142928573,0.147236175671277,0.0619017897193508,0.028518663340616,0.00146381409145491,-0.0486311562097186,-0.0768942354936035,-0.0475373403064115,-0.00103735894023804,0.00798628355719466,-0.00919281362529822,-1,-1,-1,-1,-1,-1,-1,-1,-1,-1,-1,-1,-1,-1,-1,-1,-1,-1,-1,-1,-1,-1
26889,1,0.112221587827283,0.112221587827283,0.106098913592761,0.704074405684065,-0.40411542038261,-1,-1,-1,-1,-1,-1,-1,-1,-1,-1,-1,-1,-1,-1,-1,-1,-1,-1,-1,-1,-1,-1,-1,-1,-1,-1,-1,-1,-1,-1,-1,-1,-1,-1,-1,-1,-1,-1,-1
26891,1,0.0227029684569552,0.0227029684569553,0.385674137413108,0.209459160323288,-0.264873684413164,-1,-1,-1,-1,-1,-1,-1,-1,-1,-1,-1,-1,-1,-1,-1,-1,-1,-1,-1,-1,-1,-1,-1,-1,-1,-1,-1,-1,-1,-1,-1,-1,-1,-1,-1,-1,-1,-1,-1
5098,1,0.0979742359378333,0.145302993886096,0.133180455966052,0.0424906648496088,-0.0791120335989921,-0.156576426146456,-0.148519714689265,-0.0648926304398865,0.0668363643051326,0.227187389179726,0.38356107239495,0.469696452502641,0.42789432587675,0.280281658361403,0.127365473504693,0.0530080466172397,0.0466075413218315,0.0410979168474124,0.0112417271385415,-0.00340777350497529,0.0261365786838788,0.0653657097194535,-1,-1,-1,-1,-1,-1,-1,-1,-1,-1,-1,-1,-1,-1,-1,-1,-1,-1,-1,-1,-1,-1
5109,1,-0.0885116135926212,-0.0344931962259845,0.0511446158390798,-1,-1,-1,-1,-1,-1,-1,-1,-1,-1,-1,-1,-1,-1,-1,-1,-1,-1,-1,-1,-1,-1,-1,-1,-1,-1,-1,-1,-1,-1,-1,-1,-1,-1,-1,-1,-1,-1,-1,-1,-1
5111,1,-1,-1,-1,-1,-1,-1,-1,-1,-1,0.00666165390009235,0.00666165390014511,0.00666165390026016,0.00666165390041848,0.00666165390056642,0.00666165390064782,0.00666165390064505,0.00666165390059342,0.00666165390054735,0.0066616539005338,0.0066616539005393,-1,-1,-1,-1,-1,-1,-1,-1,-1,-1,-1,-1,-1,-1,-1,-1,-1,-1,-1,-1,-1,-1,-1,-1
5114,1,-1,-1,-1,-1,-1,-1,-1,-1,-1,-1,-0.0221615939004078,-0.0221615939001811,-0.0221615938998302,-0.0221615938995264,-0.0221615938993571,-0.0221615938992705,-0.0221615938991475,-0.0221615938989251,-0.0221615938986764,-0.0221615938985366,-1,-1,-1,-1,-1,-1,-1,-1,-1,-1,-1,-1,-1,-1,-1,-1,-1,-1,-1,-1,-1,-1,-1,-1
25453,1,-1,-1,-1,-1,-1,-1,-1,-1,-1,-1,-1,0.232380391768147,-0.420931291580667,0.393192001168013,-0.213065180857159,-0.115126394394713,-0.0156802042851624,-1,-1,-1,-1,-1,-1,-1,-1,-1,-1,-1,-1,-1,-1,-1,-1,-1,-1,-1,-1,-1,-1,-1,-1,-1,-1,-1
26850,1,0.413664438662381,0.413664438662381,0.00904317074012351,-0.23394864538724,-1,-1,-1,-1,-1,-1,-1,-1,-1,-1,-1,-1,-1,-1,-1,-1,-1,-1,-1,-1,-1,-1,-1,-1,-1,-1,-1,-1,-1,-1,-1,-1,-1,-1,-1,-1,-1,-1,-1,-1
26849,1,0.304784822561576,0.304784822561576,-0.25548363514242,0.264363085992031,-0.177645087124303,-1,-1,-1,-1,-1,-1,-1,-1,-1,-1,-1,-1,-1,-1,-1,-1,-1,-1,-1,-1,-1,-1,-1,-1,-1,-1,-1,-1,-1,-1,-1,-1,-1,-1,-1,-1,-1,-1,-1
5518,1,0.268540882619833,0.0961528863794952,-0.0706070569413226,-0.156137093211555,-0.136051942883964,-0.0505433647991831,0.03038761302949,0.058356698520333,0.0320482224354719,-0.0175527139997729,-0.0596273973224051,-0.0815313043237031,-1,-1,-1,-1,-1,-1,-1,-1,-1,-1,-1,-1,-1,-1,-1,-1,-1,-1,-1,-1,-1,-1,-1,-1,-1,-1,-1,-1,-1,-1,-1,-1
5525,1,0.130719686320084,0.130719686320084,0.130719686320084,0.130719686320085,-0.522878745280338,0.263241434774582,-0.196294645143968,0.109144469425068,-0.0511525224473813,0.352182518111362,0.0798504214337561,0.0798504214337559,-1,-1,-1,-1,-1,-1,-1,-1,-1,-1,-1,-1,-1,-1,-1,-1,-1,-1,-1,-1,-1,-1,-1,-1,-1,-1,-1,-1,-1,-1,-1,-1
26852,1,0.134454773768319,0.134454773768318,-0.045679792290157,-0.0356045788452322,-1,-1,-1,-1,-1,-1,-1,-1,-1,-1,-1,-1,-1,-1,-1,-1,-1,-1,-1,-1,-1,-1,-1,-1,-1,-1,-1,-1,-1,-1,-1,-1,-1,-1,-1,-1,-1,-1,-1,-1
5100,1,-0.126030677983262,-0.183994487047934,-0.282307353771779,-0.38175193579495,-0.420521018509688,-0.36482891151757,-0.242567514803518,-0.120494782651892,-0.045741798748951,-0.0143595110289376,0.00315006365496462,0.0194493198936367,0.0269391233404797,0.0288831272738967,0.0495171507337142,0.100029869389076,0.14757487716318,0.138611834067395,0.0554187955086973,-0.0627844656357754,-0.157948530143589,-0.202176746159439,-1,-1,-1,-1,-1,-1,-1,-1,-1,-1,-1,-1,-1,-1,-1,-1,-1,-1,-1,-1,-1,-1
26851,1,-1,-1,0.299086840377979,-0.370581257759313,-0.21429561172591,-1,-1,-1,-1,-1,-1,-1,-1,-1,-1,-1,-1,-1,-1,-1,-1,-1,-1,-1,-1,-1,-1,-1,-1,-1,-1,-1,-1,-1,-1,-1,-1,-1,-1,-1,-1,-1,-1,-1
5113,1,-0.0292653686604968,-0.0311693153485043,-0.033400693599774,-0.0357775226592186,-0.0382579267203131,-0.0408419057830566,-0.0435294598474501,-0.046320588913493,-0.0492152929811851,-0.0522135720505272,-0.0553154261215182,-0.0585078458993117,-0.0617203108904351,-0.0648177804456715,-0.0675125559444477,-0.0693998485117645,-0.070249315405522,-0.0703151548335975,-0.0702576582355418,-0.07061987688308,-0.0713475136339812,-0.0719102890831909,-1,-1,-1,-1,-1,-1,-1,-1,-1,-1,-1,-1,-1,-1,-1,-1,-1,-1,-1,-1,-1,-1
5112,1,-1,-1,-1,-1,-1,-1,-1,-1,-1,-0.0729910820185621,-0.0729910820186196,-0.0729910820187786,-0.0729910820190252,-0.0729910820192374,-0.0729910820192636,-0.0729910820190699,-0.0729910820187895,-0.0729910820186048,-0.0729910820185785,-0.0729910820186205,-1,-1,-1,-1,-1,-1,-1,-1,-1,-1,-1,-1,-1,-1,-1,-1,-1,-1,-1,-1,-1,-1,-1,-1
5099,1,0.52038639481169,0.179146945018529,-0.0952283647508276,-0.22582149785065,-0.224811646844758,-0.102507619775977,0.111118681432839,0.278106840480295,0.205439507221604,-0.142059478872981,-0.52614653132706,-0.61320189086918,-0.288732368415046,0.231262399429575,0.602987607830759,0.639264618098971,0.397502622576553,0.0482681527707868,-0.283836014278592,-0.557569653197475,-0.758730576806587,-0.864300826551355,-1,-1,-1,-1,-1,-1,-1,-1,-1,-1,-1,-1,-1,-1,-1,-1,-1,-1,-1,-1,-1,-1
26952,1,-1,-1,-1,-1,-0.117113399096343,0.620630895330246,0.620630895330246,-1.2963093569914,1.57668369422015,-1,-1,-1,-1,-1,-1,-1,-1,-1,-1,-1,-1,-1,-1,-1,-1,-1,-1,-1,-1,-1,-1,-1,-1,-1,-1,-1,-1,-1,-1,-1,-1,-1,-1,-1
26928,1,-1,-1,-1,-1,-0.880934515149985,-1.05635371613319,0.0103408333382188,0.0876144135844877,-1,-1,-1,-1,-1,-1,-1,-1,-1,-1,-1,-1,-1,-1,-1,-1,-1,-1,-1,-1,-1,-1,-1,-1,-1,-1,-1,-1,-1,-1,-1,-1,-1,-1,-1,-1
26953,1,-1,-1,-1,-1,-1,-1,-1,-1,0.00270830398697752,0.893448472342545,-0.258936800075089,-1,-1,-1,-1,-1,-1,-1,-1,-1,-1,-1,-1,-1,-1,-1,-1,-1,-1,-1,-1,-1,-1,-1,-1,-1,-1,-1,-1,-1,-1,-1,-1,-1
5531,1,-0.150514997831991,-0.150514997831991,0.1249387366083,0.176091259055681,0.301029995663981,0,0.1249387366083,-0.903089986991944,-0.301029995663981,0.301029995663981,0.150514997831991,0.150514997831991,-1,-1,-1,-1,-1,-1,-1,-1,-1,-1,-1,-1,-1,-1,-1,-1,-1,-1,-1,-1,-1,-1,-1,-1,-1,-1,-1,-1,-1,-1,-1,-1
26899,1,-1,-1,-0.221848749616356,0.367976785294595,-1,-1,-1,-1,-1,-1,-1,-1,-1,-1,-1,-1,-1,-1,-1,-1,-1,-1,-1,-1,-1,-1,-1,-1,-1,-1,-1,-1,-1,-1,-1,-1,-1,-1,-1,-1,-1,-1,-1,-1
26898,1,-1,-1,0.263241434774581,0.514909815609062,-0.234083206033368,-1,-1,-1,-1,-1,-1,-1,-1,-1,-1,-1,-1,-1,-1,-1,-1,-1,-1,-1,-1,-1,-1,-1,-1,-1,-1,-1,-1,-1,-1,-1,-1,-1,-1,-1,-1,-1,-1,-1
26971,1,-1,-1,-1,-1,0.157248785181894,0.157248785181894,0.174984775700712,-0.13245323179086,-0.13245323179086,-1,-1,-1,-1,-1,-1,-1,-1,-1,-1,-1,-1,-1,-1,-1,-1,-1,-1,-1,-1,-1,-1,-1,-1,-1,-1,-1,-1,-1,-1,-1,-1,-1,-1,-1
26980,1,-1,-1,-1,-1,-1,0.00327770976123598,0.650908558865779,-0.501373059701181,-0.636565042544509,-1,-1,-1,-1,-1,-1,-1,-1,-1,-1,-1,-1,-1,-1,-1,-1,-1,-1,-1,-1,-1,-1,-1,-1,-1,-1,-1,-1,-1,-1,-1,-1,-1,-1,-1
26975,1,-1,-1,-1,-1,-1,-1.27207092182499,0.287414633530584,0.585496652787557,-0.290034611362518,-1,-1,-1,-1,-1,-1,-1,-1,-1,-1,-1,-1,-1,-1,-1,-1,-1,-1,-1,-1,-1,-1,-1,-1,-1,-1,-1,-1,-1,-1,-1,-1,-1,-1,-1
26932,1,-1,-1,-1,-1,-1,-0.611014833980889,0.688504570657854,-1,-1,-1,-1,-1,-1,-1,-1,-1,-1,-1,-1,-1,-1,-1,-1,-1,-1,-1,-1,-1,-1,-1,-1,-1,-1,-1,-1,-1,-1,-1,-1,-1,-1,-1,-1,-1
26950,1,-1,-1,-1,-1,0.00709830438737291,-0.887084023737299,0.321947095112409,0.0648388862612027,0.0648388862612027,-1,-1,-1,-1,-1,-1,-1,-1,-1,-1,-1,-1,-1,-1,-1,-1,-1,-1,-1,-1,-1,-1,-1,-1,-1,-1,-1,-1,-1,-1,-1,-1,-1,-1,-1
26968,1,-1,-1,-1,-1,-1,-1,-1,-0.871609103143321,0.54566687232574,1.32290776730541,-0.47933228698377,-1,-1,-1,-1,-1,-1,-1,-1,-1,-1,-1,-1,-1,-1,-1,-1,-1,-1,-1,-1,-1,-1,-1,-1,-1,-1,-1,-1,-1,-1,-1,-1,-1
26828,1,-1,-1,-1,-1,-1.60863525352728,-1,-1,-1,-1,-1,-1,-1,-1,-1,-1,-1,-1,-1,-1,-1,-1,-1,-1,-1,-1,-1,-1,-1,-1,-1,-1,-1,-1,-1,-1,-1,-1,-1,-1,-1,-1,-1,-1,-1
26982,1,-1,-1,-1,-1,-1,0.756367360480779,0.116238214947012,-0.285939911590091,0.568776127767461,0.0577652994217539,-1,-1,-1,-1,-1,-1,-1,-1,-1,-1,-1,-1,-1,-1,-1,-1,-1,-1,-1,-1,-1,-1,-1,-1,-1,-1,-1,-1,-1,-1,-1,-1,-1,-1
26972,1,-1,-1,-1,-1,-1,0.779557190368073,-0.608181230049834,-0.608181230049834,-1.27415784926368,-1,-1,-1,-1,-1,-1,-1,-1,-1,-1,-1,-1,-1,-1,-1,-1,-1,-1,-1,-1,-1,-1,-1,-1,-1,-1,-1,-1,-1,-1,-1,-1,-1,-1,-1
26969,1,-1,-1,-1,-1,-1,-1,0.361336912399799,-0.198235696588624,-0.79038789562497,0.325801044295726,-1,-1,-1,-1,-1,-1,-1,-1,-1,-1,-1,-1,-1,-1,-1,-1,-1,-1,-1,-1,-1,-1,-1,-1,-1,-1,-1,-1,-1,-1,-1,-1,-1,-1
26934,1,-1,-1,-1,-1,-1,-1,0.409477922065795,-0.305937330158725,0.381853188778583,-1,-1,-1,-1,-1,-1,-1,-1,-1,-1,-1,-1,-1,-1,-1,-1,-1,-1,-1,-1,-1,-1,-1,-1,-1,-1,-1,-1,-1,-1,-1,-1,-1,-1,-1
26981,1,-1,-1,-1,-1,-1,0.0236409098281076,-0.158378927391356,-0.311813033272196,-0.0625213328096016,-1,-1,-1,-1,-1,-1,-1,-1,-1,-1,-1,-1,-1,-1,-1,-1,-1,-1,-1,-1,-1,-1,-1,-1,-1,-1,-1,-1,-1,-1,-1,-1,-1,-1,-1
26974,1,-1,-1,-1,-1,-1,0.239067131304772,-0.0491625253240064,-0.183930722492013,0.812182528566475,-1,-1,-1,-1,-1,-1,-1,-1,-1,-1,-1,-1,-1,-1,-1,-1,-1,-1,-1,-1,-1,-1,-1,-1,-1,-1,-1,-1,-1,-1,-1,-1,-1,-1,-1
26973,1,-1,-1,-1,-1,-1,0.587786897265263,-0.414841783446374,-0.414841783446374,0.424684469684661,-1,-1,-1,-1,-1,-1,-1,-1,-1,-1,-1,-1,-1,-1,-1,-1,-1,-1,-1,-1,-1,-1,-1,-1,-1,-1,-1,-1,-1,-1,-1,-1,-1,-1,-1
26933,1,-1,-1,-1,-1,-1,0.15352543115694,-0.231608586905513,0.731906062431006,-0.632371905596801,-1,-1,-1,-1,-1,-1,-1,-1,-1,-1,-1,-1,-1,-1,-1,-1,-1,-1,-1,-1,-1,-1,-1,-1,-1,-1,-1,-1,-1,-1,-1,-1,-1,-1,-1
26979,1,-1,-1,-1,-1,-1,0.49669541062801,0.49669541062801,0.49669541062801,-0.427675196086298,-1,-1,-1,-1,-1,-1,-1,-1,-1,-1,-1,-1,-1,-1,-1,-1,-1,-1,-1,-1,-1,-1,-1,-1,-1,-1,-1,-1,-1,-1,-1,-1,-1,-1,-1
26978,1,-1,-1,-1,-1,-1,-0.926571082841466,1.36797678529459,-1.36797678529459,0.757564719601866,-1,-1,-1,-1,-1,-1,-1,-1,-1,-1,-1,-1,-1,-1,-1,-1,-1,-1,-1,-1,-1,-1,-1,-1,-1,-1,-1,-1,-1,-1,-1,-1,-1,-1,-1
26977,1,-1,-1,-1,-1,-1,-0.200806146876779,0.00292455301731664,0.217748838691105,-0.0964688809417862,-1,-1,-1,-1,-1,-1,-1,-1,-1,-1,-1,-1,-1,-1,-1,-1,-1,-1,-1,-1,-1,-1,-1,-1,-1,-1,-1,-1,-1,-1,-1,-1,-1,-1,-1
26931,1,-1,-1,-1,-1,-1,0.845098040014257,0.301029995663981,0.215599800339355,0.401700157545344,-1,-1,-1,-1,-1,-1,-1,-1,-1,-1,-1,-1,-1,-1,-1,-1,-1,-1,-1,-1,-1,-1,-1,-1,-1,-1,-1,-1,-1,-1,-1,-1,-1,-1,-1
26976,1,-1,-1,-1,-1,-1,0.0272022828524613,-0.154901959985743,-1,-1,-1,-1,-1,-1,-1,-1,-1,-1,-1,-1,-1,-1,-1,-1,-1,-1,-1,-1,-1,-1,-1,-1,-1,-1,-1,-1,-1,-1,-1,-1,-1,-1,-1,-1,-1
26930,1,-1,-1,-1,-1,-1,-0.203906622552443,-0.286762033847001,0.039436739269473,-0.778151250383644,-0.778151250383644,-1,-1,-1,-1,-1,-1,-1,-1,-1,-1,-1,-1,-1,-1,-1,-1,-1,-1,-1,-1,-1,-1,-1,-1,-1,-1,-1,-1,-1,-1,-1,-1,-1,-1
26955,1,-1,-1,-1,-1,-1,0.0843208857000359,0.441648936557443,0.0177361590811095,0.0177361590811095,-1,-1,-1,-1,-1,-1,-1,-1,-1,-1,-1,-1,-1,-1,-1,-1,-1,-1,-1,-1,-1,-1,-1,-1,-1,-1,-1,-1,-1,-1,-1,-1,-1,-1,-1
26954,1,-1,-1,-1,-1,-1,0.163774929798027,-0.608181230049834,-0.608181230049834,-1.27415784926368,-1,-1,-1,-1,-1,-1,-1,-1,-1,-1,-1,-1,-1,-1,-1,-1,-1,-1,-1,-1,-1,-1,-1,-1,-1,-1,-1,-1,-1,-1,-1,-1,-1,-1,-1
26929,1,-1,-1,-1,-1,-1,-1.21987018363427,0.0467434035423262,-0.845098040014257,0.330993219041424,-1,-1,-1,-1,-1,-1,-1,-1,-1,-1,-1,-1,-1,-1,-1,-1,-1,-1,-1,-1,-1,-1,-1,-1,-1,-1,-1,-1,-1,-1,-1,-1,-1,-1,-1
26967,1,-1,-1,-1,-1,-1,-1,-1,-0.674184626146825,0.387891451890712,0.387891451890712,-0.218873949390392,-1,-1,-1,-1,-1,-1,-1,-1,-1,-1,-1,-1,-1,-1,-1,-1,-1,-1,-1,-1,-1,-1,-1,-1,-1,-1,-1,-1,-1,-1,-1,-1,-1
26970,1,-1,-1,-1,-1,-1,-1,-1,-0.601217518741942,0.956977057283766,0.374669045179763,-1.02283084999289,-1,-1,-1,-1,-1,-1,-1,-1,-1,-1,-1,-1,-1,-1,-1,-1,-1,-1,-1,-1,-1,-1,-1,-1,-1,-1,-1,-1,-1,-1,-1,-1,-1
26959,1,-1,-1,-1,-1,-1,-1,-1,0.141580407927517,0.384004230728745,-1,-1,-1,-1,-1,-1,-1,-1,-1,-1,-1,-1,-1,-1,-1,-1,-1,-1,-1,-1,-1,-1,-1,-1,-1,-1,-1,-1,-1,-1,-1,-1,-1,-1,-1
26963,1,-1,-1,-1,-1,-1,-1,-1,-0.39215389337394,-0.39215389337394,0.13064613032438,-1,-1,-1,-1,-1,-1,-1,-1,-1,-1,-1,-1,-1,-1,-1,-1,-1,-1,-1,-1,-1,-1,-1,-1,-1,-1,-1,-1,-1,-1,-1,-1,-1,-1
26962,1,-1,-1,-1,-1,-1,-1,-1,0.310431172512847,-2.65882876417925,1.80795359415862,-1,-1,-1,-1,-1,-1,-1,-1,-1,-1,-1,-1,-1,-1,-1,-1,-1,-1,-1,-1,-1,-1,-1,-1,-1,-1,-1,-1,-1,-1,-1,-1,-1,-1
26960,1,-1,-1,-1,-1,-1,-1,-1,-1,-1,-0.662051026509833,1.10423432839722,-1,-1,-1,-1,-1,-1,-1,-1,-1,-1,-1,-1,-1,-1,-1,-1,-1,-1,-1,-1,-1,-1,-1,-1,-1,-1,-1,-1,-1,-1,-1,-1,-1
27262,1,-1,-1,-1,-1,-1,-1,-1,-1,-1,-1,0.45229767099463,0.0813049396774803,-0.111343418588969,-0.111343418588969,-0.111343418588969,-0.433655560938572,-0.845098040014257,0.301029995663981,-1,-1,-1,-1,-1,-1,-1,-1,-1,-1,-1,-1,-1,-1,-1,-1,-1,-1,-1,-1,-1,-1,-1,-1,-1,-1
9490,1,-1,-1,-1,-1,-1,-1,-1,-1,-1,-1,-1,-0.18221103398024,-0.18221103398024,-0.18221103398024,-0.18221103398024,-0.18221103398024,-0.182211033980241,-0.18221103398024,-0.18221103398024,-0.182211033980241,-0.18221103398024,-0.18221103398024,-1,-1,-1,-1,-1,-1,-1,-1,-1,-1,-1,-1,-1,-1,-1,-1,-1,-1,-1,-1,-1,-1
5568,1,-1,-1,-1,-1,-1,-1,-1,-1,-1,-1,-1,-1,-1,-1,-1,-1,-1,-1,-1,-1,-1,-0.121519024343147,-0.121519024343147,-1,-1,-1,-1,-1,-1,-1,-1,-1,-1,-1,-1,-1,-1,-1,-1,-1,-1,-1,-1,-1
26559,1,-1,-1,-1,-1,-1,-1,-1,-1,-1,-1,-1,-1,-1,-1,-1,-1,-1,-1,-1,-1,-1,-1,0.176177720231799,0.176177720231799,0.443337743372797,-1,-1,-1,-1,-1,-1,-1,-1,-1,-1,-1,-1,-1,-1,-1,-1,-1,-1,-1
9661,1,-1,-1,-1,-1,-1,-1,-1,-1,-1,-1,-1,-1,-1,-1,-1,-1,-1,-1,-1,-1,-1,-1,-0.342595054105638,-0.102637056200543,0.0515793475253767,-1,-1,-1,-1,-1,-1,-1,-1,-1,-1,-1,-1,-1,-1,-1,-1,-1,-1,-1
9375,1,-1,-1,-1,-1,-1,-1,-1,-1,-1,-1,-1,-1,-1,-1,-1,-1,-1,-1,-1,-1,-1,-1,-1,-1,-1,0.199857545090559,0.195048852632791,0.185601092667995,0.172924798715644,0.158074204433816,0.140631005180633,0.119484772720405,0.0945412417969365,0.0674858473274702,0.0407598779167191,0.0159318951259815,-0.00672917788525296,-0.0272706781584846,-0.0452019266582386,-0.0598897718374367,-0.0713974116678981,-0.0803132259160058,-0.0867222879510174,-0.0900328346441354
27261,1,-1,-1,-1,-1,-1,-1,-1,-1,-1,-1,-0.0866488545482578,0.149578569756483,-0.183983397742532,-0.183983397742532,-0.183983397742532,-0.184524426592544,0.143688172621139,0.0625555036646417,-1,-1,-1,-1,-1,-1,-1,-1,-1,-1,-1,-1,-1,-1,-1,-1,-1,-1,-1,-1,-1,-1,-1,-1,-1,-1
6276,1,-1,-1,-1,-1,-1,-1,-1,-1,-1,-1,-1,-1,-1,-1,-1,-1,-1,-1,-1,-1,-1,0.537492565727008,0.537492565727008,-1,-1,-1,-1,-1,-1,-1,-1,-1,-1,-1,-1,-1,-1,-1,-1,-1,-1,-1,-1,-1
5570,1,-1,-1,-1,-1,-1,-1,-1,-1,-1,-1,-1,-1,-1,-1,-1,-1,-1,-1,-1,-1,-1,0.248003299440018,0.248003299440018,-1,-1,-1,-1,-1,-1,-1,-1,-1,-1,-1,-1,-1,-1,-1,-1,-1,-1,-1,-1,-1
26556,1,-1,-1,-1,-1,-1,-1,-1,-1,-1,-1,-1,-1,-1,-1,-1,-1,-1,-1,-1,-1,-1,-1,-0.0510637550516909,-0.204279777033849,0.204146619135549,-1,-1,-1,-1,-1,-1,-1,-1,-1,-1,-1,-1,-1,-1,-1,-1,-1,-1,-1
18491,1,-1,-1,-1,-1,-1,-1,-1,-1,-1,-1,0.00263765701003948,-0.0115722795825872,-0.0344105620802477,-0.0538500513009805,-0.0589566334283467,-0.0447639872067738,-0.0127636706030396,0.0291509305237889,0.0675136934761464,0.0891110994745787,-1,-1,-1,-1,-1,-1,-1,-1,-1,-1,-1,-1,-1,-1,-1,-1,-1,-1,-1,-1,-1,-1,-1,-1
9509,1,-1,-1,-1,-1,-1,-1,-1,-1,-1,-1,-1,0.18221103398024,0.18221103398024,0.18221103398024,0.18221103398024,0.18221103398024,0.18221103398024,0.18221103398024,0.18221103398024,0.18221103398024,0.18221103398024,0.18221103398024,-1,-1,-1,-1,-1,-1,-1,-1,-1,-1,-1,-1,-1,-1,-1,-1,-1,-1,-1,-1,-1,-1
26552,1,-1,-1,-1,-1,-1,-1,-1,-1,-1,-1,-1,-1,-1,-1,-1,-1,-1,-1,-1,-1,-1,-1,-0.549699559669244,-0.0636231563699185,0.198331995941623,-1,-1,-1,-1,-1,-1,-1,-1,-1,-1,-1,-1,-1,-1,-1,-1,-1,-1,-1
9644,1,-1,-1,-1,-1,-1,-1,-1,-1,-1,-1,-1,-1,-1,-1,-1,-1,-1,-1,-1,-1,-1,-1,0.372555683123588,0.61608956599929,0.109495853306613,-1,-1,-1,-1,-1,-1,-1,-1,-1,-1,-1,-1,-1,-1,-1,-1,-1,-1,-1
9376,1,-1,-1,-1,-1,-1,-1,-1,-1,-1,-1,-1,-1,-1,-1,-1,-1,-1,-1,-1,-1,-1,-1,-1,-1,-1,-1,0.016577272321654,0.0165772723220658,0.0165772723227895,0.0165772723233867,0.0165772723232558,0.016577272322044,0.0165772723199818,0.0165772723178731,0.01657727231662,-1,-1,-1,-1,-1,-1,-1,-1,-1
17665,1,-1,-1,-1,-1,-1,-1,-1,-1,-1,-1,-1,-1,-1,-1,-1,-1,-1,-1,-1,-1,-1,-1,-1,-1,-1,-1,-1,-1,-1,-1,-1,-1,-1,-1,-1,-0.586265724144731,-1,-1,-1,-1,-1,-1,-1,-1
17664,1,-1,-1,-1,-1,-1,-1,-1,-1,-1,-1,-1,-1,-1,-1,-1,-1,-1,-1,-1,-1,-1,-1,-1,-1,-1,-1,-1,-1,-1,-1,-1,-1,-1,-1,-1,0.104735350520013,-0.0334733948153065,-0.0334733948153065,-1,-1,-1,-1,-1,-1
17663,1,-1,-1,-1,-1,-1,-1,-1,-1,-1,-1,-1,-1,-1,-1,-1,-1,-1,-1,-1,-1,-1,-1,-1,-1,-1,-1,-1,-1,-1,-1,-1,-1,-1,-1,-1,0.276206411938949,-1,-1,-1,-1,-1,-1,-1,-1
9503,1,-1,-1,-1,-1,-1,-1,-1,-1,-1,-1,-1,-0.18221103398024,-0.18221103398024,-0.18221103398024,-0.18221103398024,-0.18221103398024,-0.18221103398024,-0.18221103398024,-0.182211033980241,-0.18221103398024,-0.18221103398024,-0.182211033980241,-1,-1,-1,-1,-1,-1,-1,-1,-1,-1,-1,-1,-1,-1,-1,-1,-1,-1,-1,-1,-1,-1
9502,1,-1,-1,-1,-1,-1,-1,-1,-1,-1,-1,-1,-0.18221103398024,-0.18221103398024,-0.18221103398024,-0.18221103398024,-0.18221103398024,-0.18221103398024,-0.18221103398024,-0.18221103398024,-0.182211033980241,-0.18221103398024,-0.18221103398024,-1,-1,-1,-1,-1,-1,-1,-1,-1,-1,-1,-1,-1,-1,-1,-1,-1,-1,-1,-1,-1,-1
5579,1,-1,-1,-1,-1,-1,-1,-1,-1,-1,-1,-1,-0.0228847140816542,-0.022885186705772,-0.0228861853219593,-0.0228875896384353,-0.0228891123020827,-0.0228903955442652,-0.0228911315071827,-0.0228911781254795,-0.0228906196613365,-0.0228897336452671,-0.022888869809861,-0.0228882959028374,-0.0228880890569472,-0.0228881323030601,-0.0228882225044316,-1,-1,-1,-1,-1,-1,-1,-1,-1,-1,-1,-1,-1,-1,-1,-1,-1,-1
9351,1,-1,-1,-1,-1,-1,-1,-1,-1,-1,-1,-1,-1,-1,-1,-1,-1,-0.0611089006414951,-0.0554400927951479,-0.0451705538970766,-0.0325066605569369,-0.018363287276874,-0.00225960418648774,0.0153566211318346,0.0316960486297795,0.0430829930297936,0.0477917007834758,0.0473050896448559,0.0449204678564583,0.0433013763472925,-1,-1,-1,-1,-1,-1,-1,-1,-1,-1,-1,-1,-1,-1,-1
9665,1,-1,-1,-1,-1,-1,-1,-1,-1,-1,-1,-1,-1,-1,-1,-1,-1,-1,-1,-1,-1,-1,-1,0.204119982655925,0.476618016392572,0.476618016392572,-1,-1,-1,-1,-1,-1,-1,-1,-1,-1,-1,-1,-1,-1,-1,-1,-1,-1,-1
9348,1,-1,-1,-1,-1,-1,-1,-1,-1,-1,-1,-1,-1,-1,-1,-1,-1,-0.0631096813991956,-0.0570246343978407,-0.0435795407094055,-0.022534188665833,0.00379329934599149,0.0289921155337489,0.0440709362323224,0.0433498280427989,0.0301571151776616,0.015692406718987,0.0102632186795426,0.0146179037816165,0.0205583554682791,-1,-1,-1,-1,-1,-1,-1,-1,-1,-1,-1,-1,-1,-1,-1
17627,1,-1,-1,-1,-1,-1,-1,-1,-1,-1,-1,-1,-1,-1,-1,-1,-1,-1,-1,-1,-1,-1,-0.0698970004336018,-0.0698970004336019,-0.0698970004336018,-0.069897000433602,-0.0698970004336018,-0.0698970004336019,-0.0698970004336018,-0.0698970004336019,-0.0698970004336019,-0.0698970004336019,-1,-1,-1,-1,-1,-1,-1,-1,-1,-1,-1,-1,-1
17626,1,-1,-1,-1,-1,-1,-1,-1,-1,-1,-1,-1,-1,-1,-1,-1,-1,-1,-1,-1,-1,-1,-0.0431363764158987,-0.0431363764158987,-0.0431363764158987,-0.0431363764158987,-0.0431363764158987,-0.0431363764158987,-0.0431363764158987,-0.0431363764158987,-0.0431363764158987,-0.0431363764158987,-1,-1,-1,-1,-1,-1,-1,-1,-1,-1,-1,-1,-1
17625,1,-1,-1,-1,-1,-1,-1,-1,-1,-1,-1,-1,-1,-1,-1,-1,-1,-1,-1,-1,-1,-1,-0.0594234653816006,-0.0594234653816006,-0.0594234653816006,-0.0594234653816006,-0.0594234653816006,-0.0594234653816006,-0.0594234653816006,-0.0594234653816006,-0.0594234653816006,-0.0594234653816006,-1,-1,-1,-1,-1,-1,-1,-1,-1,-1,-1,-1,-1
17624,1,-1,-1,-1,-1,-1,-1,-1,-1,-1,-1,-1,-1,-1,-1,-1,-1,-1,-1,-1,-1,-1,-0.0732393759822969,-0.0732393759822971,-0.0732393759822967,-0.0732393759822969,-0.0732393759822969,-0.0732393759822967,-0.0732393759822969,-0.0732393759822969,-0.0732393759822969,-0.0732393759822967,-1,-1,-1,-1,-1,-1,-1,-1,-1,-1,-1,-1,-1
17623,1,-1,-1,-1,-1,-1,-1,-1,-1,-1,-1,-1,-1,-1,-1,-1,-1,-1,-1,-1,-1,-1,0.0243038048686295,0.0243038048686293,0.0243038048686295,0.0243038048686295,0.0243038048686295,0.0243038048686295,0.0243038048686293,0.0243038048686295,0.0243038048686295,0.0243038048686295,-1,-1,-1,-1,-1,-1,-1,-1,-1,-1,-1,-1,-1
17622,1,-1,-1,-1,-1,-1,-1,-1,-1,-1,-1,-1,-1,-1,-1,-1,-1,-1,-1,-1,-1,-1,-0.00690809191432984,-0.00690809191433006,-0.00690809191432984,-0.00690809191432984,-0.00690809191432984,-0.00690809191433006,-0.00690809191432984,-0.00690809191432984,-0.00690809191433006,-0.00690809191432984,-1,-1,-1,-1,-1,-1,-1,-1,-1,-1,-1,-1,-1
17621,1,-1,-1,-1,-1,-1,-1,-1,-1,-1,-1,-1,-1,-1,-1,-1,-1,-1,-1,-1,-1,-1,0.0473081276917924,0.0473081276917922,0.0473081276917922,0.0473081276917922,0.0473081276917924,0.0473081276917922,0.0473081276917924,0.0473081276917922,0.0473081276917922,0.0473081276917924,-1,-1,-1,-1,-1,-1,-1,-1,-1,-1,-1,-1,-1
6336,1,-1,-1,-1,-1,-1,-1,-1,-1,-1,-1,-1,-1,-1,-1,-1,-1,-1,-1,-1,-1,-1,-0.285650313761212,-0.285650313761212,-1,-1,-1,-1,-1,-1,-1,-1,-1,-1,-1,-1,-1,-1,-1,-1,-1,-1,-1,-1,-1
6335,1,-1,-1,-1,-1,-1,-1,-1,-1,-1,-1,-1,-1,-1,-1,-1,-1,-1,-1,-1,-1,-1,-0.114177577840978,-0.114177577840978,-1,-1,-1,-1,-1,-1,-1,-1,-1,-1,-1,-1,-1,-1,-1,-1,-1,-1,-1,-1,-1
6275,1,-1,-1,-1,-1,-1,-1,-1,-1,-1,-1,-1,-1,-1,-1,-1,-1,-1,-1,-1,-1,-1,0.300173397941921,0.300173397941921,-1,-1,-1,-1,-1,-1,-1,-1,-1,-1,-1,-1,-1,-1,-1,-1,-1,-1,-1,-1,-1
6274,1,-1,-1,-1,-1,-1,-1,-1,-1,-1,-1,-1,-1,-1,-1,-1,-1,-1,-1,-1,-1,-1,0.189887492016816,0.189887492016817,-1,-1,-1,-1,-1,-1,-1,-1,-1,-1,-1,-1,-1,-1,-1,-1,-1,-1,-1,-1,-1
6256,1,-1,-1,-1,-1,-1,-1,-1,-1,-1,-1,-1,-1,-1,-1,-1,-1,-1,-1,-1,-1,-1,-0.0153673084880842,-0.0153673084880842,-1,-1,-1,-1,-1,-1,-1,-1,-1,-1,-1,-1,-1,-1,-1,-1,-1,-1,-1,-1,-1
6255,1,-1,-1,-1,-1,-1,-1,-1,-1,-1,-1,-1,-1,-1,-1,-1,-1,-1,-1,-1,-1,-1,0.112256570648884,0.112256570648884,-1,-1,-1,-1,-1,-1,-1,-1,-1,-1,-1,-1,-1,-1,-1,-1,-1,-1,-1,-1,-1
5574,1,-1,-1,-1,-1,-1,-1,-1,-1,-1,-1,-1,-1,-1,-1,-1,-1,-1,-1,-1,-1,-1,0.265739458521128,0.265739458521128,-1,-1,-1,-1,-1,-1,-1,-1,-1,-1,-1,-1,-1,-1,-1,-1,-1,-1,-1,-1,-1
5572,1,-1,-1,-1,-1,-1,-1,-1,-1,-1,-1,-1,-1,-1,-1,-1,-1,-1,-1,-1,-1,-1,0.183988392647297,0.183988392647297,-1,-1,-1,-1,-1,-1,-1,-1,-1,-1,-1,-1,-1,-1,-1,-1,-1,-1,-1,-1,-1
5567,1,-1,-1,-1,-1,-1,-1,-1,-1,-1,-1,-1,-1,-1,-1,-1,-1,-1,-1,-1,-1,-1,0.150514997831991,0.150514997831991,-1,-1,-1,-1,-1,-1,-1,-1,-1,-1,-1,-1,-1,-1,-1,-1,-1,-1,-1,-1,-1
5566,1,-1,-1,-1,-1,-1,-1,-1,-1,-1,-1,-1,-1,-1,-1,-1,-1,-1,-1,-1,-1,-1,-0.494502307849268,-0.494502307849268,-1,-1,-1,-1,-1,-1,-1,-1,-1,-1,-1,-1,-1,-1,-1,-1,-1,-1,-1,-1,-1
5565,1,-1,-1,-1,-1,-1,-1,-1,-1,-1,-1,-1,-1,-1,-1,-1,-1,-1,-1,-1,-1,-1,-0.202882673091997,-0.202882673091997,-1,-1,-1,-1,-1,-1,-1,-1,-1,-1,-1,-1,-1,-1,-1,-1,-1,-1,-1,-1,-1
5564,1,-1,-1,-1,-1,-1,-1,-1,-1,-1,-1,-1,-1,-1,-1,-1,-1,-1,-1,-1,-1,-1,-0.451544993495972,-0.451544993495972,-1,-1,-1,-1,-1,-1,-1,-1,-1,-1,-1,-1,-1,-1,-1,-1,-1,-1,-1,-1,-1
5561,1,-1,-1,-1,-1,-1,-1,-1,-1,-1,-1,-1,-1,-1,-1,-1,-1,-1,-1,-1,-1,-1,-0.042160442850018,-0.0421604428500179,-1,-1,-1,-1,-1,-1,-1,-1,-1,-1,-1,-1,-1,-1,-1,-1,-1,-1,-1,-1,-1
5560,1,-1,-1,-1,-1,-1,-1,-1,-1,-1,-1,-1,-1,-1,-1,-1,-1,-1,-1,-1,-1,-1,-1,0.615224460689137,-1,-1,-1,-1,-1,-1,-1,-1,-1,-1,-1,-1,-1,-1,-1,-1,-1,-1,-1,-1,-1
5558,1,-1,-1,-1,-1,-1,-1,-1,-1,-1,-1,-1,-1,-1,-1,-1,-1,-1,-1,-1,-1,-1,0.481893913672778,0.481893913672778,-1,-1,-1,-1,-1,-1,-1,-1,-1,-1,-1,-1,-1,-1,-1,-1,-1,-1,-1,-1,-1
17634,1,-1,-1,-1,-1,-1,-1,-1,-1,-1,-1,-1,-1,-1,-1,-1,-1,-1,-1,-1,-1,-1,-1,-0.0540969030941626,-1,-1,-1,-1,-1,-1,-1,-1,-1,-1,-1,-1,-1,-1,-1,-1,-1,-1,-1,-1,-1
17633,1,-1,-1,-1,-1,-1,-1,-1,-1,-1,-1,-1,-1,-1,-1,-1,-1,-1,-1,-1,-1,-1,-1,-1,-1,-1,-1,-1,-1,-1,-1,-1,-1,-1,-1,-1,-1,-1,-1,-1,-1,-1,-1,-1,-1
9656,1,-1,-1,-1,-1,-1,-1,-1,-1,-1,-1,-1,-1,-1,-1,-1,-1,-1,-1,-1,-1,-1,-1,0.0791812460476249,-0.805589498730583,-0.565847818673518,-1,-1,-1,-1,-1,-1,-1,-1,-1,-1,-1,-1,-1,-1,-1,-1,-1,-1,-1
9651,1,-1,-1,-1,-1,-1,-1,-1,-1,-1,-1,-1,-1,-1,-1,-1,-1,-1,-1,-1,-1,-1,-1,-0.301029995663981,-1,-1,-1,-1,-1,-1,-1,-1,-1,-1,-1,-1,-1,-1,-1,-1,-1,-1,-1,-1,-1
9650,1,-1,-1,-1,-1,-1,-1,-1,-1,-1,-1,-1,-1,-1,-1,-1,-1,-1,-1,-1,-1,-1,-1,1.60799085854717,-0.130869603827512,0.798650645445269,-1,-1,-1,-1,-1,-1,-1,-1,-1,-1,-1,-1,-1,-1,-1,-1,-1,-1,-1
9394,1,-1,-1,-1,-1,-1,-1,-1,-1,-1,-1,-1,-1,-1,-1,-1,-1,-1,-1,-1,-1,-1,-1,-1,-1,-1,-1,0.446129974098702,-0.596556799356569,-0.579373615492461,0.247275366631749,-0.310816249649537,0.728693929834923,0.760145539802001,-0.619468046883951,-1.94858031590134,-1,-1,-1,-1,-1,-1,-1,-1,-1
18635,1,-1,-1,-1,-1,-1,-1,-1,-1,-1,-1,-1,-1,-1,-1,-1,-1,-1,-1,-1,-1,-1,-1,-1,-1,-1,-0.033310126722474,-0.0333101267224742,-0.033310126722474,-0.0333101267224741,-0.033310126722474,-1,-1,-1,-1,-1,-1,-1,-1,-1,-1,-1,-1,-1,-1
11328,1,-1,-1,-1,-1,-1,-1,-1,-1,-1,-1,-1,-1,-1,-1,-1,-1,-1,-1,-1,-1,-1,-1,-1,-1,-1,-1,-1,-1,-1,-0.171714700819937,-0.0213320917756565,-1,-1,-1,-1,-1,-1,-1,-1,-1,-1,-1,-1,-1
18618,1,-1,-1,-1,-1,-1,-1,-1,-1,-1,-1,-1,-1,-1,-1,-1,-1,-1,-1,-1,-1,-1,-1,-1,-1,-1,-0.156641637787432,-0.156641637787432,-0.156641637787432,-0.156641637787432,-0.156641637787432,-1,-1,-1,-1,-1,-1,-1,-1,-1,-1,-1,-1,-1,-1
17676,1,-1,-1,-1,-1,-1,-1,-1,-1,-1,-1,-1,-1,-1,-1,-1,-1,-1,-1,-1,-1,-1,-1,-1,-1,-1,-1,0.217937515515607,-0.067601413963192,-0.0676014139631924,-0.067601413963192,-0.067601413963192,-0.067601413963192,-0.067601413963192,-0.067601413963192,-0.0676014139631924,-0.067601413963192,-0.067601413963192,-1,-1,-1,-1,-1,-1,-1
17675,1,-1,-1,-1,-1,-1,-1,-1,-1,-1,-1,-1,-1,-1,-1,-1,-1,-1,-1,-1,-1,-1,-1,-1,-1,-1,-1,0.225619099781152,-0.0803513429766998,-0.0803513429766993,-0.0803513429766998,-0.0803513429766998,-0.0803513429766998,-0.0803513429766998,-0.0803513429766993,-0.0803513429766998,-0.0803513429766998,-0.0803513429766998,-1,-1,-1,-1,-1,-1,-1
17672,1,-1,-1,-1,-1,-1,-1,-1,-1,-1,-1,-1,-1,-1,-1,-1,-1,-1,-1,-1,-1,-1,-1,-1,-1,-1,-1,-0.698970004336019,-0.055284196865778,-0.055284196865778,-0.0552841968657782,-0.055284196865778,-0.055284196865778,-0.055284196865778,-0.0552841968657782,-0.055284196865778,-0.055284196865778,-0.0552841968657782,-1,-1,-1,-1,-1,-1,-1
17674,1,-1,-1,-1,-1,-1,-1,-1,-1,-1,-1,-1,-1,-1,-1,-1,-1,-1,-1,-1,-1,-1,-1,-1,-1,-1,-1,0.853871964321762,0.0164352855784438,0.0164352855784438,0.0164352855784435,0.016435285578444,0.0164352855784435,0.0164352855784438,0.0164352855784435,0.0164352855784438,0.0164352855784438,0.0164352855784438,-1,-1,-1,-1,-1,-1,-1
17673,1,-1,-1,-1,-1,-1,-1,-1,-1,-1,-1,-1,-1,-1,-1,-1,-1,-1,-1,-1,-1,-1,-1,-1,-1,-1,-1,-0.60900885128329,0.000464490504576087,0.000464490504576531,0.000464490504576087,0.000464490504576531,0.000464490504576531,0.000464490504576087,0.000464490504576531,0.000464490504576087,0.000464490504576531,0.000464490504576531,-1,-1,-1,-1,-1,-1,-1
11359,1,-1,-1,-1,-1,-1,-1,-1,-1,-1,-1,-1,-1,-1,-1,-1,-1,-1,-1,-1,-1,-1,-1,-1,-1,-1,-1,0.373580662812593,-1,-1,-1,-1,-1,-1,-1,-1,-1,-1,-1,-1,-1,-1,-1,-1,-1
18476,1,-1,-1,-1,-1,-1,-1,-1,-1,-1,-1,-1,-1,-1,-1,-1,-1,-1,-1,-1,-1,-1,-1,-1,-1,-1,-1,-1,-1,-1,-1,-1,0.344309592479502,0.216327737971666,0.216327737971666,-0.457948879082089,-0.180730405785632,0.836831090366498,-1,-1,-1,-1,-1,-1,-1
17533,1,-1,-1,-1,-1,-1,-1,-1,-1,-1,-1,-1,-1,-1,-1,-1,-1,-1,-1,-1,-1,-1,-1,-1,-1,-1,-1,-1,-1,-1,0.0586818075158266,0.0560832758033571,0.0517091611423668,0.0470448954906617,0.0428841547542396,0.0393481239245776,0.0360941387713112,0.0317732120861223,0.0264572494663424,0.0217370334353433,0.0189306785221275,0.0179397259013037,-1,-1,-1
17638,1,-1,-1,-1,-1,-1,-1,-1,-1,-1,-1,-1,-1,-1,-1,-1,-1,-1,-1,-1,-1,-1,-1,-1,-1,-1,-1,-1,-1,-1,-1,-0.0238496104935292,-0.442975387630043,-0.0625750466720427,-1,-1,-1,-1,-1,-1,-1,-1,-1,-1,-1
17671,1,-1,-1,-1,-1,-1,-1,-1,-1,-1,-1,-1,-1,-1,-1,-1,-1,-1,-1,-1,-1,-1,-1,-1,-1,-1,-1,-1,-1,-1,-1,-1,-1,-1,0.232252830055126,-1,-1,-1,-1,-1,-1,-1,-1,-1,-1
17670,1,-1,-1,-1,-1,-1,-1,-1,-1,-1,-1,-1,-1,-1,-1,-1,-1,-1,-1,-1,-1,-1,-1,-1,-1,-1,-1,-1,-1,-1,-1,-1,-1,-1,0.258450115297553,-1,-1,-1,-1,-1,-1,-1,-1,-1,-1
17629,1,-1,-1,-1,-1,-1,-1,-1,-1,-1,-1,-1,-1,-1,-1,-1,-1,-1,-1,-1,-1,-1,-1,-1,-1,-1,-1,-1,-1,-1,-1,-1,-1,-1,-0.370863314078211,-1,-1,-1,-1,-1,-1,-1,-1,-1,-1
17628,1,-1,-1,-1,-1,-1,-1,-1,-1,-1,-1,-1,-1,-1,-1,-1,-1,-1,-1,-1,-1,-1,-1,-1,-1,-1,-1,-1,-1,-1,-1,-1,-1,-1,-0.200251397815015,-1,-1,-1,-1,-1,-1,-1,-1,-1,-1
17661,1,-1,-1,-1,-1,-1,-1,-1,-1,-1,-1,-1,-1,-1,-1,-1,-1,-1,-1,-1,-1,-1,-1,-1,-1,-1,-1,-1,-1,-1,-1,-1,-1,-1,-1,-1,-1.53571596998551,1.11222336516813,1.11222336516813,-1,-1,-1,-1,-1,-1
17669,1,-1,-1,-1,-1,-1,-1,-1,-1,-1,-1,-1,-1,-1,-1,-1,-1,-1,-1,-1,-1,-1,-1,-1,-1,-1,-1,-1,-1,-1,-1,-1,-1,-1,-1,-0.425968732272281,0.141989577424094,0.141989577424094,0.141989577424094,-1,-1,-1,-1,-1,-1
17668,1,-1,-1,-1,-1,-1,-1,-1,-1,-1,-1,-1,-1,-1,-1,-1,-1,-1,-1,-1,-1,-1,-1,-1,-1,-1,-1,-1,-1,-1,-1,-1,-1,-1,-1,-0.477121254719662,-1,-1,-1,-1,-1,-1,-1,-1,-1
17667,1,-1,-1,-1,-1,-1,-1,-1,-1,-1,-1,-1,-1,-1,-1,-1,-1,-1,-1,-1,-1,-1,-1,-1,-1,-1,-1,-1,-1,-1,-1,-1,-1,-1,-1,0.544068044350276,-1,-1,-1,-1,-1,-1,-1,-1,-1
17666,1,-1,-1,-1,-1,-1,-1,-1,-1,-1,-1,-1,-1,-1,-1,-1,-1,-1,-1,-1,-1,-1,-1,-1,-1,-1,-1,-1,-1,-1,-1,-1,-1,-1,-1,-1,-0.301029995663981,-1,-1,-1,-1,-1,-1,-1,-1
17662,1,-1,-1,-1,-1,-1,-1,-1,-1,-1,-1,-1,-1,-1,-1,-1,-1,-1,-1,-1,-1,-1,-1,-1,-1,-1,-1,-1,-1,-1,-1,-1,-1,-1,-1,-1,-1.90075715515947,1.04394139095447,1.04394139095447,-1,-1,-1,-1,-1,-1
17654,1,-1,-1,-1,-1,-1,-1,-1,-1,-1,-1,-1,-1,-1,-1,-1,-1,-1,-1,-1,-1,-1,-1,-1,-1,-1,-1,-1,-1,-1,-1,-1,-1,-1,-1,-1,-1,-1,0.463127904763042,-1,-1,-1,-1,-1,-1
17653,1,-1,-1,-1,-1,-1,-1,-1,-1,-1,-1,-1,-1,-1,-1,-1,-1,-1,-1,-1,-1,-1,-1,-1,-1,-1,-1,-1,-1,-1,-1,-1,-1,-1,-1,-1,-1,-1,0.78837041556533,-1,-1,-1,-1,-1,-1
