Species,1970,1971,1972,1973,1974,1975,1976,1977,1978,1979,1980,1981,1982,1983,1984,1985,1986,1987,1988,1989,1990,1991,1992,1993,1994,1995,1996,1997,1998,1999,2000,2001,2002,2003,2004,2005,2006,2007,2008,2009,2010,2011,2012,2013,2014
Pulchrana_signata,1,0.0109379163752198,0.0109379163752197,0.0109379163752198,0.0109379163752198,0.0109379163752198,0.0109379163752198,0.0109379163752198,0.0109379163752198,0.0109379163752198,0.0109379163752198,0.0109379163752197,0.0109379163752198,0.0109379163752198,0.0109379163752199,NA,NA,NA,NA,NA,NA,NA,NA,NA,NA,NA,NA,NA,NA,NA,NA,NA,NA,NA,NA,NA,NA,NA,NA,NA,NA,NA,NA,NA,NA
Limnonectes_ibanorum,1,-0.00363261504586195,-0.00363261504586188,-0.00363261504586195,-0.00363261504586188,-0.00363261504586195,-0.00363261504586188,-0.00363261504586195,-0.00363261504586195,-0.00363261504586195,-0.00363261504586188,-0.00363261504586195,-0.00363261504586188,-0.00363261504586195,-0.00363261504586188,NA,NA,NA,NA,NA,NA,NA,NA,NA,NA,NA,NA,NA,NA,NA,NA,NA,NA,NA,NA,NA,NA,NA,NA,NA,NA,NA,NA,NA,NA
Odorrana_hosii,1,-0.0419401340081114,-0.0419401340081112,-0.0419401340081113,-0.0419401340081113,-0.0419401340081113,-0.0419401340081113,-0.0419401340081113,-0.0419401340081113,-0.0419401340081114,-0.0419401340081112,-0.0419401340081113,-0.0419401340081113,-0.0419401340081113,-0.0419401340081113,NA,NA,NA,NA,NA,NA,NA,NA,NA,NA,NA,NA,NA,NA,NA,NA,NA,NA,NA,NA,NA,NA,NA,NA,NA,NA,NA,NA,NA,NA
Chalcorana_chalconota,1,0.00782548991399779,0.00782548991399771,0.00782548991399764,0.00782548991399779,0.00782548991399771,0.00782548991399771,0.00782548991399764,0.00782548991399771,0.00782548991399771,0.00782548991399764,0.00782548991399771,0.00782548991399771,0.00782548991399764,0.00782548991399779,NA,NA,NA,NA,NA,NA,NA,NA,NA,NA,NA,NA,NA,NA,NA,NA,NA,NA,NA,NA,NA,NA,NA,NA,NA,NA,NA,NA,NA,NA
Limnonectes_blythii,1,0.0033596068250891,0.00335960682508918,0.00335960682508903,0.00335960682508918,0.00335960682508925,0.0033596068250891,0.0033596068250891,0.00335960682508918,0.0033596068250891,0.00335960682508918,0.0033596068250891,0.00335960682508918,0.00335960682508918,0.0033596068250891,NA,NA,NA,NA,NA,NA,NA,NA,NA,NA,NA,NA,NA,NA,NA,NA,NA,NA,NA,NA,NA,NA,NA,NA,NA,NA,NA,NA,NA,NA
Rentapia_hosii,1,0.0148392688189976,0.0148392688189977,0.0148392688189976,0.0148392688189976,0.0148392688189977,0.0148392688189976,0.0148392688189976,0.0148392688189977,0.0148392688189976,0.0148392688189976,0.0148392688189977,0.0148392688189976,0.0148392688189976,0.0148392688189977,NA,NA,NA,NA,NA,NA,NA,NA,NA,NA,NA,NA,NA,NA,NA,NA,NA,NA,NA,NA,NA,NA,NA,NA,NA,NA,NA,NA,NA,NA
Ingerophrynus_divergens,1,-0.0142402952559861,-0.0142402952559861,-0.0142402952559861,-0.0142402952559861,-0.0142402952559861,-0.0142402952559861,-0.0142402952559861,-0.0142402952559862,-0.0142402952559861,-0.0142402952559861,-0.0142402952559861,-0.0142402952559862,-0.0142402952559861,-0.0142402952559861,NA,NA,NA,NA,NA,NA,NA,NA,NA,NA,NA,NA,NA,NA,NA,NA,NA,NA,NA,NA,NA,NA,NA,NA,NA,NA,NA,NA,NA,NA
Phrynoidis_aspera,1,-0.0304682605725823,-0.0304682605725823,-0.0304682605725823,-0.0304682605725822,-0.0304682605725823,-0.0304682605725823,-0.0304682605725823,-0.0304682605725823,-0.0304682605725823,-0.0304682605725823,-0.0304682605725823,-0.0304682605725822,-0.0304682605725823,-0.0304682605725822,NA,NA,NA,NA,NA,NA,NA,NA,NA,NA,NA,NA,NA,NA,NA,NA,NA,NA,NA,NA,NA,NA,NA,NA,NA,NA,NA,NA,NA,NA
Meristogenys_phaeomerus,1,-0.0398901307792032,-0.0398901307792031,-0.0398901307792032,-0.0398901307792032,-0.0398901307792032,-0.0398901307792031,-0.0398901307792033,-0.0398901307792032,-0.0398901307792033,-0.0398901307792032,-0.0398901307792032,-0.0398901307792032,-0.0398901307792032,-0.0398901307792033,NA,NA,NA,NA,NA,NA,NA,NA,NA,NA,NA,NA,NA,NA,NA,NA,NA,NA,NA,NA,NA,NA,NA,NA,NA,NA,NA,NA,NA,NA
Philoria_frosti,1,NA,NA,NA,NA,NA,NA,NA,NA,NA,NA,NA,NA,NA,-0.0834092735751525,-0.170222053964499,-0.170222053964499,-0.170222053964499,-0.170222053964499,-0.170222053964499,-0.170222053964499,-0.170222053964499,-0.170222053964499,-0.170222053964499,-0.0475873645294654,0.12500428375658,-0.315977546586946,-0.871421727243582,NA,NA,NA,NA,NA,NA,NA,NA,NA,NA,NA,NA,NA,NA,NA,NA,NA
Leiopelma_archeyi,1,NA,NA,NA,NA,NA,NA,NA,NA,NA,NA,NA,NA,NA,0.17400961446174,0.152982541749309,0.114037764384073,0.0641910046630141,0.00755534156933635,-0.0537676384182477,-0.113703635741126,-0.1620961000016,-0.191744724773052,-0.203684021168065,NA,NA,NA,NA,NA,NA,NA,NA,NA,NA,NA,NA,NA,NA,NA,NA,NA,NA,NA,NA,NA
Pseudophryne_pengilleyi,1,NA,NA,NA,NA,NA,NA,NA,NA,NA,NA,NA,NA,NA,NA,NA,NA,-0.290958313281616,-0.119140883357003,-0.118411388947228,-0.0256919334886919,-0.00161108149146993,0.0290463868232471,-0.000964643744326976,-0.0512109629337525,-0.0662838874738553,-0.0837008131788118,-0.0435916707102111,-1,NA,NA,NA,NA,NA,NA,NA,NA,NA,NA,NA,NA,NA,NA,NA,NA
Pseudophryne_corroboree,1,NA,NA,NA,NA,NA,NA,NA,NA,NA,NA,NA,NA,NA,NA,NA,NA,-0.585952230311255,-0.29270820314245,-0.0278475044375527,-0.0278475044376181,-0.0278475044378649,-0.0278475044383618,-0.0952196594515496,-0.285973741115193,0.184021568318409,-0.00660310139782979,-0.112662286237658,0.0930151931855445,NA,NA,NA,NA,NA,NA,NA,NA,NA,NA,NA,NA,NA,NA,NA,NA
Leiopelma_pakeka,1,NA,NA,NA,NA,NA,NA,NA,NA,NA,NA,NA,NA,NA,NA,NA,NA,NA,NA,0.013839072160194,0.0150216898325765,0.0150216898325766,0.0150216898325769,0.0150216898325765,0.0138396614664755,0.0238953526499011,0.0238953526499011,-0.0227731648625666,-0.00678213980702195,-0.0132691682954181,0.0178963921653756,-0.0282820612850358,-0.0346316988728708,-0.019839615367014,-0.019839615367014,-0.019839615367014,-0.0294339272670283,-0.188811166428565,-0.188811166428565,NA,NA,NA,NA,NA,NA
Ranoidea_genimaculata,1,NA,NA,NA,NA,NA,NA,NA,NA,NA,NA,NA,NA,NA,NA,NA,NA,NA,NA,NA,NA,NA,NA,NA,-0.299394298030734,NA,NA,NA,NA,NA,NA,NA,NA,NA,NA,NA,NA,NA,NA,NA,NA,NA,NA,NA,NA
Ranoidea_rheocola,1,NA,NA,NA,NA,NA,NA,NA,NA,NA,NA,NA,NA,NA,NA,NA,NA,NA,NA,NA,NA,NA,NA,NA,-1,NA,NA,NA,NA,NA,NA,NA,NA,NA,NA,NA,NA,NA,NA,NA,NA,NA,NA,NA,NA
Taudactylus_acutirostris,1,NA,NA,NA,NA,NA,NA,NA,NA,NA,NA,NA,NA,NA,NA,NA,NA,NA,NA,NA,NA,NA,NA,NA,-1,NA,NA,NA,NA,NA,NA,NA,NA,NA,NA,NA,NA,NA,NA,NA,NA,NA,NA,NA,NA
Ranoidea_nannotis,1,NA,NA,NA,NA,NA,NA,NA,NA,NA,NA,NA,NA,NA,NA,NA,NA,NA,NA,NA,NA,NA,NA,NA,-1,NA,NA,NA,NA,NA,NA,NA,NA,NA,NA,NA,NA,NA,NA,NA,NA,NA,NA,NA,NA
Odorrana_swinhoana,1,NA,NA,NA,NA,NA,NA,NA,NA,NA,NA,NA,NA,NA,NA,NA,NA,NA,NA,NA,NA,NA,NA,NA,NA,NA,NA,-0.221848749616356,0.318766154745091,-0.409263038769428,-0.879177829586532,NA,NA,NA,NA,NA,NA,NA,NA,NA,NA,NA,NA,NA,NA
Litoria_rothii,1,NA,NA,NA,NA,NA,NA,NA,NA,NA,NA,NA,NA,NA,NA,NA,NA,NA,NA,NA,NA,NA,NA,NA,NA,NA,NA,NA,NA,NA,-0.037487800967285,0.0643165788274272,0.107717088662457,0.135353594535038,0.133783049029171,0.110390510516001,0.0788853600421074,0.0419023328820937,-0.119372244240662,-0.236236584435256,-0.304840484850533,-0.235071554966204,-0.00190166391781643,0.295336824694002,0.491637174153975
Litoria_nasuta,1,NA,NA,NA,NA,NA,NA,NA,NA,NA,NA,NA,NA,NA,NA,NA,NA,NA,NA,NA,NA,NA,NA,NA,NA,NA,NA,NA,NA,NA,0.0410817574957982,0.0660820470895145,0.0955949209431273,0.0919207475400077,0.0287081550156119,-0.0822565453228855,-0.190555094584522,-0.237571432469511,-0.197008314144238,-0.0932816946952868,0.017195672305615,0.0855847596872752,0.0992449977109615,0.0805419509849371,0.0621819718411742
Ranoidea_dahlii,1,NA,NA,NA,NA,NA,NA,NA,NA,NA,NA,NA,NA,NA,NA,NA,NA,NA,NA,NA,NA,NA,NA,NA,NA,NA,NA,NA,NA,NA,-0.482589688475576,-0.35351480142855,-0.0767912481883708,0.259620559355986,0.459508505554425,0.40412437286634,0.200413684981621,0.0469092869025863,-0.036917623339232,-0.220976565115516,-0.548708575135475,-0.734067079838628,-0.438783292714578,0.251021245742683,0.807789436580419
Litoria_bicolor,1,NA,NA,NA,NA,NA,NA,NA,NA,NA,NA,NA,NA,NA,NA,NA,NA,NA,NA,NA,NA,NA,NA,NA,NA,NA,NA,NA,NA,NA,0.183719705172012,0.1687381064309,0.125306879135335,0.0492169583972649,-0.0414851745649631,-0.116728254009871,-0.155135298588776,-0.151435152232593,-0.108078012479145,-0.0309044160557082,0.0622249574268144,0.138198130292153,0.168494024079096,0.156343727598787,0.135514156873092
Leiopelma_hamiltoni,1,NA,NA,NA,NA,NA,NA,NA,NA,NA,NA,NA,NA,NA,NA,NA,NA,NA,NA,NA,NA,NA,NA,NA,NA,NA,NA,NA,NA,NA,0.144137279054761,-0.0991349032270752,0.368953217229573,-0.404564847160751,NA,NA,NA,NA,NA,NA,NA,NA,NA,NA,NA
Ranoidea_aurea,1,NA,NA,NA,NA,NA,NA,NA,NA,NA,NA,NA,NA,NA,NA,NA,NA,NA,NA,NA,NA,NA,NA,NA,NA,NA,NA,NA,NA,NA,-0.52680903890877,0.0555173278498315,0.384688663038069,0.384688663038069,NA,NA,NA,NA,NA,NA,NA,NA,NA,NA,NA
Mixophyes_fleayi,1,NA,NA,NA,NA,NA,NA,NA,NA,NA,NA,NA,NA,NA,NA,NA,NA,NA,NA,NA,NA,NA,NA,NA,NA,NA,NA,NA,NA,NA,NA,NA,0.205665662072464,0.0792307655614035,0.245373816080319,0.211893384512584,-0.041057527904805,0.0877870453990991,0.00466710525932856,NA,NA,NA,NA,NA,NA
Eleutherodactylus_coqui,1,NA,NA,NA,NA,NA,NA,NA,NA,NA,NA,NA,NA,NA,NA,NA,NA,NA,NA,NA,NA,NA,NA,NA,NA,NA,NA,NA,NA,NA,NA,NA,NA,0.198674143164157,NA,-0.126527741058019,-0.046933972577026,NA,NA,NA,NA,NA,NA,NA,NA
Rhinella_marina,1,NA,NA,NA,NA,NA,NA,NA,NA,NA,NA,NA,NA,NA,NA,NA,NA,NA,NA,NA,NA,NA,NA,NA,NA,NA,NA,NA,NA,NA,NA,NA,NA,NA,NA,NA,0.477441140406213,0.38991818278951,0.169537486626452,0.100690629481948,-0.253913438340742,-0.117990002408571,-0.0387554824372368,0.0809369549838196,0.163528483579698
Ranoidea_australis,1,NA,NA,NA,NA,NA,NA,NA,NA,NA,NA,NA,NA,NA,NA,NA,NA,NA,NA,NA,NA,NA,NA,NA,NA,NA,NA,NA,NA,NA,NA,NA,NA,NA,NA,NA,NA,NA,0.671866691552919,-0.0537492813846506,-0.526743823647479,0.4246197294739,0.4246197294739,0.4246197294739,0.4246197294739
Adenomus_kandianus,1,NA,NA,NA,NA,NA,NA,NA,NA,NA,NA,NA,NA,NA,NA,NA,NA,NA,NA,NA,NA,NA,NA,NA,NA,NA,NA,NA,NA,NA,NA,NA,NA,NA,NA,NA,NA,NA,NA,NA,NA,NA,0.839420907122566,-0.977723605288848,0.8372727025023
