ID,min_year,max_year
643,1983,1997
644,1983,1997
645,1986,1998
646,1986,1998
647,1987,1997
648,1986,1997
649,1989,1998
650,1987,1997
651,1987,1997
674,1992,2002
695,1962,1984
696,1962,1984
697,1962,1984
698,1962,1984
699,1962,1984
700,1962,1984
701,1962,1984
702,1962,1984
703,1962,1984
704,1962,1984
705,1962,1984
706,1962,1984
707,1962,1984
708,1962,1984
709,1962,1984
710,1962,1984
711,1962,1984
712,1962,1984
713,1962,1984
714,1962,1984
715,1962,1984
716,1962,1984
717,1962,1984
718,1962,1984
719,1962,1984
720,1962,1984
904,1986,1990
905,1991,1995
906,1986,1991
907,1985,1991
908,1985,1991
909,1991,1995
910,1979,2002
911,1978,1980
912,1978,1980
913,1978,1980
914,1978,1980
915,1979,1995
916,1982,1988
917,1991,1995
918,1979,1994
926,1975,1977
927,1991,1995
928,1982,1986
929,1982,1986
930,1982,1986
931,1974,1991
932,1988,2008
933,1986,1990
934,1986,1990
935,1986,1990
936,1985,1990
937,1979,1994
938,1975,1990
939,1975,1990
940,1975,1990
941,1975,1990
942,1986,1990
943,1976,1993
944,1979,1995
945,1986,1990
946,1986,1990
947,1986,1990
948,1979,1995
949,1986,1990
950,1986,1990
951,1978,1993
952,1986,1990
953,1991,1995
954,1979,1995
955,1975,1990
958,1991,1995
959,1979,1995
960,1979,1995
961,1986,1990
962,1986,1990
963,1979,1995
964,1986,1988
965,1986,1988
966,1991,1995
967,1986,1989
968,1991,1995
969,1991,1994
970,1985,1990
971,1985,1990
972,1979,1995
973,1977,1979
974,1991,1994
975,1991,1995
976,1985,1993
977,1977,1982
978,1977,1982
979,1974,1979
980,1976,1982
981,1975,1982
982,1975,1982
983,1975,1982
984,1975,1982
985,1986,1990
986,1979,1995
987,1991,1996
988,1986,1990
989,1986,1990
990,1979,1995
1078,1991,1993
1145,1982,1988
1146,1990,1999
1147,1980,1990
1148,1983,1989
1149,1981,1986
1150,1981,1986
1151,1981,1986
1152,1981,1986
1153,1982,1986
1154,1981,1984
1155,1982,1988
1156,1982,1988
1157,1982,1993
1158,1975,1997
1159,1975,1995
1160,1973,1997
1161,1975,1997
1162,1970,1997
1163,1970,1995
1164,1980,1987
1165,1979,1988
1166,1979,1988
4303,1992,1994
4304,1992,1994
4305,1992,1994
4327,1997,2000
4343,1968,1969
4344,1969,1970
4387,1995,1998
4388,1995,1998
4389,1995,1998
4390,1995,1999
4391,1995,1999
4392,1996,1998
4393,1996,1998
4454,1999,2006
4455,1999,2006
4456,1999,2006
4457,2000,2006
4458,2000,2006
4459,2000,2006
4460,2002,2005
4461,2002,2005
4462,2002,2005
4463,2002,2005
4464,1998,2005
4465,1998,2005
4466,1998,2005
4467,1997,2006
4468,1997,2006
4469,1997,2006
4470,1999,2005
4471,1999,2005
4472,1999,2005
4522,1995,2001
4523,1995,2002
4524,1995,2002
4526,1995,2002
4527,1995,2002
4528,1988,1994
4529,1995,2002
4530,1995,2002
4531,1995,2002
4563,1976,1977
4565,1971,1972
4575,1990,1991
4823,1999,2003
4824,1984,2005
4825,1984,2005
4827,1984,2005
4829,1984,2005
4830,1984,2005
4831,1984,2005
4832,1984,2005
4833,1984,2005
4834,1984,2005
4884,1965,1984
4885,1965,1982
5508,1971,2001
5509,1971,2001
5510,1971,2001
5512,1971,2001
6071,1970,1971
6072,1970,1971
6167,1977,1981
6180,1979,1981
6181,1987,1989
6182,1987,1989
6183,1987,1989
6184,1987,1989
6185,1987,1995
6186,1988,1991
6187,1986,1990
6190,1986,1990
6202,1986,1990
6210,1986,1990
6215,1989,1991
6219,1986,1990
6222,1986,1990
6235,1986,1990
6239,1986,1990
6248,1986,1990
6249,1986,1990
6252,1993,1994
6253,1993,1994
6254,1993,1994
6297,1974,1976
6298,1974,1976
6299,1974,1976
6300,1974,1976
6301,1974,1976
6302,1974,1976
6305,1986,1990
6314,1986,1990
6324,1970,1980
6329,1976,1990
6330,1985,1993
6331,1985,1993
6332,1993,1995
6342,1986,1990
6343,1986,1990
6344,1986,1990
6345,1978,1984
6356,1993,1994
6362,1986,1990
6383,1999,2004
6386,1999,2004
6472,1997,2000
6474,1975,2001
6475,1975,2001
6476,1975,2001
6477,1995,2004
6478,1987,1990
6479,1971,2001
6480,1992,1998
6481,1983,2002
7352,2000,2005
7662,1984,1994
7663,1984,1994
7664,1984,1994
7672,1984,1994
7806,1985,1995
7807,1985,1995
7808,1975,1995
7809,1985,1995
7810,1985,1995
7982,1996,1998
8471,2000,2007
8615,1957,2002
8622,2004,2006
8623,2004,2006
8624,2004,2006
8625,2004,2007
8626,2004,2007
8670,1994,2000
8673,1993,2000
8675,1993,2000
8680,1998,2001
8750,1998,2008
8752,1985,1987
8789,1985,2005
8791,1992,1998
8813,1989,1995
8814,1992,1995
8815,1989,1995
8816,1991,1995
8840,1988,1995
9078,1986,1995
9079,1986,1995
9080,1986,1995
9081,1986,1995
9082,1986,1995
9083,1986,1995
9084,1986,1992
9091,1985,1993
9092,1983,1993
9093,1983,1993
9094,1983,1993
9095,1999,2002
9096,1999,2002
9097,1999,2001
9098,1999,2002
11497,1979,2000
11890,1989,2012
11891,2004,2008
11892,2003,2008
12012,1997,2007
12013,1999,2010
12119,1995,1996
12247,1995,1996
12279,1995,2002
12285,1995,2006
12287,1995,2004
12288,1995,2005
12289,1995,2006
12291,1995,2004
12293,1995,2005
12294,1995,2006
12296,1995,2004
12297,1995,2005
12298,1995,2006
12299,1995,2004
12300,1995,2005
12309,1995,2006
12310,1995,2004
12311,1995,2006
12312,1995,2004
12314,1995,2005
12317,1995,2006
12318,1995,2004
12320,1995,2005
12375,1998,2000
12381,2003,2004
12383,2003,2004
12384,2003,2004
12386,2003,2004
12388,1998,2002
12403,1997,1999
12405,1997,1999
12409,1997,1999
12410,1997,1999
12411,1997,1999
12412,1997,1999
12414,1998,1999
12415,1998,1999
12417,1998,1999
12418,1998,1999
12684,2002,2003
13253,1995,2006
13254,1995,2006
13278,1998,2001
14954,2001,2008
14955,2001,2007
17997,1994,2007
17998,1994,2007
17999,1994,2007
18000,1994,2007
18001,1994,2007
18048,2009,2011
18049,2009,2011
18894,2000,2014
18895,1997,2014
18896,2001,2014
18897,1997,2014
19384,2011,2014
19508,2007,2008
19528,1980,2013
19529,1980,2013
19554,2007,2008
19555,2007,2008
19676,2009,2010
19703,2005,2014
19708,1999,2014
19709,1999,2014
19711,1999,2014
19713,1999,2014
19714,2007,2014
19716,2007,2014
19805,2006,2007
19917,1975,1977
21226,2000,2004
21227,2004,2005
21228,2004,2006
22024,2002,2003
22905,1977,2014
22906,1977,2012
22920,2011,2014
22983,1993,2001
22984,1993,2001
22985,1993,2001
22986,1993,2001
22987,1993,2001
22988,1993,2001
22989,1993,2001
22990,1993,2001
22991,1993,2001
22992,1993,2001
22993,1993,2001
22994,1993,2001
22995,1993,2001
23066,1992,2000
23067,1996,2000
23068,1992,2000
23069,1999,2000
23070,1997,2000
23071,1997,2000
23072,1995,2000
23073,1993,2000
23074,1998,2000
23174,1994,2013
23268,2007,2013
25498,1993,2012
25575,2012,2018
25576,2012,2018
25577,2012,2018
25578,2012,2018
25579,2012,2014
25580,2012,2014
25581,2012,2014
25582,2012,2014
25583,2012,2018
25584,2012,2018
25587,1993,2017
25605,2003,2008
25608,2003,2008
26466,2003,2008
26470,2003,2008
26471,2003,2008
26472,2003,2008
26475,2003,2008
26477,2003,2008
26479,2003,2008
26480,2003,2008
26481,2003,2008
26482,2003,2008
26483,2003,2008
26484,2003,2008
26485,2003,2008
26495,2003,2008
26496,2003,2008
26497,2003,2008
26498,2003,2008
26500,2003,2008
