population_id,1970,1971,1972,1973,1974,1975,1976,1977,1978,1979,1980,1981,1982,1983,1984,1985,1986,1987,1988,1989,1990,1991,1992,1993,1994,1995,1996,1997,1998,1999,2000,2001,2002,2003,2004,2005,2006,2007,2008,2009,2010,2011,2012,2013,2014,2015,2016,2017
25338,1,-0.0292478489311904,-0.0292478489311903,-0.0292478489311904,-0.0292478489311904,-0.0292478489311904,-0.0292478489311904,-0.0292478489311901,-0.0292478489311905,-0.0292478489311903,-0.0537669234104631,-0.053766923410463,-0.053766923410463,-0.053766923410463,-0.053766923410463,-0.053766923410463,-0.053766923410463,-0.053766923410463,-0.053766923410463,-0.053766923410463,-0.053766923410463,-0.053766923410463,-0.0537669234104629,1.07918124604762,-0.0345646583374188,-0.0345646583374186,-0.0345646583374187,-0.0345646583374187,-0.0345646583374188,-0.0345646583374187,-0.0345646583374187,-0.0345646583374186,-0.0345646583374187,-0.0345646583374187,-0.0345646583374187,-0.397940008672038,0.464709462857146,0.464709462857146,0.45974715865024,-1,-1,-1,-1,-1,-1,-1,-1,-1
25334,1,-1.69897000433602,0.151303092890844,0.151303092890844,0.151303092890844,0.151303092890844,0.151303092890844,0.151303092890844,0.151303092890844,0.151303092890844,0.151303092890844,-0.0988030480801594,-0.0988030480801592,-0.0988030480801594,-0.0988030480801594,-0.0988030480801594,-0.0988030480801592,-0.0988030480801593,-0.0988030480801593,-0.0988030480801594,-0.0988030480801593,-0.0988030480801593,-0.0988030480801593,1.30102999566398,-0.151977318549908,-0.151977318549908,-0.151977318549908,-0.720159303405957,0.8750612633917,0.591064607026499,-0.118795855101249,-0.316463335548304,-0.316463335548304,-0.316463335548304,0.785329835010767,-0.506576234057938,0.0434656937810904,0.0395085412836735,0.793608201447469,-1,-1,-1,-1,-1,-1,-1,-1,-1
25330,1,-1,0.0387254899964358,0.0387254899964359,0.0387254899964358,0.0387254899964358,0.159040418239887,0.159040418239887,0.159040418239887,0.00712021955730524,0.00712021955730502,-0.12963385781668,-0.00843802622554146,-0.00843802622554124,-0.00843802622554146,-0.00843802622554168,-0.00843802622554124,-0.00843802622554146,-0.00843802622554146,-0.00843802622554146,-0.00843802622554146,-0.00843802622554146,-0.00843802622554146,-0.00843802622554146,-0.00843802622554124,-0.00843802622554168,-0.00843802622554124,-0.00843802622554146,-0.00843802622554146,-0.00843802622554146,-0.00843802622554146,-0.00843802622554146,-0.00843802622554124,-0.00843802622554146,-1,-1,-1,-1,-1,-1,-1,-1,-1,-1,-1,-1,-1,-1
25337,1,-1,-1,-1,-1,-1,-1,-1,0.195320384965269,0.195320384965269,-0.0396599620414491,-0.0396599620414493,-0.0396599620414491,-0.0396599620414491,-0.0396599620414491,-0.0396599620414491,-0.0396599620414491,-0.0396599620414491,-0.0396599620414491,-0.0396599620414491,-0.0396599620414491,-0.0396599620414493,-0.0396599620414491,0.0316926785166225,0.0316926785166223,0.0316926785166223,0.0316926785166223,0.0316926785166225,0.0316926785166223,0.0316926785166223,-0.0994850021680094,-0.0994850021680094,-0.0994850021680094,-0.0994850021680094,0.263241434774581,0.544068044350276,-0.123062731609545,-0.401700157545344,-1,-1,-1,-1,-1,-1,-1,-1,-1,-1
25333,1,-1,-1,-1,-1,-1,-1,-1,-1,-1,-0.161886036298904,-0.161886036298905,-0.161886036298905,-0.161886036298905,-0.161886036298905,-0.161886036298904,-0.161886036298905,-0.161886036298904,-0.161886036298905,-0.161886036298904,-0.161886036298904,-0.161886036298904,-0.161886036298905,-0.161886036298904,0,0,0,0,0,0,0,0,0,0,1.83471906751135,-0.135926362415153,-1.6987927050962,0,0,-1,-1,-1,-1,-1,-1,-1,-1,-1
25373,1,-1,-1,-1,-1,-1,-1,-1,-1,-1,-1,-1,-0.0191262400632097,-0.0191262400632097,-0.0191262400632097,-0.0191262400632095,-0.0191262400632097,-0.0191262400632097,-0.0191262400632095,-0.0191262400632097,-0.0191262400632097,-0.0191262400632097,-0.0191262400632095,-0.0191262400632097,-0.0191262400632097,-0.0191262400632095,-0.0191262400632097,-0.0191262400632097,-0.0191262400632095,-0.0191262400632097,-0.0191262400632097,-0.0191262400632097,-0.0191262400632095,-0.0191262400632097,-0.0191262400632097,-0.0191262400632095,-0.0191262400632097,-0.0191262400632097,-0.0191262400632097,-0.0191262400632097,-0.0191262400632095,-0.0191262400632097,-0.0191262400632097,0.0921450216518138,0.0921450216518138,0.0921450216518136,0.0921450216518138,0.0921450216518136
25331,1,-1,-1,-1,-1,-1,-1,-1,-1,-1,-1,-1,-1,-1,-1,0.188965872649603,0.143983242479595,0.0713169109749812,0.0119722464542873,-0.00229235060313249,0.0182863553683288,0.0272368888689978,-0.0126760124567218,-0.0876096697013229,-0.141845568575017,-0.132941894441306,-0.0753072721330472,-0.0263762151761933,-0.0331524551136075,-0.0964811969348423,-0.182588264844162,-0.257025222436262,-0.301759356924212,-0.308988146565424,-0.27430798823484,-0.202659809523598,-0.115305279828044,-0.0425966766287031,-0.00543019204656143,-1,-1,-1,-1,-1,-1,-1,-1,-1
5614,1,-1,-1,-1,-1,-1,-1,-1,-1,-1,-1,-1,-1,-1,-1,-1,-1,-1,-1,-1,-1,-1,-1,-1,-1,-1,-1,0.0139357779432925,-0.126465256569772,-1,-1,-1,-1,-1,-1,-1,-1,-1,-1,-1,-1,-1,-1,-1,-1,-1,-1,-1
5599,1,-1,-1,-1,-1,-1,-1,-1,-1,-1,-1,-1,-1,-1,-1,-1,-1,-1,-1,-1,-1,-1,-1,-1,-1,-1,-1,-1,-0.0778204019485678,-1,-1,-1,-1,-1,-1,-1,-1,-1,-1,-1,-1,-1,-1,-1,-1,-1,-1,-1
5585,1,-1,-1,-1,-1,-1,-1,-1,-1,-1,-1,-1,-1,-1,-1,-1,-1,-1,-1,-1,-1,-1,-1,-1,-1,-1,-1,-1,-0.26993037090049,-1,-1,-1,-1,-1,-1,-1,-1,-1,-1,-1,-1,-1,-1,-1,-1,-1,-1,-1
25336,1,-1,-1,-1,-1,-1,-1,-1,-1,-1,-1,-1,-1,-1,-1,-1,-1,-1,-1,-1,-1,-1,-1,-1,-1,-1,-1,-1,-1,-1,-1,1.10720996964787,-0.96108193396963,-1,-1,-1,-1,-1,-1,-1,-1,-1,-1,-1,-1,-1,-1,-1
25332,1,-1,-1,-1,-1,-1,-1,-1,-1,-1,-1,-1,-1,-1,-1,-1,-1,-1,-1,-1,-1,-1,-1,-1,-1,-1,-1,-1,-1,-1,-1,-1,-1,-1,0.967815316628599,0.0694253141423609,0.0694253141423609,0.0694253141423611,-1.32221929473392,-1,-1,-1,-1,-1,-1,-1,-1,-1
3499,1,0.0050490992263259,0.00504909922632613,0.00504909922632635,0.0050490992263259,0.00504909922632613,0.00452275399373758,0.0045227539937378,0.0045227539937378,0.00452275399373758,0.00452275399373758,0.0045227539937378,0.00452275399373758,0.0045227539937378,0.00452275399373758,0.0045227539937378,0.0040958607678907,0.00409586076789048,0.0040958607678907,0.0040958607678907,0.0040958607678907,0.00409586076789048,0.0040958607678907,0.0040958607678907,0.00409586076789048,0.0040958607678907,0.00530784434834208,0.00530784434834164,0.00530784434834208,0.00530784434834208,0.00530784434834208,0.00530784434834208,0.00530784434834164,0.00530784434834208,0.00530784434834208,0.00530784434834164,-1,-1,-1,-1,-1,-1,-1,-1,-1,-1,-1,-1
680,1,-1,-1,-1,-1,-1,0.00430930738081381,0.00430930738081425,0.00430930738081425,0.00430930738081425,0.00430930738081425,0.00430930738081381,0.00430930738081425,0.00430930738081425,0.00430930738081425,0.00430930738081425,0.00430930738081425,0.00430930738081381,0.00430930738081425,0.00430930738081425,0.00430930738081425,0.00430930738081425,0.00430930738081381,0.00430930738081425,0.00430930738081425,0.00430930738081425,-1,-1,-1,-1,-1,-1,-1,-1,-1,-1,-1,-1,-1,-1,-1,-1,-1,-1,-1,-1,-1,-1
682,1,-1,-1,-1,-1,-1,-1,-1,-1,-1,-1,-1,-1,-1,-1,-1,-1,-1,-1,-1,-1,-0.00251782546160428,-0.00251782546160384,-0.00251782546160428,-0.00251782546160406,-0.00251782546160406,-0.00526578774446973,-0.00526578774446995,-0.00526578774446995,-0.00526578774446973,-0.00526578774446973,-1,-1,-1,-1,-1,-1,-1,-1,-1,-1,-1,-1,-1,-1,-1,-1,-1
681,1,-1,-1,-1,-1,-1,-1,-1,-1,-1,-1,-1,-1,-1,-1,-1,-1,-1,-1,-1,-1,-0.0380211241711605,-0.0380211241711605,-0.0380211241711608,-0.0380211241711603,-0.0380211241711608,-0.0380211241711605,-0.0380211241711605,-0.0380211241711608,-0.0380211241711605,-0.0380211241711605,-1,-1,-1,-1,-1,-1,-1,-1,-1,-1,-1,-1,-1,-1,-1,-1,-1
679,1,-1,-1,-1,-1,-1,-1,-1,-1,-1,-1,-1,-1,-1,-1,-1,-1,-1,-1,-1,-1,-1,0.0167962836947371,0.0167962836947559,0.0167962836947986,0.0167962836948841,0.0167962836949975,0.0167962836950784,0.0167962836950524,0.0167962836948807,0.0167962836945941,0.0167962836942703,0.0167962836939988,0.0167962836938278,0.0167962836937563,-1,-1,-1,-1,-1,-1,-1,-1,-1,-1,-1,-1,-1
678,1,-1,-1,-1,-1,-1,-1,-1,-1,-1,-1,-1,-1,-1,-1,-1,-1,-1,-1,-1,-1,-1,-0.0205135205041163,-0.0205941013164948,-0.0196170503300326,-0.0170472708906495,-0.0119588144824267,-0.00472942602468751,0.00299016791406226,0.00973443854404898,0.0153310792439139,0.020600006272957,0.0260144593357119,0.0307851438680764,0.0334885459478076,-1,-1,-1,-1,-1,-1,-1,-1,-1,-1,-1,-1,-1
4725,1,-1,-1,-1,-1,-1,-1,-1,-1,-1,-1,-1,-1,-1,-1,-1,-1,-1,-1,-1,-1,-1,-1,-1,-1,-1,0.00881332860543083,0.00881332860545747,0.00881332860551121,0.00881332860559159,0.00881332860569906,0.0088133286058496,0.00881332860610851,0.00881332860644024,0.00881332860676043,0.00881332860706463,0.00881332860745321,0.00881332860799056,0.00881332860855366,0.00881332860890671,-1,-1,-1,-1,-1,-1,-1,-1
683,1,0.00698229225390734,0.00698229225390756,0.00698229225390756,0.00698229225390734,0.00698229225390756,0,0,0,0,0,0,0,0,0,0,-0.000432137378264308,-0.000432137378264308,-0.000432137378264308,-0.000432137378264308,-0.000432137378264308,-0.000432137378263864,-0.000432137378264308,-0.000432137378264308,-0.000432137378264308,-0.000432137378264308,0.00170333392987798,0.00170333392987798,0.00170333392987798,0.00170333392987843,0.00170333392987798,0.00170333392987798,0.00170333392987798,0.00170333392987798,0.00170333392987798,0.00170333392987798,-1,-1,-1,-1,-1,-1,-1,-1,-1,-1,-1,-1
4716,1,0.0233459555359183,-0.0001287948740476,-0.0001287948740476,-0.0001287948740476,-0.0001287948740476,-0.0001287948740476,-0.0001287948740476,-0.0001287948740476,-0.0001287948740476,-0.0001287948740476,-0.0001287948740476,-0.0001287948740476,-0.0001287948740476,-0.0001287948740476,-0.0001287948740476,-0.0001287948740476,-0.0001287948740476,-0.0001287948740476,-0.000128794874047156,-0.0001287948740476,-0.0001287948740476,-0.0001287948740476,-0.0001287948740476,-0.0001287948740476,-0.0001287948740476,-0.00762624842677928,-0.00762624842677928,-0.00762624842677928,-0.00762624842677884,-0.00762624842677928,-0.00762624842677928,0.00206316056377354,0.0118510090140651,0.0118510090140651,0.0118510090140651,-0.0853439204613107,-0.0853439204613102,-0.0853439204613102,-1,-1,-1,-1,-1,-1,-1,-1,-1
684,1,-0.0160544636940134,-0.0160544636940134,-0.0160544636940134,-0.0160544636940134,-0.0160544636940134,-0.0160544636940134,-0.0160544636940134,-0.0160544636940134,-0.0160544636940134,-0.0160544636940134,-0.0160544636940134,-0.0160544636940134,-0.0160544636940134,-0.0160544636940134,-0.0160544636940134,-0.0160544636940134,-0.0160544636940134,-0.0160544636940134,-0.0160544636940134,-0.0160544636940134,-0.0160544636940134,-0.0160544636940134,-0.0160544636940134,-0.0160544636940134,-0.016054463694013,-1,-1,-1,-1,-1,-1,-1,-1,-1,-1,-1,-1,-1,-1,-1,-1,-1,-1,-1,-1,-1,-1
4722,1,-1,-1,-1,-1,-1,-1,-1,-1,-1,-1,-1,-1,-1,-1,-1,-1,-1,-1,-1,-1,-1,-1,-1,-1,-0.1640090952606,-0.134504000847973,-0.0826493627406641,-0.0242317187181997,0.0279793433678655,0.0663011907258182,0.0827674482133602,0.0709410372649186,0.0353577371283187,-0.00593227840231147,-0.0335462081327091,-0.0417147960551598,-0.0391275864581675,-0.0362803433162786,-0.0358919149020545,-1,-1,-1,-1,-1,-1,-1,-1
25368,1,-1,-1,-1,-1,0.11094719320512,0.110947193205121,0.11094719320512,0.11094719320512,0.110947193205121,0.110947193205121,0.11094719320512,0.11094719320512,0.110947193205121,0.11094719320512,0.110947193205121,0.11094719320512,0.110947193205121,0.11094719320512,0.11094719320512,-0.0681601792456656,-0.0681601792456661,-0.0681601792456661,-0.0681601792456661,-0.0681601792456661,-0.0681601792456661,-0.0681601792456661,-1,-1,-1,-1,-1,-1,-1,-1,-1,-1,-1,-1,-1,-1,-1,-1,-1,-1,-1,-1,-1
686,1,-1,-1,-1,-1,-1,-0.00519577875150379,-0.00519577875150379,-0.00519577875150379,-0.0051957787515029,-0.00519577875150379,-0.00519577875150379,-0.00519577875150379,-0.00519577875150379,-0.0051957787515029,-0.00519577875150379,-0.00519577875150379,-0.00519577875150379,-0.0051957787515029,-0.00519577875150379,-0.00519577875150379,-0.00519577875150379,-0.00519577875150379,-0.0051957787515029,-0.00519577875150379,-1,-1,-1,-1,-1,-1,-1,-1,-1,-1,-1,-1,-1,-1,-1,-1,-1,-1,-1,-1,-1,-1,-1
5557,1,-1,-1,-1,-1,-1,-1,-1,-1,-1,-1,-1,-1,-1,-1,-1,-1,-1,-1,-1,-1,-1,-1,-1,-1,-1,-1,0.611272212536048,-0.343459943701093,-1,-1,-1,-1,-1,-1,-1,-1,-1,-1,-1,-1,-1,-1,-1,-1,-1,-1,-1
5556,1,-1,-1,-1,-1,-1,-1,-1,-1,-1,-1,-1,-1,-1,-1,-1,-1,-1,-1,-1,-1,-1,-1,-1,-1,-1,-1,0.411998089107691,0.677842424015077,-1,-1,-1,-1,-1,-1,-1,-1,-1,-1,-1,-1,-1,-1,-1,-1,-1,-1,-1
5539,1,-1,-1,-1,-1,-1,-1,-1,-1,-1,-1,-1,-1,-1,-1,-1,-1,-1,-1,-1,-1,-1,-1,-1,-1,-1,-1,-0.31773545898192,-1,-1,-1,-1,-1,-1,-1,-1,-1,-1,-1,-1,-1,-1,-1,-1,-1,-1,-1,-1
5535,1,-1,-1,-1,-1,-1,-1,-1,-1,-1,-1,-1,-1,-1,-1,-1,-1,-1,-1,-1,-1,-1,-1,-1,-1,-1,-1,0.0200872663875913,0.471273944654341,-1,-1,-1,-1,-1,-1,-1,-1,-1,-1,-1,-1,-1,-1,-1,-1,-1,-1,-1
11131,1,-1,-1,-1,-1,-1,-1,-1,-1,-1,-1,-1,-1,-1,-1,-1,-1,-1,-1,-1,-1,-1,-1,-1,-1,-1,-1,-1,-1,-1,0.368595689852285,-0.235149863618864,-0.650347126756007,-0.263731541147289,0.467173176368381,0.632477651278109,0.114271953130335,-0.317243669299246,-0.132730847543633,0.272866334522468,-1,-1,-1,-1,-1,-1,-1,-1
25341,1,-1,-1,-1,-1,-1,-1,-1,-1,-1,-1,-1,-1,-1,0.0716979925962898,0.0716979925962972,0.0716979925962965,0.0716979925962743,0.0716979925962445,0.0716979925962362,0.0716979925962689,0.0716979925963521,0.0716979925965018,0.0716979925967562,0.0716979925971439,0.0716979925976582,0.0716979925982457,0.0716979925988515,0.0716979925994354,0.0716979925999817,0.0716979926004748,0.0716979926008963,0.0716979926012247,0.0716979926014503,0.0716979926015777,0.0716979926016239,0.0716979926016237,0.0716979926016115,-1,-1,-1,-1,-1,-1,-1,-1,-1,-1
25342,1,-1,-1,-1,-1,-1,-1,-1,-1,-1,-1,-1,-1,-1,-1,-1,-1,-1,-1,-1,-1,-1,-1,-1,-1,-1,-1,-0.157635217389296,-0.157635217389296,0.125473345598993,0.125473345598994,0.125473345598994,0.125473345598994,0.125473345598994,0.125473345598994,0.125473345598994,0.125473345598993,0.125473345598994,0.353613473217811,-1,-1,-1,-1,-1,-1,-1,-1,-1
5286,1,-1,-1,-1,-1,-1,-1,-1,-1,-1,-1,-1,-1,-1,-1,-1,-1,-1,-1,-1,-1,-1,-1,-1,-1,-1,-1,0.224513141297768,-1,-1,-1,-1,-1,-1,-1,-1,-1,-1,-1,-1,-1,-1,-1,-1,-1,-1,-1,-1
677,1,-1,-1,-1,-1,-1,-1,-1,-1,-1,-1,-1,-1,-1,-1,-1,0,0,0,0,0,0,0,0,0,0,0,-0.040506341447716,-0.0405063414477151,-0.040506341447716,-0.040506341447716,-0.0405063414477156,-0.0405063414477156,-1,-1,-1,-1,-1,-1,-1,-1,-1,-1,-1,-1,-1,-1,-1
5609,1,-1,-1,-1,-1,-1,-1,-1,-1,-1,-1,-1,-1,-1,-1,-1,-1,-1,-1,-1,-1,-1,-1,-1,-1,-1,-1,-0.177693828993287,-0.177693828993287,-1,-1,-1,-1,-1,-1,-1,-1,-1,-1,-1,-1,-1,-1,-1,-1,-1,-1,-1
10051,1,-1,-1,-1,-1,-1,-1,-1,-1,-1,-1,-1,-1,-1,-1,-1,-1,-1,0.0889410833367812,0.0737862141609187,-0.226396377367077,0.136219747017989,0.283996656365201,-0.0655015487564323,-1,-1,-1,-1,-1,-1,-1,-1,-1,-1,-1,-1,-1,-1,-1,-1,-1,-1,-1,-1,-1,-1,-1,-1
8658,1,-1,-1,-1,-1,-1,-1,-1,-1,-1,-1,-1,-1,-1,-1,-1,-1,-1,-1,-1,-1,-1,-0.0111344166145007,-0.0111344166144083,-0.011134416614311,-0.0111344166142977,-0.0111344166143486,-0.0111344166143599,-0.0111344166142446,-0.0111344166140397,-0.0111344166138838,-1,-1,-1,-1,-1,-1,-1,-1,-1,-1,-1,-1,-1,-1,-1,-1,-1
8657,1,-1,-1,-1,-1,-1,-1,-1,-1,-1,-1,-1,-1,-1,-1,-1,-1,-1,-1,-1,-1,-1,0.00873513629175848,0.0129949082065224,0.0213795458718238,0.0322670120988642,0.0433556824517298,0.0527446066185795,0.0594500711894734,0.0633800799421111,0.0650217738554244,-1,-1,-1,-1,-1,-1,-1,-1,-1,-1,-1,-1,-1,-1,-1,-1,-1
9407,1,-1,-1,-1,-1,-1,-1,-1,-1,-1,-1,-1,-1,-1,-1,-1,-1,-1,-1,-1,-1,-1,-1,-1,0.301029995663981,0.27129480824972,-0.802773725291976,0.537819095073274,-1,-1,-1,-1,-1,-1,-1,-1,-1,-1,-1,-1,-1,-1,-1,-1,-1,-1,-1,-1
5610,1,-1,-1,-1,-1,-1,-1,-1,-1,-1,-1,-1,-1,-1,-1,-1,-1,-1,-1,-1,-1,-1,-1,-1,-1,-1,-1,0.0411897666020056,0.0411897666020051,-1,-1,-1,-1,-1,-1,-1,-1,-1,-1,-1,-1,-1,-1,-1,-1,-1,-1,-1
5587,1,-1,-1,-1,-1,-1,-1,-1,-1,-1,-1,-1,-1,-1,-1,-1,-1,-1,-1,-1,-1,-1,-1,-0.0651445901680581,-0.0651445901680585,-0.0651445901680585,-0.0651445901680581,-0.196240815882384,0.437795939241187,-1,-1,-1,-1,-1,-1,-1,-1,-1,-1,-1,-1,-1,-1,-1,-1,-1,-1,-1
5537,1,-1,-1,-1,-1,-1,-1,-1,-1,-1,-1,-1,-1,-1,-1,-1,-1,-1,-1,-1,-1,-1,-1,-1,-1,-1,-1,0.406128888869248,-1.28193958209645,-1,-1,-1,-1,-1,-1,-1,-1,-1,-1,-1,-1,-1,-1,-1,-1,-1,-1,-1
5516,1,-1,-1,-1,-1,-1,-1,-1,-1,-1,-1,-1,-1,-1,-1,-1,-1,-1,-1,-1,-1,-1,-1,0.00229990303394079,0.00229990303394123,0.00229990303394079,0.00229990303394123,0.13581297725809,-0.164017920979195,-1,-1,-1,-1,-1,-1,-1,-1,-1,-1,-1,-1,-1,-1,-1,-1,-1,-1,-1
5321,1,-1,-1,-1,-1,-1,-1,-1,-1,-1,-1,-1,-1,-1,-1,-1,-1,-1,-1,-1,-1,-1,-1,-1,-1,-1,-0.390386870781592,0.866491041940604,-1,-1,-1,-1,-1,-1,-1,-1,-1,-1,-1,-1,-1,-1,-1,-1,-1,-1,-1,-1
5277,1,-1,-1,-1,-1,-1,-1,-1,-1,-1,-1,-1,-1,-1,-1,-1,-1,-1,-1,-1,-1,-1,-1,-1,-1,-1,-1,0.253505500381786,-1,-1,-1,-1,-1,-1,-1,-1,-1,-1,-1,-1,-1,-1,-1,-1,-1,-1,-1,-1
9353,1,-1,-1,-1,-1,-1,-1,-1,-1,-1,-1,-1,-1,-1,-1,-1,-1,-1,-1,-1,-1,-1,-1,-1,-1,-1,-1,-1,-1,-1,0.371256399058679,-0.252566611727381,-1,-1,-1,-1,-1,-1,-1,-1,-1,-1,-1,-1,-1,-1,-1,-1
5505,1,-1,-1,-1,-1,-1,-1,-1,-1,-1,-1,-1,-1,-1,-1,-1,-1,-1,-1,-1,-1,-1,-1,0.194829402996702,0.194829402996703,0.194829402996703,0.194829402996703,0.290185411428914,0.00622792146188456,-1,-1,-1,-1,-1,-1,-1,-1,-1,-1,-1,-1,-1,-1,-1,-1,-1,-1,-1
9359,1,-1,-1,-1,-1,-1,-1,-1,-1,-1,-1,-1,-1,-1,-1,-1,-1,-1,-1,-1,-1,-1,-1,-1,-1,-1,-1,-1,-1,-1,0.39196395071209,0.159192647377619,-1,-1,-1,-1,-1,-1,-1,-1,-1,-1,-1,-1,-1,-1,-1,-1
5504,1,-1,-1,-1,-1,-1,-1,-1,-1,-1,-1,-1,-1,-1,-1,-1,-1,-1,-1,-1,-1,-1,-1,-0.0519306790736573,-0.0519306790736573,-0.0519306790736573,-0.0519306790736573,-0.011595515951293,0.443239632893822,-1,-1,-1,-1,-1,-1,-1,-1,-1,-1,-1,-1,-1,-1,-1,-1,-1,-1,-1
5347,1,-1,-1,-1,-1,-1,-1,-1,-1,-1,-1,-1,-1,-1,-1,-1,-1,-1,-1,-1,-1,-1,-1,-1,0.00568595251370674,0.00568595251370674,-0.220748298535426,-0.220748298535427,-1,-1,-1,-1,-1,-1,-1,-1,-1,-1,-1,-1,-1,-1,-1,-1,-1,-1,-1,-1
5520,1,-1,-1,-1,-1,-1,-1,-1,-1,-1,-1,-1,-1,-1,-1,-1,-1,-1,-1,-1,-1,-1,-1,-1,-1,-1,-1,0.166135303346553,0.349437336228147,-1,-1,-1,-1,-1,-1,-1,-1,-1,-1,-1,-1,-1,-1,-1,-1,-1,-1,-1
5324,1,-1,-1,-1,-1,-1,-1,-1,-1,-1,-1,-1,-1,-1,-1,-1,-1,-1,-1,-1,-1,-1,-1,0.2467265919782,0.2467265919782,0.2467265919782,0.2467265919782,-0.906366676960588,-0.453882937067954,-1,-1,-1,-1,-1,-1,-1,-1,-1,-1,-1,-1,-1,-1,-1,-1,-1,-1,-1
5278,1,-1,-1,-1,-1,-1,-1,-1,-1,-1,-1,-1,-1,-1,-1,-1,-1,-1,-1,-1,-1,-1,-1,-1,-1,-1,-1,0.240204590474116,-1,-1,-1,-1,-1,-1,-1,-1,-1,-1,-1,-1,-1,-1,-1,-1,-1,-1,-1,-1
12345,1,-1,-1,-1,-1,-1,-1,-1,-1,-1,-1,-1,-1,-1,-1,-1,-1,-1,-1,-1,-1,-1,-1,-1,0.0136241999450175,-0.0560362066376934,0.0240530822918008,-0.20828870809725,0.296313019312206,-1,-1,-1,-1,-1,-1,-1,-1,-1,-1,-1,-1,-1,-1,-1,-1,-1,-1,-1
12472,1,-1,-1,-1,-1,-1,-1,-1,-1,-1,-1,-1,-1,-1,-1,-1,-1,-1,-1,-1,-1,-1,-1,-1,-1,-1,-0.26783561818616,0.456041198382511,-1,-1,-1,-1,-1,-1,-1,-1,-1,-1,-1,-1,-1,-1,-1,-1,-1,-1,-1,-1
12344,1,-1,-1,-1,-1,-1,-1,-1,-1,-1,-1,-1,-1,-1,-1,-1,-1,-1,-1,-1,-1,-1,-1,-1,-1,-0.0787016275760151,-1,-1,0.385350881364017,-1,-1,-1,-1,-1,-1,-1,-1,-1,-1,-1,-1,-1,-1,-1,-1,-1,-1,-1
5284,1,-1,-1,-1,-1,-1,-1,-1,-1,-1,-1,-1,-1,-1,-1,-1,-1,-1,-1,-1,-1,-1,-1,-1,-1,-1,-1,0.375994757310443,-1,-1,-1,-1,-1,-1,-1,-1,-1,-1,-1,-1,-1,-1,-1,-1,-1,-1,-1,-1
9553,1,-1,-1,-1,-1,-1,-1,-1,-1,-1,-1,-1,-1,-1,-1,-1,-1,-1,-1,-1,-1,-1,-1,-1,-0.0669467896306133,0.39503501802863,-0.0364657012558673,-0.446524487127893,-1,-1,-1,-1,-1,-1,-1,-1,-1,-1,-1,-1,-1,-1,-1,-1,-1,-1,-1,-1
9552,1,-1,-1,-1,-1,-1,-1,-1,-1,-1,-1,-1,-1,-1,-1,-1,-1,-1,-1,-1,-1,-1,-1,-1,-0.176091259055681,0.210853365314893,0.0901766303490881,-0.425968732272281,-1,-1,-1,-1,-1,-1,-1,-1,-1,-1,-1,-1,-1,-1,-1,-1,-1,-1,-1,-1
9551,1,-1,-1,-1,-1,-1,-1,-1,-1,-1,-1,-1,-1,-1,-1,-1,-1,-1,-1,-1,-1,-1,-1,-1,0.0901766303490881,0.255272505103306,-0.0901766303490881,0.310212039201976,-1,-1,-1,-1,-1,-1,-1,-1,-1,-1,-1,-1,-1,-1,-1,-1,-1,-1,-1,-1
9547,1,-1,-1,-1,-1,-1,-1,-1,-1,-1,-1,-1,-1,-1,-1,-1,-1,-1,-1,-1,-1,-1,-1,-1,-0.433599670779316,-0.267331034322231,-0.0261201934734836,0.0787984697477819,-1,-1,-1,-1,-1,-1,-1,-1,-1,-1,-1,-1,-1,-1,-1,-1,-1,-1,-1,-1
9411,1,-1,-1,-1,-1,-1,-1,-1,-1,-1,-1,-1,-1,-1,-1,-1,-1,-1,-1,-1,-1,-1,-1,-1,1.83924771777406,0.0709872009671169,0.273346953909584,-2.18358187265076,-1,-1,-1,-1,-1,-1,-1,-1,-1,-1,-1,-1,-1,-1,-1,-1,-1,-1,-1,-1
5519,1,-1,-1,-1,-1,-1,-1,-1,-1,-1,-1,-1,-1,-1,-1,-1,-1,-1,-1,-1,-1,-1,-1,-1,-1,-1,-1,0.14236109208867,-0.194608935373654,-1,-1,-1,-1,-1,-1,-1,-1,-1,-1,-1,-1,-1,-1,-1,-1,-1,-1,-1
9406,1,-1,-1,-1,-1,-1,-1,-1,-1,-1,-1,-1,-1,-1,-1,-1,-1,-1,-1,-1,-1,-1,-1,-1,0.353788044826781,0.0985096261678491,-0.165990932151355,0.0862984506333904,-1,-1,-1,-1,-1,-1,-1,-1,-1,-1,-1,-1,-1,-1,-1,-1,-1,-1,-1,-1
9405,1,-1,-1,-1,-1,-1,-1,-1,-1,-1,-1,-1,-1,-1,-1,-1,-1,-1,-1,-1,-1,-1,-1,-1,-0.301029995663981,0.57978359661681,-0.0483046795745552,0.211507916278138,-1,-1,-1,-1,-1,-1,-1,-1,-1,-1,-1,-1,-1,-1,-1,-1,-1,-1,-1,-1
5293,1,-1,-1,-1,-1,-1,-1,-1,-1,-1,-1,-1,-1,-1,-1,-1,-1,-1,-1,-1,-1,-1,-1,-1,-1,-1,-1,-0.726998727936262,-1,-1,-1,-1,-1,-1,-1,-1,-1,-1,-1,-1,-1,-1,-1,-1,-1,-1,-1,-1
9404,1,-1,-1,-1,-1,-1,-1,-1,-1,-1,-1,-1,-1,-1,-1,-1,-1,-1,-1,-1,-1,-1,-1,-1,0.922177548875547,-0.443724101449003,-0.2194169594495,-0.720434958433874,-1,-1,-1,-1,-1,-1,-1,-1,-1,-1,-1,-1,-1,-1,-1,-1,-1,-1,-1,-1
5285,1,-1,-1,-1,-1,-1,-1,-1,-1,-1,-1,-1,-1,-1,-1,-1,-1,-1,-1,-1,-1,-1,-1,-1,-1,-1,-1,0.545298922307619,-1,-1,-1,-1,-1,-1,-1,-1,-1,-1,-1,-1,-1,-1,-1,-1,-1,-1,-1,-1
9403,1,-1,-1,-1,-1,-1,-1,-1,-1,-1,-1,-1,-1,-1,-1,-1,-1,-1,-1,-1,-1,-1,-1,-1,-0.0324057252793535,0.429570632047901,0.258276289335281,-2.31015516161461,-1,-1,-1,-1,-1,-1,-1,-1,-1,-1,-1,-1,-1,-1,-1,-1,-1,-1,-1,-1
9402,1,-1,-1,-1,-1,-1,-1,-1,-1,-1,-1,-1,-1,-1,-1,-1,-1,-1,-1,-1,-1,-1,-1,-1,-0.17587925295828,-0.00769818351254026,0.565974433090674,-0.209569524558266,-1,-1,-1,-1,-1,-1,-1,-1,-1,-1,-1,-1,-1,-1,-1,-1,-1,-1,-1,-1
5600,1,-1,-1,-1,-1,-1,-1,-1,-1,-1,-1,-1,-1,-1,-1,-1,-1,-1,-1,-1,-1,-1,-1,-1,-1,-1,-1,-1,0.65788741878533,-1,-1,-1,-1,-1,-1,-1,-1,-1,-1,-1,-1,-1,-1,-1,-1,-1,-1,-1
9401,1,-1,-1,-1,-1,-1,-1,-1,-1,-1,-1,-1,-1,-1,-1,-1,-1,-1,-1,-1,-1,-1,-1,-1,-0.157668176228895,0.560216127141286,-0.0458848309755746,0.00673991384501704,-1,-1,-1,-1,-1,-1,-1,-1,-1,-1,-1,-1,-1,-1,-1,-1,-1,-1,-1,-1
5511,1,-1,-1,-1,-1,-1,-1,-1,-1,-1,-1,-1,-1,-1,-1,-1,-1,-1,-1,-1,-1,-1,-1,-1,-1,-1,-1,-1,-0.32463074834906,-1,-1,-1,-1,-1,-1,-1,-1,-1,-1,-1,-1,-1,-1,-1,-1,-1,-1,-1
5491,1,-1,-1,-1,-1,-1,-1,-1,-1,-1,-1,-1,-1,-1,-1,-1,-1,-1,-1,-1,-1,-1,-1,-1,-1,-1,-1,-1,0.221848749616356,-1,-1,-1,-1,-1,-1,-1,-1,-1,-1,-1,-1,-1,-1,-1,-1,-1,-1,-1
5485,1,-1,-1,-1,-1,-1,-1,-1,-1,-1,-1,-1,-1,-1,-1,-1,-1,-1,-1,-1,-1,-1,-1,-1,-1,-1,-1,-1,0.0560414425393621,-1,-1,-1,-1,-1,-1,-1,-1,-1,-1,-1,-1,-1,-1,-1,-1,-1,-1,-1
5383,1,-1,-1,-1,-1,-1,-1,-1,-1,-1,-1,-1,-1,-1,-1,-1,-1,-1,-1,-1,-1,-1,-1,-1,-1,-1,-1,-1,0.191929839741518,-1,-1,-1,-1,-1,-1,-1,-1,-1,-1,-1,-1,-1,-1,-1,-1,-1,-1,-1
5374,1,-1,-1,-1,-1,-1,-1,-1,-1,-1,-1,-1,-1,-1,-1,-1,-1,-1,-1,-1,-1,-1,-1,-1,-1,-1,-1,-1,-0.20599378015028,-1,-1,-1,-1,-1,-1,-1,-1,-1,-1,-1,-1,-1,-1,-1,-1,-1,-1,-1
5346,1,-1,-1,-1,-1,-1,-1,-1,-1,-1,-1,-1,-1,-1,-1,-1,-1,-1,-1,-1,-1,-1,-1,-1,-0.0602535609046124,-0.0602535609046129,0.110703808775043,0.110703808775043,-1,-1,-1,-1,-1,-1,-1,-1,-1,-1,-1,-1,-1,-1,-1,-1,-1,-1,-1,-1
5345,1,-1,-1,-1,-1,-1,-1,-1,-1,-1,-1,-1,-1,-1,-1,-1,-1,-1,-1,-1,-1,-1,-1,-1,0.0562888226317311,0.0562888226317311,-0.341511550703696,-0.341511550703696,-1,-1,-1,-1,-1,-1,-1,-1,-1,-1,-1,-1,-1,-1,-1,-1,-1,-1,-1,-1
5533,1,-1,-1,-1,-1,-1,-1,-1,-1,-1,-1,-1,-1,-1,-1,-1,-1,-1,-1,-1,-1,-1,-1,-1,-1,-1,-1,0.494866976042958,-0.772545286220574,-1,-1,-1,-1,-1,-1,-1,-1,-1,-1,-1,-1,-1,-1,-1,-1,-1,-1,-1
5522,1,-1,-1,-1,-1,-1,-1,-1,-1,-1,-1,-1,-1,-1,-1,-1,-1,-1,-1,-1,-1,-1,-1,-1,-1,-1,-1,0.0187467026645747,-0.156734156209422,-1,-1,-1,-1,-1,-1,-1,-1,-1,-1,-1,-1,-1,-1,-1,-1,-1,-1,-1
9360,1,-1,-1,-1,-1,-1,-1,-1,-1,-1,-1,-1,-1,-1,-1,-1,-1,-1,-1,-1,-1,-1,-1,-1,-1,-1,-1,-1,-1,-1,2.00973051684073,-0.0108865076518958,-1,-1,-1,-1,-1,-1,-1,-1,-1,-1,-1,-1,-1,-1,-1,-1
5344,1,-1,-1,-1,-1,-1,-1,-1,-1,-1,-1,-1,-1,-1,-1,-1,-1,-1,-1,-1,-1,-1,-1,-1,0.120713879776111,0.120713879776111,-0.524931906920167,-0.524931906920167,-1,-1,-1,-1,-1,-1,-1,-1,-1,-1,-1,-1,-1,-1,-1,-1,-1,-1,-1,-1
5343,1,-1,-1,-1,-1,-1,-1,-1,-1,-1,-1,-1,-1,-1,-1,-1,-1,-1,-1,-1,-1,-1,-1,-1,-0.0756338376653245,-0.0756338376653245,-0.453783644673344,-0.453783644673344,-1,-1,-1,-1,-1,-1,-1,-1,-1,-1,-1,-1,-1,-1,-1,-1,-1,-1,-1,-1
5342,1,-1,-1,-1,-1,-1,-1,-1,-1,-1,-1,-1,-1,-1,-1,-1,-1,-1,-1,-1,-1,-1,-1,-1,0.0316934894321963,0.0316934894321963,-0.511703317364713,-0.511703317364713,-1,-1,-1,-1,-1,-1,-1,-1,-1,-1,-1,-1,-1,-1,-1,-1,-1,-1,-1,-1
676,1,-1,-1,-1,-1,-1,-1,-1,-1,-1,-1,-1,-1,-1,-1,-1,-1,-1,-1,-1,-1,-1,-1,-1,-0.0155121661782478,-0.0243593458594447,-0.0485503907448452,0,0.186853088911127,0.029355393352537,-1,-1,-1,-1,-1,-1,-1,-1,-1,-1,-1,-1,-1,-1,-1,-1,-1,-1
4727,1,-1,-1,-1,-1,-1,-1,-1,-1,-1,-1,-1,-1,-1,-1,-1,-1,-1,-1,-1,-1,-1,-1,-1,-1,-0.0852939845638021,-0.117020068721743,-0.119928379633091,-0.0314614893024674,0.138480689190781,0.305972552265016,0.383111109180277,0.344883274413545,0.234139930659512,0.115497292354998,0.0304647813303625,-0.0136416950932783,-0.0294480790848834,-0.032672303400187,-0.0330371388486301,-1,-1,-1,-1,-1,-1,-1,-1
675,1,-1,-1,-1,-1,-1,-1,-1,-1,-1,-1,-1,-1,-1,-1,-1,-1,-1,-1,-1,-1,-1,-1,-1,-1,-0.0200339053127103,0.0542480058438124,-0.0432060259216938,-0.0166700649305445,-1,-1,-1,-1,-1,-1,-1,-1,-1,-1,-1,-1,-1,-1,-1,-1,-1,-1,-1
5314,1,-1,-1,-1,-1,-1,-1,-1,-1,-1,-1,-1,-1,-1,-1,-1,-1,-1,-1,-1,-1,-1,-1,-1,-1,-1,-1,0.585215434680232,-1,-1,-1,-1,-1,-1,-1,-1,-1,-1,-1,-1,-1,-1,-1,-1,-1,-1,-1,-1
12475,1,-1,-1,-1,-1,-1,-1,-1,-1,-1,-1,-1,-1,-1,-1,-1,-1,-1,-1,-1,-1,-1,-1,-1,-1,-1,0.182721837954694,0.330017275974763,-1,-1,-1,-1,-1,-1,-1,-1,-1,-1,-1,-1,-1,-1,-1,-1,-1,-1,-1,-1
5325,1,-1,-1,-1,-1,-1,-1,-1,-1,-1,-1,-1,-1,-1,-1,-1,-1,-1,-1,-1,-1,-1,-1,-1,-1,-1,-2.00432137378264,0,-1,-1,-1,-1,-1,-1,-1,-1,-1,-1,-1,-1,-1,-1,-1,-1,-1,-1,-1,-1
9357,1,-1,-1,-1,-1,-1,-1,-1,-1,-1,-1,-1,-1,-1,-1,-1,-1,-1,-1,-1,-1,-1,-1,-1,-1,-1,-1,-1,-1,-1,1.77687203154447,0.375955697484906,-1,-1,-1,-1,-1,-1,-1,-1,-1,-1,-1,-1,-1,-1,-1,-1
5323,1,-1,-1,-1,-1,-1,-1,-1,-1,-1,-1,-1,-1,-1,-1,-1,-1,-1,-1,-1,-1,-1,-1,-1,-1,-1,-0.285724211632685,-1.83837380261113,-1,-1,-1,-1,-1,-1,-1,-1,-1,-1,-1,-1,-1,-1,-1,-1,-1,-1,-1,-1
9317,1,-1,-1,-1,-1,-1,-1,-1,-1,-1,-1,-1,-1,-1,-1,-1,-1,-1,-1,-1,-1,-1,-1,-1,-1,-1,-1,-1,-1,-1,1.94386533802788,-0.441966197955607,-1,-1,-1,-1,-1,-1,-1,-1,-1,-1,-1,-1,-1,-1,-1,-1
5322,1,-1,-1,-1,-1,-1,-1,-1,-1,-1,-1,-1,-1,-1,-1,-1,-1,-1,-1,-1,-1,-1,-1,-1,-1,-1,-0.183644396946127,0.418766336987957,-1,-1,-1,-1,-1,-1,-1,-1,-1,-1,-1,-1,-1,-1,-1,-1,-1,-1,-1,-1
5507,1,-1,-1,-1,-1,-1,-1,-1,-1,-1,-1,-1,-1,-1,-1,-1,-1,-1,-1,-1,-1,-1,-1,-1,-1,-1,-1,0.314217090834707,-0.190134649517779,-1,-1,-1,-1,-1,-1,-1,-1,-1,-1,-1,-1,-1,-1,-1,-1,-1,-1,-1
5276,1,-1,-1,-1,-1,-1,-1,-1,-1,-1,-1,-1,-1,-1,-1,-1,-1,-1,-1,-1,-1,-1,-1,-1,-1,-1,-1,0.450613890777861,-1,-1,-1,-1,-1,-1,-1,-1,-1,-1,-1,-1,-1,-1,-1,-1,-1,-1,-1,-1
5528,1,-1,-1,-1,-1,-1,-1,-1,-1,-1,-1,-1,-1,-1,-1,-1,-1,-1,-1,-1,-1,-1,-1,-1,-1,-1,-1,-1,0.0441519638452572,-1,-1,-1,-1,-1,-1,-1,-1,-1,-1,-1,-1,-1,-1,-1,-1,-1,-1,-1
9354,1,-1,-1,-1,-1,-1,-1,-1,-1,-1,-1,-1,-1,-1,-1,-1,-1,-1,-1,-1,-1,-1,-1,-1,-1,-1,-1,-1,-1,-1,0.785091226790377,0.175999451744928,-1,-1,-1,-1,-1,-1,-1,-1,-1,-1,-1,-1,-1,-1,-1,-1
6446,1,-1,-1,-1,-1,-1,-1,-1,-1,-1,-1,-1,-1,-1,-1,-1,-1,-1,-1,-1,-1,-1,-1,-1,-1,-1,-1,0.1249387366083,-1,-1,-1,-1,-1,-1,-1,-1,-1,-1,-1,-1,-1,-1,-1,-1,-1,-1,-1,-1
5562,1,-1,-1,-1,-1,-1,-1,-1,-1,-1,-1,-1,-1,-1,-1,-1,-1,-1,-1,-1,-1,-1,-1,-1,-1,-1,-1,0.150644136843202,-1,-1,-1,-1,-1,-1,-1,-1,-1,-1,-1,-1,-1,-1,-1,-1,-1,-1,-1,-1
5613,1,-1,-1,-1,-1,-1,-1,-1,-1,-1,-1,-1,-1,-1,-1,-1,-1,-1,-1,-1,-1,-1,-1,-1,-1,-1,-1,-0.0236946657982098,0.5503998189316,-1,-1,-1,-1,-1,-1,-1,-1,-1,-1,-1,-1,-1,-1,-1,-1,-1,-1,-1
5612,1,-1,-1,-1,-1,-1,-1,-1,-1,-1,-1,-1,-1,-1,-1,-1,-1,-1,-1,-1,-1,-1,-1,-1,-1,-1,-1,0.102690317578835,0.102690317578834,-1,-1,-1,-1,-1,-1,-1,-1,-1,-1,-1,-1,-1,-1,-1,-1,-1,-1,-1
5586,1,-1,-1,-1,-1,-1,-1,-1,-1,-1,-1,-1,-1,-1,-1,-1,-1,-1,-1,-1,-1,-1,-1,-1,-1,-1,-1,-0.566739090895629,0.795863350782569,-1,-1,-1,-1,-1,-1,-1,-1,-1,-1,-1,-1,-1,-1,-1,-1,-1,-1,-1
5538,1,-1,-1,-1,-1,-1,-1,-1,-1,-1,-1,-1,-1,-1,-1,-1,-1,-1,-1,-1,-1,-1,-1,-1,-1,-1,-1,-1.65530550328119,0.99973016806718,-1,-1,-1,-1,-1,-1,-1,-1,-1,-1,-1,-1,-1,-1,-1,-1,-1,-1,-1
5536,1,-1,-1,-1,-1,-1,-1,-1,-1,-1,-1,-1,-1,-1,-1,-1,-1,-1,-1,-1,-1,-1,-1,-1,-1,-1,-1,1.31705866088768,-0.508308734399519,-1,-1,-1,-1,-1,-1,-1,-1,-1,-1,-1,-1,-1,-1,-1,-1,-1,-1,-1
5534,1,-1,-1,-1,-1,-1,-1,-1,-1,-1,-1,-1,-1,-1,-1,-1,-1,-1,-1,-1,-1,-1,-1,-1,-1,-1,-1,0.0944261210236217,-0.354594314371771,-1,-1,-1,-1,-1,-1,-1,-1,-1,-1,-1,-1,-1,-1,-1,-1,-1,-1,-1
5501,1,-1,-1,-1,-1,-1,-1,-1,-1,-1,-1,-1,-1,-1,-1,-1,-1,-1,-1,-1,-1,-1,-1,-1,-1,-1,-1,-0.512529472402638,-1,-1,-1,-1,-1,-1,-1,-1,-1,-1,-1,-1,-1,-1,-1,-1,-1,-1,-1,-1
5578,1,-1,-1,-1,-1,-1,-1,-1,-1,-1,-1,-1,-1,-1,-1,-1,-1,-1,-1,-1,-1,-1,-1,-1,-1,-1,-1,-1.16541033026133,1.39021637382903,-1,-1,-1,-1,-1,-1,-1,-1,-1,-1,-1,-1,-1,-1,-1,-1,-1,-1,-1
5540,1,-1,-1,-1,-1,-1,-1,-1,-1,-1,-1,-1,-1,-1,-1,-1,-1,-1,-1,-1,-1,-1,-1,-1,-1,-1,-1,0.247643547645296,-0.0254708185421486,-1,-1,-1,-1,-1,-1,-1,-1,-1,-1,-1,-1,-1,-1,-1,-1,-1,-1,-1
5577,1,-1,-1,-1,-1,-1,-1,-1,-1,-1,-1,-1,-1,-1,-1,-1,-1,-1,-1,-1,-1,-1,-1,-1,-1,-1,-1,-0.162182532374156,0.203419444761018,-1,-1,-1,-1,-1,-1,-1,-1,-1,-1,-1,-1,-1,-1,-1,-1,-1,-1,-1
5559,1,-1,-1,-1,-1,-1,-1,-1,-1,-1,-1,-1,-1,-1,-1,-1,-1,-1,-1,-1,-1,-1,-1,-1,-1,-1,-1,0.150109696387197,-1,-1,-1,-1,-1,-1,-1,-1,-1,-1,-1,-1,-1,-1,-1,-1,-1,-1,-1,-1
5497,1,-1,-1,-1,-1,-1,-1,-1,-1,-1,-1,-1,-1,-1,-1,-1,-1,-1,-1,-1,-1,-1,-1,-1,-1,-1,-1,0.72916478969277,-1,-1,-1,-1,-1,-1,-1,-1,-1,-1,-1,-1,-1,-1,-1,-1,-1,-1,-1,-1
5495,1,-1,-1,-1,-1,-1,-1,-1,-1,-1,-1,-1,-1,-1,-1,-1,-1,-1,-1,-1,-1,-1,-1,-1,-1,-1,-1,0.202440771841747,-1,-1,-1,-1,-1,-1,-1,-1,-1,-1,-1,-1,-1,-1,-1,-1,-1,-1,-1,-1
5271,1,-1,-1,-1,-1,-1,-1,-1,-1,-1,-1,-1,-1,-1,-1,-1,-1,-1,-1,-1,-1,-1,-1,-1,-1,-1,-1,0.31930274791041,-1,-1,-1,-1,-1,-1,-1,-1,-1,-1,-1,-1,-1,-1,-1,-1,-1,-1,-1,-1
5514,1,-1,-1,-1,-1,-1,-1,-1,-1,-1,-1,-1,-1,-1,-1,-1,-1,-1,-1,-1,-1,-1,-1,-1,-1,-1,-1,-1,-0.234288555926978,-1,-1,-1,-1,-1,-1,-1,-1,-1,-1,-1,-1,-1,-1,-1,-1,-1,-1,-1
5496,1,-1,-1,-1,-1,-1,-1,-1,-1,-1,-1,-1,-1,-1,-1,-1,-1,-1,-1,-1,-1,-1,-1,-1,-1,-1,-1,0.3771512779975,-1,-1,-1,-1,-1,-1,-1,-1,-1,-1,-1,-1,-1,-1,-1,-1,-1,-1,-1,-1
5313,1,-1,-1,-1,-1,-1,-1,-1,-1,-1,-1,-1,-1,-1,-1,-1,-1,-1,-1,-1,-1,-1,-1,-1,-1,-1,-1,0.585344554491471,-1,-1,-1,-1,-1,-1,-1,-1,-1,-1,-1,-1,-1,-1,-1,-1,-1,-1,-1,-1
5274,1,-1,-1,-1,-1,-1,-1,-1,-1,-1,-1,-1,-1,-1,-1,-1,-1,-1,-1,-1,-1,-1,-1,-1,-1,-1,-1,0.320838389017534,-1,-1,-1,-1,-1,-1,-1,-1,-1,-1,-1,-1,-1,-1,-1,-1,-1,-1,-1,-1
5487,1,-1,-1,-1,-1,-1,-1,-1,-1,-1,-1,-1,-1,-1,-1,-1,-1,-1,-1,-1,-1,-1,-1,-1,-1,-1,-1,-1,0.286552172295358,-1,-1,-1,-1,-1,-1,-1,-1,-1,-1,-1,-1,-1,-1,-1,-1,-1,-1,-1
5372,1,-1,-1,-1,-1,-1,-1,-1,-1,-1,-1,-1,-1,-1,-1,-1,-1,-1,-1,-1,-1,-1,-1,-1,-1,-1,-1,-1,-0.0507351322356255,-1,-1,-1,-1,-1,-1,-1,-1,-1,-1,-1,-1,-1,-1,-1,-1,-1,-1,-1
5312,1,-1,-1,-1,-1,-1,-1,-1,-1,-1,-1,-1,-1,-1,-1,-1,-1,-1,-1,-1,-1,-1,-1,-1,-1,-1,-1,0.461656247963046,-1,-1,-1,-1,-1,-1,-1,-1,-1,-1,-1,-1,-1,-1,-1,-1,-1,-1,-1,-1
5290,1,-1,-1,-1,-1,-1,-1,-1,-1,-1,-1,-1,-1,-1,-1,-1,-1,-1,-1,-1,-1,-1,-1,-1,-1,-1,-1,-0.389451898446519,-1,-1,-1,-1,-1,-1,-1,-1,-1,-1,-1,-1,-1,-1,-1,-1,-1,-1,-1,-1
5289,1,-1,-1,-1,-1,-1,-1,-1,-1,-1,-1,-1,-1,-1,-1,-1,-1,-1,-1,-1,-1,-1,-1,-1,-1,-1,-1,-0.820274456289225,-1,-1,-1,-1,-1,-1,-1,-1,-1,-1,-1,-1,-1,-1,-1,-1,-1,-1,-1,-1
5288,1,-1,-1,-1,-1,-1,-1,-1,-1,-1,-1,-1,-1,-1,-1,-1,-1,-1,-1,-1,-1,-1,-1,-1,-1,-1,-1,-0.292200324680075,-1,-1,-1,-1,-1,-1,-1,-1,-1,-1,-1,-1,-1,-1,-1,-1,-1,-1,-1,-1
5287,1,-1,-1,-1,-1,-1,-1,-1,-1,-1,-1,-1,-1,-1,-1,-1,-1,-1,-1,-1,-1,-1,-1,-1,-1,-1,-1,0.56194276811998,-1,-1,-1,-1,-1,-1,-1,-1,-1,-1,-1,-1,-1,-1,-1,-1,-1,-1,-1,-1
5283,1,-1,-1,-1,-1,-1,-1,-1,-1,-1,-1,-1,-1,-1,-1,-1,-1,-1,-1,-1,-1,-1,-1,-1,-1,-1,-1,0.985276743179294,-1,-1,-1,-1,-1,-1,-1,-1,-1,-1,-1,-1,-1,-1,-1,-1,-1,-1,-1,-1
5280,1,-1,-1,-1,-1,-1,-1,-1,-1,-1,-1,-1,-1,-1,-1,-1,-1,-1,-1,-1,-1,-1,-1,-1,-1,-1,-1,0.339782584655997,-1,-1,-1,-1,-1,-1,-1,-1,-1,-1,-1,-1,-1,-1,-1,-1,-1,-1,-1,-1
5502,1,-1,-1,-1,-1,-1,-1,-1,-1,-1,-1,-1,-1,-1,-1,-1,-1,-1,-1,-1,-1,-1,-1,-1,-1,-1,-1,-1,-0.147942182265835,-1,-1,-1,-1,-1,-1,-1,-1,-1,-1,-1,-1,-1,-1,-1,-1,-1,-1,-1
5279,1,-1,-1,-1,-1,-1,-1,-1,-1,-1,-1,-1,-1,-1,-1,-1,-1,-1,-1,-1,-1,-1,-1,-1,-1,-1,-1,0.652010480121453,-1,-1,-1,-1,-1,-1,-1,-1,-1,-1,-1,-1,-1,-1,-1,-1,-1,-1,-1,-1
5275,1,-1,-1,-1,-1,-1,-1,-1,-1,-1,-1,-1,-1,-1,-1,-1,-1,-1,-1,-1,-1,-1,-1,-1,-1,-1,-1,0.59690291398179,-1,-1,-1,-1,-1,-1,-1,-1,-1,-1,-1,-1,-1,-1,-1,-1,-1,-1,-1,-1
5272,1,-1,-1,-1,-1,-1,-1,-1,-1,-1,-1,-1,-1,-1,-1,-1,-1,-1,-1,-1,-1,-1,-1,-1,-1,-1,-1,0.638658440627172,-1,-1,-1,-1,-1,-1,-1,-1,-1,-1,-1,-1,-1,-1,-1,-1,-1,-1,-1,-1
5605,1,-1,-1,-1,-1,-1,-1,-1,-1,-1,-1,-1,-1,-1,-1,-1,-1,-1,-1,-1,-1,-1,-1,-1,-1,-1,-1,-1,-0.0757207139381184,-1,-1,-1,-1,-1,-1,-1,-1,-1,-1,-1,-1,-1,-1,-1,-1,-1,-1,-1
5601,1,-1,-1,-1,-1,-1,-1,-1,-1,-1,-1,-1,-1,-1,-1,-1,-1,-1,-1,-1,-1,-1,-1,-1,-1,-1,-1,-1,-0.428493707302785,-1,-1,-1,-1,-1,-1,-1,-1,-1,-1,-1,-1,-1,-1,-1,-1,-1,-1,-1
5592,1,-1,-1,-1,-1,-1,-1,-1,-1,-1,-1,-1,-1,-1,-1,-1,-1,-1,-1,-1,-1,-1,-1,-1,-1,-1,-1,-1,0.0783131242448016,-1,-1,-1,-1,-1,-1,-1,-1,-1,-1,-1,-1,-1,-1,-1,-1,-1,-1,-1
5591,1,-1,-1,-1,-1,-1,-1,-1,-1,-1,-1,-1,-1,-1,-1,-1,-1,-1,-1,-1,-1,-1,-1,-1,-1,-1,-1,-1,0.272814438556058,-1,-1,-1,-1,-1,-1,-1,-1,-1,-1,-1,-1,-1,-1,-1,-1,-1,-1,-1
5517,1,-1,-1,-1,-1,-1,-1,-1,-1,-1,-1,-1,-1,-1,-1,-1,-1,-1,-1,-1,-1,-1,-1,-1,-1,-1,-1,-1,-0.296066576132431,-1,-1,-1,-1,-1,-1,-1,-1,-1,-1,-1,-1,-1,-1,-1,-1,-1,-1,-1
5515,1,-1,-1,-1,-1,-1,-1,-1,-1,-1,-1,-1,-1,-1,-1,-1,-1,-1,-1,-1,-1,-1,-1,-1,-1,-1,-1,-1,-0.0998368920233128,-1,-1,-1,-1,-1,-1,-1,-1,-1,-1,-1,-1,-1,-1,-1,-1,-1,-1,-1
685,1,-1,-1,-1,-1,-1,-1,-1,-1,-1,-1,-1,-1,-1,-1,-1,-1,-1,-1,-1,-1,-1,-1,-1,-1,-1,-1,-1,-1,-1,-0.0399279468999509,0.143824080768673,-1,-1,-1,-1,-1,-1,-1,-1,-1,-1,-1,-1,-1,-1,-1,-1
5506,1,-1,-1,-1,-1,-1,-1,-1,-1,-1,-1,-1,-1,-1,-1,-1,-1,-1,-1,-1,-1,-1,-1,-1,-1,-1,-1,-1,0.00485250279441218,-1,-1,-1,-1,-1,-1,-1,-1,-1,-1,-1,-1,-1,-1,-1,-1,-1,-1,-1
5490,1,-1,-1,-1,-1,-1,-1,-1,-1,-1,-1,-1,-1,-1,-1,-1,-1,-1,-1,-1,-1,-1,-1,-1,-1,-1,-1,-1,0.325249973340628,-1,-1,-1,-1,-1,-1,-1,-1,-1,-1,-1,-1,-1,-1,-1,-1,-1,-1,-1
11133,1,-1,-1,-1,-1,-1,-1,-1,-1,-1,-1,-1,-1,-1,-1,-1,-1,-1,-1,-1,-1,-1,-1,-1,-1,-1,-1,-1,-1,-1,0.710632479304081,-0.525373956997864,-0.525373956997863,-0.525373956997863,1.04158065074519,-0.564229671353732,1.09877089160213,-0.5345412202484,0.389961798658821,0.337025183811337,-1,-1,-1,-1,-1,-1,-1,-1
9361,1,-1,-1,-1,-1,-1,-1,-1,-1,-1,-1,-1,-1,-1,-1,-1,-1,-1,-1,-1,-1,-1,-1,-1,-1,-1,-1,-1,-1,-1,0.222516381541693,0.0407250532328884,-1,-1,-1,-1,-1,-1,-1,-1,-1,-1,-1,-1,-1,-1,-1,-1
