"LPI_final" "CI_low" "CI_high"
"1970" 1 1 1
"1971" 0.943832373377451 0.943832373377451 0.943832373377451
"1972" 0.918620773385158 0.918620773385158 0.918620773385158
"1973" 0.884269316428695 0.884269316428695 0.884269316428695
"1974" 0.882641371184254 0.882641371184254 0.882641371184254
"1975" 0.881016422997011 0.881016422997011 0.881016422997011
"1976" 0.845438924761408 0.845438924761408 0.845438924761408
"1977" 0.811298128893281 0.811298128893281 0.811298128893281
"1978" 0.778536017999751 0.778536017999751 0.778536017999751
"1979" 0.7470969175656 0.7470969175656 0.7470969175656
"1980" 0.7169274013424 0.7169274013424 0.7169274013424
"1981" 0.699216249739763 0.699216249739763 0.699216249739763
"1982" 0.681942638800943 0.681942638800943 0.681942638800943
"1983" 0.665095759413309 0.665095759413309 0.665095759413309
"1984" 0.648665069495217 0.648665069495217 0.648665069495217
"1985" 0.637848018640535 0.637848018640535 0.637848018640535
"1986" 0.600440316787754 0.600440316787754 0.600440316787754
"1987" 0.570069208804825 0.570069208804825 0.570069208804825
"1988" 0.541294568905107 0.541294568905107 0.541294568905107
"1989" 0.483194093585148 0.483194093585148 0.483194093585148
"1990" 0.61462165319502 0.61462165319502 0.61462165319502
"1991" 0.607806973843944 0.607806973843944 0.607806973843944
"1992" 0.601335830988895 0.601335830988895 0.601335830988895
"1993" 0.595474657933224 0.594616784002167 0.596333769548284
"1994" 0.58508583278577 0.580536699680569 0.589670613270405
"1995" 0.552291550510753 0.528522054357603 0.57713004452826
"1996" 0.658259243374591 0.50457343572332 0.858167880247034
"1997" 0.625075894099647 0.478230746336409 0.819488752613908
"1998" 0.593657966014371 0.44847172545962 0.790242066731053
"1999" 0.555510901701396 0.423734065370377 0.737491385323668
"2000" 0.537972160225259 0.399837673938339 0.714955178012646
"2001" 0.446976253366092 0.302483649354092 0.715034912177218
"2002" 0.371419802268302 0.21412984228961 0.731920876930109
"2003" 0.350538961846834 0.202091682129551 0.690773035756907
"2004" 0.325453075594715 0.187629241424839 0.641338719783209
"2005" 0.294615906108833 0.169851087975982 0.580570909358699
"2006" 0.218546956106161 0.125996042639863 0.430669228691469
"2007" 0.226732888871327 0.130715372307516 0.446800450159416
"2008" 0.239381813110832 0.138007692576918 0.471726454817923
"2009" 0.252748494503078 0.145713812070217 0.498066873682264
"2010" 0.357021416002106 0.20582892736376 0.703547377622929
"2011" 0.316218968459008 0.18230562137933 0.623141963037452
"2012" 0.312818764497083 0.180345345880628 0.616441511821995
"2013" -99 NA NA
"2014" -99 NA NA
"2015" -99 NA NA
"2016" -99 NA NA
"2017" -99 NA NA
"2018" -99 NA NA
"2019" -99 NA NA
