population_id,1970,1971,1972,1973,1974,1975,1976,1977,1978,1979,1980,1981,1982,1983,1984,1985,1986,1987,1988,1989,1990,1991,1992,1993,1994,1995,1996,1997,1998,1999,2000,2001,2002,2003,2004,2005,2006,2007,2008,2009,2010,2011,2012
19785,1,-1,0.00158791577963191,-0.00799828281797987,0.0235045790865653,0.0235045790865649,0.0235045790865653,0.0235045790865653,0.0235045790865653,0.0235045790865653,0.0235045790865653,0.0235045790865649,0.0235045790865653,0.0235045790865653,0.0235045790865653,0.0235045790865653,-0.0102392439852639,0.000861696531367251,0.000861696531366807,-0.080042087720761,0.241261790660491,0.0162829610755142,0.0162829610755142,0.0235679981973673,-0.0484887286584947,-0.0349234273133421,-0.0349234273133421,-0.0349234273133421,-0.0349234273133421,-0.0349234273133425,-0.0349234273133421,-0.0349234273133421,-0.0349234273133421,-0.0349234273133421,-0.0349234273133421,-0.0349234273133421,-0.0349234273133425,-0.0349234273133421,-0.0349234273133421,-0.0349234273133421,0.15000569074144,-0.052706350516003,-0.00469512120837967
694,1,-1,-1,-1,-1,-1,-0.00695242125184237,-0.00695242125184237,-0.00695242125184237,-0.00695242125184237,-0.00695242125184237,-0.0115983893955374,-0.0115983893955374,-0.0115983893955374,-0.0115983893955374,-0.0115983893955374,-1,-1,-1,-1,-1,-1,-1,-1,-1,-1,-1,-1,-1,-1,-1,-1,-1,-1,-1,-1,-1,-1,-1,-1,-1,-1,-1
690,1,-1,-1,-1,-1,-1,-0.0630540869557183,-0.0630540869557181,-0.0630540869557183,-0.0630540869557183,-0.0630540869557183,-0.0269397147794912,-0.0269397147794912,-0.0269397147794912,-0.0269397147794914,-0.0269397147794912,-1,-1,-1,-1,-1,-1,-1,-1,-1,-1,-1,-1,-1,-1,-1,-1,-1,-1,-1,-1,-1,-1,-1,-1,-1,-1,-1
10038,1,-1,-1,-1,-1,-1,-1,-1,-1,-1,-1,-0.0141796791806599,-0.0141796791806597,-0.0141796791806599,-0.0141796791806597,-0.0141796791806599,-0.0141796791806599,-0.0141796791806597,-0.0141796791806599,-0.0141796791806599,-0.0141796791806597,-0.0141796791806599,-0.0141796791806599,-0.0141796791806597,-0.0141796791806599,-0.0141796791806597,-0.0141796791806599,-0.0141796791806597,-0.0141796791806599,-0.0141796791806599,-0.0141796791806597,-0.0141796791806599,-0.0141796791806599,-0.0141796791806597,-0.0141796791806599,-0.0141796791806599,-0.0141796791806597,-0.0141796791806599,-1,-1,-1,-1,-1
691,1,-1,-1,-1,-1,-1,-1,-1,-1,-1,-1,-1,-1,-1,-1,-1,-1,-1,-1,-1,0.243680971796905,-0.0174030854781242,-0.0174030854781242,-0.0174030854781242,-0.00822705720545769,-0.00822705720545747,0.296274110107321,-0.0242362597587633,-0.0242362597587635,-0.0242362597587633,-1,-1,-1,-1,-1,-1,-1,-1,-1,-1,-1,-1,-1
6414,1,-1,-1,-1,-1,-1,-1,-1,-1,-1,-1,-1,-1,-1,-1,-1,-1,-1,-1,-1,-1,0.0105412701032006,0.0105412701032006,0.0105412701032006,0.0105412701032006,0.0105412701032007,0.552841968657781,-0.206596252762798,-0.206596252762798,-0.206596252762798,-1,-1,-1,-1,-1,-1,-1,-1,-1,-1,-1,-1,-1
6413,1,-1,-1,-1,-1,-1,-1,-1,-1,-1,-1,-1,-1,-1,-1,-1,-1,-1,-1,-1,-1,-0.000609538616401062,-0.000609538616401062,-0.000609538616401062,-0.000609538616401062,-0.000609538616401117,0.294869686959163,0.0123806026681889,0.0123806026681889,0.012380602668189,-1,-1,-1,-1,-1,-1,-1,-1,-1,-1,-1,-1,-1
6412,1,-1,-1,-1,-1,-1,-1,-1,-1,-1,-1,-1,-1,-1,-1,-1,-1,-1,-1,-1,-1,0.00109949438224358,0.00109949438224358,0.00109949438224347,0.00109949438224363,0.00109949438224349,0.0213193468271317,0.0444364620151798,0.0444364620151798,0.0444364620151799,-1,-1,-1,-1,-1,-1,-1,-1,-1,-1,-1,-1,-1
6410,1,-1,-1,-1,-1,-1,-1,-1,-1,-1,-1,-1,-1,-1,-1,-1,-1,-1,-1,-1,-1,-0.0156709610599685,-0.0156709610599685,-0.0156709610599686,-0.0156709610599685,-0.0156709610599686,0.324337234632918,-0.0646882100225273,-0.0646882100225274,-0.0646882100225273,-1,-1,-1,-1,-1,-1,-1,-1,-1,-1,-1,-1,-1
693,1,-1,-1,-1,-1,-1,-1,-1,-1,-1,-1,-1,-1,-1,-1,-1,-1,-1,-1,-1,-1,0.0278036429053108,0.0278036429053108,0.0278036429053108,0.0278036429053108,0.0278036429053108,-1,-1,-1,-1,-1,-1,-1,-1,-1,-1,-1,-1,-1,-1,-1,-1,-1
17761,1,-1,-1,-1,-1,-1,-1,-1,-1,-1,-1,-1,-1,-1,-1,-1,-1,-1,-1,-1,-1,-1,-1,-1,-1,-1,-1,0.0304020094400601,0.0304020094400603,0.0304020094400601,0.0304020094400601,0.0304020094400603,0.0304020094400601,0.0304020094400601,-1,-1,-1,-1,-1,-1,-1,-1,-1
9923,1,-1,-1,-1,-1,-1,-1,-1,-1,-1,-1,-1,-1,-1,-1,-1,-1,-1,-1,-1,-1,-1,-1,-1,-1,-1,-1,-1,-1,0.115448439296877,0.115448439296877,0.15928981759019,0.15928981759019,-0.0704992568310936,-0.0704992568310931,-0.336495580975082,-0.336495580975082,-1,-1,-1,-1,-1,-1
11211,1,-1,-1,-1,-1,-1,-1,-1,-1,-1,-1,-1,-1,-1,-1,-1,-1,-1,-1,-1,-1,-1,-1,-1,-1,-1,-1,-1,-1,-1,-1,-1,-1,-1,-0.00548589797803078,0.205153880865985,-0.227817865501929,-1,-1,-1,-1,-1,-1
17760,1,-1,-1,-1,-1,-1,-1,-1,-1,-1,-1,-1,-1,-1,-1,-1,-1,-1,-1,-1,-1,-1,-1,-1,-1,-1,-1,-1,-1,-1,-1,-1,-1,-1,-1,-1,-1,0.00454796022218185,0.00454796022218229,0.00454796022218185,-1,-1,-1
17759,1,-1,-1,-1,-1,-1,-1,-1,-1,-1,-1,-1,-1,-1,-1,-1,-1,-1,-1,-1,-1,-1,-1,-1,-1,-1,-1,-1,-1,-1,-1,-1,-1,-1,-1,-1,-1,0.159040418239887,0.159040418239888,0.159040418239887,-1,-1,-1
