Species,1970,1971,1972,1973,1974,1975,1976,1977,1978,1979,1980,1981,1982,1983,1984,1985,1986,1987,1988,1989,1990,1991,1992,1993,1994,1995,1996,1997,1998,1999,2000,2001,2002,2003,2004,2005,2006,2007,2008,2009,2010,2011,2012,2013,2014,2015,2016,2017,2018
Desmognathus_fuscus,1,-0.055144111302054,-0.0238312545054948,-0.0238312545054946,-0.0238312545054947,-0.0238312545054947,-0.0238312545054946,-0.0238312545054947,-0.0238312545054947,-0.0238312545054946,-0.0238312545054947,-0.0238312545054946,-0.0238312545054947,-0.0238312545054946,-0.0238312545054947,-0.0238312545054946,-0.0238312545054948,-0.0238312545054946,-0.0238312545054947,-0.0238312545054946,-0.0238312545054947,-0.0238312545054947,-0.0238312545054947,-0.0238312545054947,-0.0238312545054945,-0.0238312545054948,-0.0238312545054947,-0.0238312545054947,-0.0238312545054947,-0.0238312545054947,-0.0238312545054946,-0.0238312545054947,-0.0238312545054947,NA,0.173000182078539,NA,NA,NA,NA,NA,NA,NA,NA,NA,NA,NA,NA,NA,NA
Pulchrana_signata,1,0.0109379163752198,0.0109379163752197,0.0109379163752198,0.0109379163752198,0.0109379163752198,0.0109379163752198,0.0109379163752198,0.0109379163752198,0.0109379163752198,0.0109379163752198,0.0109379163752197,0.0109379163752198,0.0109379163752198,0.0109379163752199,NA,NA,NA,NA,NA,NA,NA,NA,NA,NA,NA,NA,NA,NA,NA,NA,NA,NA,NA,NA,NA,NA,NA,NA,NA,NA,NA,NA,NA,NA,NA,NA,NA,NA
Limnonectes_ibanorum,1,-0.00363261504586195,-0.00363261504586188,-0.00363261504586195,-0.00363261504586188,-0.00363261504586195,-0.00363261504586188,-0.00363261504586195,-0.00363261504586195,-0.00363261504586195,-0.00363261504586188,-0.00363261504586195,-0.00363261504586188,-0.00363261504586195,-0.00363261504586188,NA,NA,NA,NA,NA,NA,NA,NA,NA,NA,NA,NA,NA,NA,NA,NA,NA,NA,NA,NA,NA,NA,NA,NA,NA,NA,NA,NA,NA,NA,NA,NA,NA,NA
Odorrana_hosii,1,-0.0419401340081114,-0.0419401340081112,-0.0419401340081113,-0.0419401340081113,-0.0419401340081113,-0.0419401340081113,-0.0419401340081113,-0.0419401340081113,-0.0419401340081114,-0.0419401340081112,-0.0419401340081113,-0.0419401340081113,-0.0419401340081113,-0.0419401340081113,NA,NA,NA,NA,NA,NA,NA,NA,NA,NA,NA,NA,NA,NA,NA,NA,NA,NA,NA,NA,NA,NA,NA,NA,NA,NA,NA,NA,NA,NA,NA,NA,NA,NA
Chalcorana_chalconota,1,0.00782548991399779,0.00782548991399771,0.00782548991399764,0.00782548991399779,0.00782548991399771,0.00782548991399771,0.00782548991399764,0.00782548991399771,0.00782548991399771,0.00782548991399764,0.00782548991399771,0.00782548991399771,0.00782548991399764,0.00782548991399779,NA,NA,NA,NA,NA,NA,NA,NA,NA,NA,NA,NA,NA,NA,NA,NA,NA,NA,NA,NA,NA,NA,NA,NA,NA,NA,NA,NA,NA,NA,NA,NA,NA,NA
Limnonectes_blythii,1,0.0033596068250891,0.00335960682508918,0.00335960682508903,0.00335960682508918,0.00335960682508925,0.0033596068250891,0.0033596068250891,0.00335960682508918,0.0033596068250891,0.00335960682508918,0.0033596068250891,0.00335960682508918,0.00335960682508918,0.0033596068250891,NA,NA,NA,NA,NA,NA,NA,NA,NA,NA,NA,NA,NA,NA,NA,NA,NA,NA,NA,NA,NA,NA,NA,NA,NA,NA,NA,NA,NA,NA,NA,NA,NA,NA
Rentapia_hosii,1,0.0148392688189976,0.0148392688189977,0.0148392688189976,0.0148392688189976,0.0148392688189977,0.0148392688189976,0.0148392688189976,0.0148392688189977,0.0148392688189976,0.0148392688189976,0.0148392688189977,0.0148392688189976,0.0148392688189976,0.0148392688189977,NA,NA,NA,NA,NA,NA,NA,NA,NA,NA,NA,NA,NA,NA,NA,NA,NA,NA,NA,NA,NA,NA,NA,NA,NA,NA,NA,NA,NA,NA,NA,NA,NA,NA
Ingerophrynus_divergens,1,-0.0142402952559861,-0.0142402952559861,-0.0142402952559861,-0.0142402952559861,-0.0142402952559861,-0.0142402952559861,-0.0142402952559861,-0.0142402952559862,-0.0142402952559861,-0.0142402952559861,-0.0142402952559861,-0.0142402952559862,-0.0142402952559861,-0.0142402952559861,NA,NA,NA,NA,NA,NA,NA,NA,NA,NA,NA,NA,NA,NA,NA,NA,NA,NA,NA,NA,NA,NA,NA,NA,NA,NA,NA,NA,NA,NA,NA,NA,NA,NA
Phrynoidis_aspera,1,-0.0304682605725823,-0.0304682605725823,-0.0304682605725823,-0.0304682605725822,-0.0304682605725823,-0.0304682605725823,-0.0304682605725823,-0.0304682605725823,-0.0304682605725823,-0.0304682605725823,-0.0304682605725823,-0.0304682605725822,-0.0304682605725823,-0.0304682605725822,NA,NA,NA,NA,NA,NA,NA,NA,NA,NA,NA,NA,NA,NA,NA,NA,NA,NA,NA,NA,NA,NA,NA,NA,NA,NA,NA,NA,NA,NA,NA,NA,NA,NA
Meristogenys_phaeomerus,1,-0.0398901307792032,-0.0398901307792031,-0.0398901307792032,-0.0398901307792032,-0.0398901307792032,-0.0398901307792031,-0.0398901307792033,-0.0398901307792032,-0.0398901307792033,-0.0398901307792032,-0.0398901307792032,-0.0398901307792032,-0.0398901307792032,-0.0398901307792033,NA,NA,NA,NA,NA,NA,NA,NA,NA,NA,NA,NA,NA,NA,NA,NA,NA,NA,NA,NA,NA,NA,NA,NA,NA,NA,NA,NA,NA,NA,NA,NA,NA,NA
Salamandra_salamandra,1,-0.0220189654614473,-0.0318294077857808,-0.0528045076956546,-0.0474107497975407,-0.0168179176989466,0.00740135597358049,0.00745642447848571,-0.00623978253184987,-0.0200558984249543,-0.0356426804453836,-0.0582739811008293,-0.082054036596817,-0.0887842423990037,-0.0967303705273868,NA,NA,NA,NA,NA,NA,NA,NA,NA,NA,NA,NA,NA,0.0121435042061177,-0.026604003149407,-0.0770437395528468,-0.101415320913745,-0.087486828384398,-0.0486511338784003,0.00382875802306348,0.0685707017510009,0.130193725434003,0.14486872828759,0.00756882601237363,-0.279782156358676,-0.554151960276913,-0.638190289596064,-0.479587496097434,-0.204890122167173,-0.0132133413210408,NA,NA,NA,NA
Rana_aurora,1,NA,NA,NA,NA,NA,NA,NA,NA,NA,NA,NA,NA,NA,NA,NA,NA,NA,NA,NA,NA,NA,NA,NA,NA,NA,NA,NA,1,-1,NA,NA,NA,NA,NA,NA,NA,NA,NA,NA,NA,NA,NA,NA,NA,NA,NA,NA,NA
Plethodon_cinereus,1,-0.00342000923875174,-0.00342000923862962,-0.00342000923854568,-0.00342000923807073,-0.00342000923597796,-0.00342000923149821,-0.00342000922565,-0.0034200092207064,-0.00342000921813845,-0.00342000921748187,NA,NA,NA,NA,NA,NA,NA,NA,NA,NA,NA,NA,NA,NA,NA,-0.101813038189679,-0.101813038189679,-0.101813038189679,0.203887123150955,0.0849916052659859,0.202546491269011,-0.0128861225948654,NA,NA,NA,NA,NA,NA,NA,NA,NA,NA,NA,NA,NA,NA,NA,NA
Eurycea_bislineata,1,-0.223748345786079,NA,NA,NA,NA,NA,NA,NA,NA,NA,NA,NA,NA,NA,NA,NA,NA,NA,NA,NA,NA,NA,NA,NA,NA,NA,NA,NA,NA,NA,NA,NA,NA,-0.222443266453761,NA,NA,NA,NA,NA,NA,NA,NA,NA,NA,NA,NA,NA,NA
Rana_temporaria,1,-0.0309962880273427,-0.0214711433643771,-0.00572760409838624,0.00815229172711189,0.013901694638223,0.0143406207618889,0.0133366948803214,0.0124250267545229,0.0121911225460104,-0.00766472904871464,-0.0236219667217338,0.0160218481933299,-0.0253568994931624,-0.0262828900490327,-0.0203188957426934,0.0298328917535064,0.0464823674116588,0.0598042996454005,0.0426841766229999,-0.00549981579888474,-0.0853729773820933,-0.0700899007636679,-0.0496387668811505,-0.0501725230385216,-0.0644694166661205,-0.0671197852424014,-0.0656149946012278,NA,NA,0.0441977435911155,-0.109699473303507,0.0135367066720314,-0.046445348916853,-0.132587967275891,NA,NA,NA,NA,NA,NA,NA,NA,NA,NA,NA,NA,NA,NA
Atelopus_planispina,1,NA,-0.0668107124594214,-0.0668107124594215,-0.0668107124594215,-0.0668107124594213,-0.0668107124594215,-0.0668107124594213,-0.0668107124594215,-0.0668107124594215,-0.0668107124594213,-0.0668107124594215,-0.0668107124594213,-0.0668107124594215,-0.0668107124594215,-0.0668107124594215,-0.0668107124594213,-0.0668107124594215,-0.0668107124594215,-0.0668107124594215,-0.0668107124594211,-0.0668107124594215,-0.0668107124594215,-0.0668107124594215,-0.0668107124594215,-0.0668107124594215,-0.0668107124594215,-0.0668107124594211,-0.0668107124594215,-0.0668107124594215,-0.0668107124594215,-0.0668107124594215,NA,NA,NA,NA,NA,NA,NA,NA,NA,NA,NA,NA,NA,NA,NA,NA,NA
Pelodytes_punctatus,1,NA,-0.00487093452260789,-0.00487093452260789,-0.00487093452260789,-0.00487093452260812,-0.00487093452260789,-0.00487093452260789,-0.00487093452260789,-0.00487093452260812,-0.00487093452260789,-0.00487093452260789,-0.00487093452260789,-0.00487093452260789,-0.00487093452260812,-0.00487093452260789,-0.00487093452260789,-0.00487093452260789,-0.00487093452260789,-0.00487093452260789,-0.00487093452260812,-0.00487093452260789,-0.00487093452260789,-0.00487093452260789,-0.168650425989423,-0.168650425989423,-0.168650425989423,-0.168650425989423,-0.168650425989423,-0.168650425989423,-0.168650425989423,-0.168650425989423,NA,NA,NA,NA,NA,NA,NA,NA,NA,NA,NA,NA,NA,NA,NA,NA,NA
Pelobates_cultripes,1,NA,-0.00487093452260789,-0.00487093452260801,-0.00487093452260789,-0.00487093452260789,-0.00487093452260801,-0.00487093452260789,-0.00487093452260789,-0.00487093452260789,-0.00487093452260801,-0.00487093452260801,-0.00487093452260789,-0.00487093452260789,-0.00487093452260801,-0.00487093452260789,-0.00487093452260789,-0.00487093452260789,-0.00487093452260801,-0.00487093452260789,-0.00487093452260789,-0.00487093452260801,-0.00487093452260789,-0.00487093452260789,-0.00487093452260801,-0.00487093452260789,-0.00487093452260801,-0.00487093452260789,-0.00487093452260801,-0.00487093452260789,-0.00487093452260789,-0.00487093452260789,NA,NA,NA,NA,NA,NA,NA,NA,NA,NA,NA,NA,NA,NA,NA,NA,NA
Triturus_marmoratus,1,NA,0.0118849107837937,0.0118849107837937,0.0118849107837937,0.0118849107837937,0.0118849107837937,0.0118849107837937,0.0118849107837939,0.0118849107837937,0.0118849107837937,0.0118849107837937,0.0118849107837937,0.0118849107837937,0.0118849107837937,0.0118849107837937,0.0118849107837939,0.0118849107837937,0.0118849107837937,0.0118849107837937,0.0118849107837937,0.0118849107837937,0.0118849107837937,0.0118849107837937,-0.163065144220622,-0.163065144220622,-0.163065144220622,-0.163065144220622,-0.163065144220622,-0.163065144220622,-0.163065144220622,-0.163065144220622,NA,NA,NA,NA,NA,NA,NA,NA,NA,NA,NA,NA,NA,NA,NA,NA,NA
Lissotriton_helveticus,1,NA,-0.000526475572774521,-0.000526475572774299,-0.000526475572774521,-0.000526475572774299,-0.000526475572774299,-0.000526475572774521,-0.000526475572774299,-0.000526475572774521,-0.000526475572774299,-0.000526475572774521,-0.000526475572774299,-0.000526475572774521,-0.000526475572774299,-0.000526475572774299,-0.000526475572774521,-0.000526475572774299,-0.000526475572774521,-0.000526475572774299,-0.000526475572774299,-0.000526475572774521,-0.000526475572774299,-0.000526475572774521,-0.000526475572774299,-0.000526475572774521,-0.000526475572774299,-0.000526475572774521,-0.000526475572774299,-0.000526475572774521,-0.000526475572774299,-0.000526475572774299,NA,NA,NA,NA,NA,NA,NA,NA,NA,NA,NA,NA,NA,NA,NA,NA,NA
Pseudacris_maculata,1,NA,0.765376962347215,NA,NA,NA,NA,NA,NA,NA,NA,NA,NA,NA,NA,-0.00876989986896759,-0.00729716318674428,-0.154867978950598,0.180897577344195,0.00694875013164903,0.00854645488304007,0.00598883335176809,-0.348925252474491,0.148917671946834,0.448915016140411,-0.236600611871434,0.00899941024679735,0.00943584602974394,-0.0377647694982227,0.164125287400449,0.159514052413476,-0.0909823730946698,0.128815790767312,-0.0393959716945735,-0.0763889801732584,-0.0728526494371408,-0.125727185811052,0.0224977240910731,NA,NA,NA,NA,NA,NA,NA,NA,NA,NA,NA
Notophthalmus_viridescens,1,NA,NA,NA,NA,0.100945666878897,0.01162267289116,NA,NA,NA,0.239406534412288,0.223033424411232,0.193167716411446,0.157744891725869,0.122652352125383,0.0869715619775193,0.045630783504838,-0.00352111791995169,-0.0548047631185713,-0.0968913304819794,-0.120772513886909,-0.126659988577168,-0.0443620424820974,-0.166092347047509,-0.0363034523170252,-0.118163995620778,-0.655379045344397,NA,NA,NA,NA,NA,NA,NA,NA,NA,NA,NA,NA,NA,NA,NA,NA,NA,NA,NA,NA,NA,NA
Lithobates_sylvaticus,1,NA,NA,NA,NA,-0.766711877573482,0.0681595119069686,-0.249928087574061,-0.217992020322432,0.281187197748395,-0.110876925167688,-0.166652399812397,0.0189248217639726,NA,NA,-0.00770175647106938,-0.00460912185047403,-0.00605511187341103,-0.00608139720403321,-0.00305893753146209,0.00271233188043177,0.00885010909563734,0.0127740470666593,0.0133841663815626,0.0107129819830486,0.00492839970119188,0.261169219677387,-0.232828900582929,-0.142102466580211,0.279706831121141,-0.15720804041534,0.0778983813955839,0.125620946610995,0.0107628975471317,-0.0371356213075064,-0.231950018600732,-0.0263337967527982,NA,NA,NA,NA,NA,NA,NA,NA,NA,NA,NA,NA
Anaxyrus_canorus,1,NA,NA,NA,NA,0.0234982813381115,0.0234982813381119,-0.248641926204293,0.1627272974977,-0.463757293161681,-0.0318345399346884,-0.0318345399346887,0.0636690798693771,-0.19553392880482,-0.19553392880482,-0.19553392880482,-0.19553392880482,-0.19553392880482,-0.19553392880482,-0.19553392880482,-0.19553392880482,-0.477121254719662,NA,NA,NA,NA,NA,NA,NA,NA,NA,NA,NA,NA,NA,NA,NA,NA,NA,NA,NA,NA,NA,NA,NA,NA,NA,NA,NA
Ambystoma_jeffersonianum,1,NA,NA,NA,NA,NA,-0.0850672245706079,-0.199572354905204,NA,NA,NA,NA,NA,NA,NA,NA,NA,NA,NA,NA,NA,NA,NA,NA,NA,NA,NA,NA,NA,NA,NA,NA,NA,NA,NA,NA,NA,NA,NA,NA,NA,NA,NA,NA,NA,NA,NA,NA,NA
Cryptobranchus_alleganiensis,1,NA,NA,NA,NA,NA,-0.0795319275520658,-0.0795319275520656,-0.0795319275520658,-0.0795319275520658,-0.0795319275520656,-0.0795319275520658,-0.0795319275520656,-0.0795319275520658,-0.0795319275520657,-0.0795319275520657,-0.0567333455445082,-0.0567333455445082,-0.0567333455445082,-0.0567333455445081,-0.0567333455445081,-0.0567333455445082,-0.0567333455445082,-0.0567333455445083,-0.0567333455445081,-0.0567333455445081,NA,NA,NA,NA,NA,NA,NA,NA,NA,NA,NA,NA,NA,NA,NA,NA,NA,NA,NA,NA,NA,NA,NA
Atelopus_mindoensis,1,NA,NA,NA,NA,NA,-0.0770892836070247,-0.0770892836070247,-0.0770892836070248,-0.0770892836070246,-0.0770892836070247,-0.0770892836070247,-0.0770892836070247,-0.0770892836070248,-0.0770892836070246,-0.0770892836070248,-0.0770892836070247,-0.0770892836070248,-0.0770892836070247,-0.0770892836070246,-0.0770892836070247,-0.0770892836070248,-0.0770892836070247,-0.0770892836070246,-0.0770892836070246,-0.077089283607025,-0.0770892836070247,-0.0770892836070245,-0.0770892836070247,-0.0770892836070249,-0.0770892836070245,-0.0770892836070247,NA,NA,NA,NA,NA,NA,NA,NA,NA,NA,NA,NA,NA,NA,NA,NA,NA
Atelopus_longirostris,1,NA,NA,NA,NA,NA,-0.0770892836070248,-0.0770892836070246,-0.0770892836070248,-0.0770892836070246,-0.0770892836070247,-0.0770892836070248,-0.0770892836070247,-0.0770892836070247,-0.0770892836070245,-0.0770892836070249,-0.0770892836070245,-0.0770892836070249,-0.0770892836070247,-0.0770892836070245,-0.0770892836070247,-0.0770892836070249,-0.0770892836070247,-0.0770892836070245,-0.0770892836070247,-0.0770892836070249,-0.0770892836070245,-0.0770892836070249,-0.0770892836070245,-0.0770892836070249,-0.0770892836070245,-0.0770892836070249,NA,NA,NA,NA,NA,NA,NA,NA,NA,NA,NA,NA,NA,NA,NA,NA,NA
Atelopus_coynei,1,NA,NA,NA,NA,NA,-0.0770892836070247,-0.0770892836070247,-0.0770892836070247,-0.0770892836070247,-0.0770892836070247,-0.0770892836070247,-0.0770892836070247,-0.0770892836070249,-0.0770892836070245,-0.0770892836070249,-0.0770892836070245,-0.0770892836070249,-0.0770892836070245,-0.0770892836070245,-0.0770892836070249,-0.0770892836070249,-0.0770892836070245,-0.0770892836070245,-0.0770892836070249,-0.0770892836070249,-0.0770892836070245,-0.0770892836070245,-0.0770892836070249,-0.0770892836070249,-0.0770892836070245,-0.0770892836070245,NA,NA,NA,NA,NA,NA,NA,NA,NA,NA,NA,NA,NA,NA,NA,NA,NA
Plethodon_glutinosus,1,NA,NA,NA,NA,NA,0.25533295302008,0.195625744217507,0.0797753160449262,-0.0489589100424088,-0.122476901298301,-0.103974876685965,-0.026617246410685,0.0376477157910791,0.0514527912613036,0.0413927084431908,0.0491944347195116,0.071360661469139,0.0678628810558459,0.0252301824504553,-0.0173896071568294,NA,NA,NA,NA,NA,NA,NA,NA,NA,NA,NA,NA,NA,NA,NA,NA,NA,NA,NA,NA,NA,NA,NA,NA,NA,NA,NA,NA
Desmognathus_quadramaculatus,1,NA,NA,NA,NA,NA,0.0209489255436498,0.0224273654005969,0.0243878670485452,0.0251865370713955,0.0235563702413751,0.0189531356151565,0.0112064791907737,0.000319048210596362,-0.0131282937682137,-0.0274320151358598,-0.0399519048503094,-0.0482918605484717,-0.0517239061926,-0.0516851210455465,-0.0507532640657391,NA,NA,NA,-0.325134548625591,0.516582938962572,0.0375430994696688,0.0375430994696684,0.0375430994696684,-0.972066193782257,0.211765174345826,NA,NA,NA,NA,NA,NA,NA,NA,NA,NA,NA,NA,NA,NA,NA,NA,NA,NA
Desmognathus_ochrophaeus,1,NA,NA,NA,NA,NA,-0.00479871958009626,-0.00545375209477839,-0.00604087510475071,-0.00559585208436841,-0.00361344068121938,-3.9316922414212e-05,0.00515768702171937,0.0119871590653391,0.0199118975794887,0.0275859973196819,0.0334417579700854,0.0366702587680483,0.0376393698655333,0.0374351736584637,0.037082095482952,NA,NA,NA,NA,NA,NA,NA,NA,NA,NA,NA,NA,NA,0.195686815119062,NA,NA,NA,NA,NA,NA,NA,NA,NA,NA,NA,NA,NA,NA
Desmognathus_monticola,1,NA,NA,NA,NA,NA,0.00260956101382104,0.00260956101387833,0.00260956101394516,0.00260956101395449,0.00260956101386456,0.00260956101365495,0.00260956101330012,0.00260956101277832,0.00260956101212306,0.00260956101144871,0.00260956101090026,0.00260956101056431,0.00260956101042997,0.00260956101041598,0.0324708900441457,-0.0410229100494082,NA,NA,NA,NA,NA,NA,NA,NA,NA,NA,NA,NA,NA,NA,NA,NA,NA,NA,NA,NA,NA,NA,NA,NA,NA,NA,NA
Desmognathus_aeneus,1,NA,NA,NA,NA,NA,-0.0510347499554402,-0.0434587982755567,-0.0549988276845329,-0.0793503257084339,-0.0551911347235945,0.0446015728082962,0.133149032412053,0.0894621836998553,-0.073974067480939,-0.187665443721601,-0.11284845330939,0.0844912095318392,0.207455033571073,0.167013192860385,0.0751347596362022,NA,NA,NA,NA,NA,NA,NA,NA,NA,NA,NA,NA,NA,NA,NA,NA,NA,NA,NA,NA,NA,NA,NA,NA,NA,NA,NA,NA
Anaxyrus_americanus,1,NA,NA,NA,NA,NA,-0.143422142302313,-0.603320643829706,NA,NA,NA,NA,NA,NA,NA,0.0012769476184423,0.00127694761863753,0.00127694761898542,0.00127694761942548,0.00127694761998481,0.00127694762077091,0.00127694762185232,0.239199101171415,0.088684103340107,0.000638473812868412,-0.126997778738338,-0.0586853912085504,0.0196332620588918,0.00333674657943893,-0.0303757338741059,0.0123470609617219,-0.051374695370398,0.00717543336182331,0.0125060377644966,0.00560112588284764,-0.00126823131939526,-0.0102967420084363,NA,NA,NA,NA,NA,NA,NA,NA,NA,NA,NA,NA
Pseudacris_regilla,1,NA,NA,NA,NA,NA,NA,-0.0481145797848492,-0.047731056067934,-0.047322939535331,-0.0466403401251951,-0.0442903324111741,-0.0388414677599427,-0.0301298579082647,-0.0190301550876568,0.121125306770691,0.127768892663558,-0.00687274839607721,-0.00235351655007421,-4.35066213844149e-06,0.000710269130996921,-0.0329051793468229,-0.0329051793468225,-0.0329051793468227,-0.0329051793468227,NA,NA,NA,NA,NA,NA,NA,NA,NA,NA,NA,NA,NA,NA,NA,NA,NA,NA,NA,NA,NA,NA,NA,NA
Anaxyrus_hemiophrys,1,NA,NA,NA,NA,NA,NA,-0.202026993150081,NA,NA,NA,NA,NA,NA,NA,NA,NA,NA,NA,NA,NA,NA,NA,NA,NA,NA,NA,NA,NA,NA,NA,NA,NA,NA,NA,NA,NA,NA,NA,NA,NA,NA,NA,NA,NA,NA,NA,NA,NA
Eurycea_nana,1,NA,NA,NA,NA,NA,NA,0.00488083735675104,0.00488083735675104,0.00488083735675016,0.00488083735675104,0.00488083735675104,0.00488083735675104,0.00488083735675016,0.00488083735675104,0.00488083735675104,0.00488083735675104,0.00488083735675016,0.00488083735675104,0.00488083735675104,0.00488083735675104,0.00488083735675016,0.00488083735675104,0.00488083735675104,NA,NA,NA,NA,NA,NA,NA,NA,NA,NA,NA,NA,NA,NA,NA,NA,NA,NA,NA,NA,NA,NA,NA,NA,NA
Chioglossa_lusitanica,1,NA,NA,NA,NA,NA,NA,NA,0.0174447417409218,0.047308171213817,0.0473081712138168,0.0473081712138173,-0.0105349547408171,-0.0105349547408167,-0.0105349547408171,-0.00371770914526048,-0.00371770914526093,-0.00371770914526093,-0.00371770914526048,-0.00371770914526093,-0.00371770914526093,-0.0408559405921116,-0.0408559405921114,0.0767276037179405,0.0767276037179403,0.0508273024388777,-0.0341896281881242,-0.0341896281881242,-0.0341896281881242,-0.0341896281881244,-0.0341896281881242,-0.0341896281881242,-0.0341896281881242,-0.0341896281881242,-0.0341896281881244,-0.0341896281881242,-0.0341896281881242,-0.0341896281881242,-0.0410525162062076,-0.0410525162062076,-0.0410525162062079,-0.214466706883474,-0.214466706883474,0.286979281729367,0.0753845726814744,NA,NA,NA,NA
Ambystoma_talpoideum,1,NA,NA,NA,NA,NA,NA,NA,0.438557859580302,0.066202686456594,-0.0349375992484801,-0.356925974319186,0.00233175762697924,0.000146352687741658,-0.00322437051823066,-0.00767472012621173,-0.012735050945119,-0.0176887590714951,-0.021886943425721,-0.0250786330217578,-0.027516713568196,-0.0297337650156244,-0.0321208138172069,-0.0346034476050709,-0.0366675670805163,-0.0377719224473245,NA,NA,NA,NA,NA,NA,NA,NA,NA,-0.0162155442381913,0.00352609094152845,NA,NA,NA,NA,NA,NA,NA,NA,NA,NA,NA,NA
Lithobates_pipiens,1,NA,NA,NA,NA,NA,NA,NA,-0.410393750366065,0.0193051551953869,NA,NA,NA,NA,NA,0.00337572803920128,0.00278021101471981,0.00152296004052799,-0.000207645603370804,-0.00204229622108468,-0.00366721390661115,-0.00491826152059785,-0.00585189474582086,0.422661796171204,-0.188395395820017,0.0319493803498807,0.115653284893999,0.0281932269242403,0.0344522804831263,-0.00312374544651729,0.188756722198345,-0.169062756048474,-0.122633519754556,-0.134696862321253,0.115088721365509,-0.0236101000706445,-0.071206133627971,NA,NA,NA,-0.574031267727719,0.397940008672038,NA,NA,NA,NA,NA,NA,NA
Siren_intermedia,1,NA,NA,NA,NA,NA,NA,NA,NA,0.223312253888925,0.208646842072543,-0.340499092304829,-0.284682344538246,-0.0565872685201974,-0.194385882098644,NA,NA,NA,NA,NA,NA,NA,NA,NA,NA,NA,NA,NA,NA,0.0157489306426584,0.0157489306443606,0.0157489306467085,0.0157489306488496,0.0157489306515006,0.0157489306558867,0.0157489306616772,0.0157489306668772,0.0157489306698575,0.0157489306708052,NA,NA,NA,NA,NA,NA,NA,NA,NA,NA
Dryophytes_versicolor,1,NA,NA,NA,NA,NA,NA,NA,NA,-0.0129094696379459,-0.0129094696379457,-0.0129094696379457,-0.0129094696379457,-0.0129094696379459,-0.0129094696379457,-0.0129094696379457,-0.0129094696379459,-0.0129094696379457,-0.0129094696379457,0.141329152796469,-0.277548899814458,0.607737124219653,-0.409369470452819,0.329058719264225,NA,NA,0.0032492179369904,-0.0772013002811184,0.0016526350722838,0.0419169712173367,0.018063311828135,-0.0315065176293937,0.0331648273776843,0.0388752918968164,0.00134489257492006,-0.00457979793644214,-0.024121388145625,NA,NA,NA,NA,NA,NA,NA,NA,NA,NA,NA,NA
Hyla_arborea,1,NA,NA,NA,NA,NA,NA,NA,NA,NA,0.0173250979037087,0.0173250979036992,-0.141430406897739,0.383997419466875,-0.474859733560412,0.424102970216744,-0.273539655940354,0.0173250979031399,0.017325097903103,0.0173250979031043,0.017325097903131,0.0173250979031279,0.0173250979030399,0.017325097902859,-0.116607536910099,-0.116607536910209,-0.116607536910304,-0.116607536910386,-0.116607536910452,-0.116607536910497,-0.116607536910518,-0.250540171722831,NA,NA,NA,NA,NA,NA,NA,NA,NA,NA,NA,NA,NA,NA,NA,NA,NA
Bufo_bufo,1,NA,NA,NA,NA,NA,NA,NA,NA,NA,-0.00611945988103857,0.0132535625101515,0.00661693406319053,-0.288371279298949,0.0106700954426908,0.142322144948138,0.00934155247310753,0.270995632479136,0.00805642355933456,-0.0570766269066011,-0.112989327074975,0.0658910998606037,-0.0768313064183348,0.103151971095686,0.0427810621929267,-0.0331241757184531,-0.0768391562535777,-0.105848726446795,-0.0504907308576443,0.0547899002604748,0.0414296071117488,-0.25054017172283,NA,NA,NA,NA,NA,NA,NA,NA,NA,NA,NA,NA,NA,NA,NA,NA,NA
Scaphiopus_holbrookii,1,NA,NA,NA,NA,NA,NA,NA,NA,NA,-0.0348151786830445,-0.035034055841393,-0.0364773188478353,-0.0403394583117325,-0.0464744364901526,-0.0515667088655302,-0.0490329195595182,0.309567885736805,0.629852529500711,-0.652565545212516,-0.352734962798005,0.119233896460556,0.144424357813013,0.162223251585757,0.174290946436814,0.180382232399637,NA,NA,NA,NA,NA,NA,NA,NA,NA,1,-0.993384959087139,0.342422680822206,NA,NA,NA,NA,NA,NA,NA,NA,NA,NA,NA
Lithobates_sphenocephalus,1,NA,NA,NA,NA,NA,NA,NA,NA,NA,0.039116886985189,-0.00685363154931107,-0.0817331104983403,-0.15908896079481,-0.222280451493366,-0.269548988268706,-0.300053854287274,0.0747955561025839,-0.601989998309127,0.493908928529089,-0.387168394364927,0.363070207198793,0.251375811581672,-0.124615352982236,-0.588684990579608,-0.887414124105045,NA,NA,NA,NA,NA,NA,NA,NA,NA,NA,NA,NA,NA,NA,NA,NA,NA,NA,NA,NA,NA,NA,NA
Lithobates_clamitans,1,NA,NA,NA,NA,NA,NA,NA,NA,NA,-0.10121099814337,-0.101210998143365,-0.101210998143374,-0.101210998143429,-0.101210998143544,-0.101210998143696,-0.124737423402521,-0.0753832449173924,0.0859369814992768,-0.0885801192586247,-0.0885801192586167,-0.101210998143826,-0.0689024002102374,-0.00678469034859823,-0.123513954106437,-0.101210998144519,-0.0168571606131271,0.0273233534719973,0.00682386964242658,-0.0530369896978905,-0.0467301062895286,0.059856936966089,-0.0119235255898683,-0.0161116784385887,0.00593750825803419,0.0336029830912966,0.0155056186494849,NA,NA,NA,0.362027452781393,-0.17459626796873,NA,NA,NA,NA,NA,NA,NA
Pseudacris_ornata,1,NA,NA,NA,NA,NA,NA,NA,NA,NA,0.171550292000278,0.188436026657514,0.180410677169458,0.106218705772094,-0.02187816542587,-0.14242434611625,-0.200979164173994,-0.192490980298908,-0.148603689779579,-0.0981237223798475,-0.0538585326828547,-0.0325792250947492,-0.0642448614738242,-0.162341301817079,-0.289191441619601,-0.373848096894929,NA,NA,NA,NA,NA,NA,NA,NA,NA,-0.217483944213906,-0.346787486224656,NA,NA,NA,NA,NA,NA,NA,NA,NA,NA,NA,NA
Pseudacris_nigrita,1,NA,NA,NA,NA,NA,NA,NA,NA,NA,-0.118535202712884,-0.126861096089671,-0.144736978113499,-0.170401104894022,-0.19891155955283,-0.222383812110196,-0.23112445731948,-0.217838460386146,-0.182986488549211,-0.135793420818519,-0.0882638566756333,-0.0470182409815763,-0.0110846461880418,0.0221509322896646,0.049989648291727,0.0655944523958838,NA,NA,NA,NA,NA,NA,NA,NA,NA,NA,NA,NA,NA,NA,NA,NA,NA,NA,NA,NA,NA,NA,NA
Pseudacris_crucifer,1,NA,NA,NA,NA,NA,NA,NA,NA,NA,0.253731615352444,0.234024070071702,0.203809161579743,0.153334278818289,0.0423093470341174,-0.073560191897229,-0.168782832212491,-0.197608302036826,-0.122481450653358,0.0156585103000487,0.121315386316682,0.123830077672217,-0.0781589918089984,0.192931531215465,-0.0601184458010459,-0.415816111366163,0.0338601671671915,0.0169494773583857,-0.0179848372048077,-0.0181281327513821,-0.000859580405149149,0.00590437264899481,0.0226020254310416,0.00180749887715942,0.000207694039544663,-0.00025704179332145,0.00328449553927657,NA,NA,NA,NA,NA,NA,NA,NA,NA,NA,NA,NA
Gastrophryne_carolinensis,1,NA,NA,NA,NA,NA,NA,NA,NA,NA,-0.0764791126478221,-0.0776915761344084,-0.0785087070603834,-0.0767386213064865,-0.071407222589515,-0.0632360602281361,-0.0536185141188708,-0.340892531137012,0.201778658996452,-0.0991135592185631,-0.472740875851672,-0.0120783522864178,-0.00961142389810932,-0.00860476188607939,-0.00820049227311581,-0.0080339575362951,NA,NA,NA,NA,NA,NA,NA,NA,NA,NA,NA,NA,NA,NA,NA,NA,NA,NA,NA,NA,NA,NA,NA
Eurycea_quadridigitata,1,NA,NA,NA,NA,NA,NA,NA,NA,NA,0.0910568055619656,0.128006644919103,0.180918039024605,0.206550933328137,0.16594702069983,0.0502853155088707,-0.111858327490277,-0.182535112708777,0.102869447872429,-0.582508785337203,0.334226117839352,-0.234042519599326,-0.131674699016489,-0.0512214348332601,-0.00272327093446401,0.0172865642679538,NA,NA,NA,NA,NA,NA,NA,NA,NA,NA,NA,NA,NA,NA,NA,NA,NA,NA,NA,NA,NA,NA,NA
Anaxyrus_terrestris,1,NA,NA,NA,NA,NA,NA,NA,NA,NA,-0.0391805642007725,-0.0372254380596211,-0.0345496831325778,-0.0323600081924049,-0.029914029395339,-0.0251244995955457,-0.0343593455934393,0.175246970695533,-0.339871569426855,0.274413988932353,-0.265154966007984,0.0484174406971145,0.0550458603492812,0.0565643193639078,0.0559024105172656,NA,NA,NA,NA,NA,NA,NA,NA,NA,NA,-0.0877784045018215,-0.420167876149003,0.21475507460374,NA,NA,NA,NA,NA,NA,NA,NA,NA,NA,NA
Ambystoma_tigrinum,1,NA,NA,NA,NA,NA,NA,NA,NA,NA,0.292528481187662,0.293332009299695,0.293368750432882,0.138585734170234,0.0113868479338175,0.139511168476177,0.0140645394090457,0.12026154907182,-0.0057210023338623,0.0435605035659217,-0.00516522008978626,-0.03439128967557,-0.0590475307349431,-0.274741292765713,-0.0952620406958779,0.301029995663981,NA,NA,NA,NA,NA,NA,NA,NA,NA,NA,NA,NA,NA,NA,NA,NA,NA,NA,NA,NA,NA,NA,NA
Ambystoma_opacum,1,NA,NA,NA,NA,NA,NA,NA,NA,NA,0.209924694816303,0.220206771471309,0.241438279805354,0.265974095118176,0.278866376898037,0.26809642292716,0.231537476228038,0.172898146028166,0.0961937531907244,0.0109917696083768,-0.0588959018107249,-0.0826154167106328,-0.0465490374262449,0.0290041957769218,0.101570991535705,0.136563751687225,0.127168485844666,0.0905007275407197,0.0511014824987766,0.0274340129421211,0.025409942452316,0.0373313253281524,0.0482717735186449,NA,NA,-0.312981616198705,-0.146128035678238,NA,NA,NA,NA,NA,NA,NA,NA,NA,NA,NA,NA
Salamandrella_keyserlingii,1,NA,NA,NA,NA,NA,NA,NA,NA,NA,NA,0.0132081277753855,0.0121923986782715,0.0081351995149892,-0.000251889299355934,-0.0131773969228188,-0.0291663776692288,-0.0418941110547055,-0.0487501491913527,-0.0518315511487901,-0.0519081989599537,-0.0447863474214407,-0.0259751100687957,0.00100377709727328,0.0233174030882453,0.028168128158979,0.0138627420113318,-0.00917760808126467,-0.0283318207056382,-0.0386516225456401,-0.0430590423085395,-0.0453530972027019,-0.0459410859562346,-0.0444541180587585,-0.0433112835458647,-0.0455034773451852,-0.0487623624532632,-0.0443640367133125,-0.0238429114796292,0.0127166561467233,0.0554077675433451,0.0914297220534921,0.11337653740052,0.122004331164778,NA,NA,NA,NA,NA
Rana_arvalis,1,NA,NA,NA,NA,NA,NA,NA,NA,NA,NA,-0.0465189351648456,-2.50063380491383e-05,0.074168645906316,0.138202190042509,0.183232618024363,0.205918230962731,0.19327784536441,0.145863283641553,0.076519833890615,0.00347389504217244,-0.052026285566428,-0.0708421097836678,-0.0476209138511545,0.00188827455550244,0.0500745923761028,0.0759930003118168,0.0731483516235558,0.0422005275522856,-0.0138305986793368,-0.0813705230222967,-0.131227041253506,-0.134973698816906,-0.0901399982521411,-0.0232902931291505,0.0340109851312707,0.066620816412986,0.0726687209391006,0.0515202901141221,0.0073675671153115,-0.0397461351979649,-0.0630175484250066,-0.0559923141523875,-0.040719599440878,NA,NA,NA,NA,NA
Rana_dalmatina,1,NA,NA,NA,NA,NA,NA,NA,NA,NA,NA,NA,NA,-0.140346873836736,-0.489389212368208,0.338980147228535,-0.264998109111904,-0.0978848698516238,0.133341863105213,0.160221824058535,0.217327051275132,0.150793695253246,0.00355471116922157,-0.110407961857026,NA,NA,NA,NA,NA,NA,NA,NA,NA,NA,NA,NA,NA,NA,NA,NA,NA,NA,NA,NA,NA,NA,NA,NA,NA
Anaxyrus_boreas,1,NA,NA,NA,NA,NA,NA,NA,NA,NA,NA,NA,NA,0.147268535464416,0.0807769794172506,-0.284963633759404,0.0209523507888241,NA,NA,NA,NA,NA,NA,NA,NA,-0.00590656695908387,-0.0059065669589371,-0.00590656695865799,-0.367772431253249,0.358452945992016,0.173354677108728,-0.119860167756575,-0.117902104618421,-0.164666881167958,0.145142759342619,0.0955627193105423,0.084359206327751,-0.00590656695732905,NA,NA,NA,NA,NA,NA,NA,NA,NA,NA,NA
Lissotriton_vulgaris,1,NA,NA,NA,NA,NA,NA,NA,NA,NA,NA,NA,NA,NA,0.418476203258761,0.128707993143607,-0.177055771283445,-0.0490719489903246,-0.138026332818606,0.295655478033456,-0.126356725478318,0.0487094247930105,0.0644078126689409,0.087919543470349,0.00543788999799499,-0.0103222455589277,NA,NA,NA,NA,NA,NA,NA,NA,NA,NA,NA,NA,NA,NA,NA,NA,NA,NA,NA,NA,NA,NA,NA
Triturus_cristatus,1,NA,NA,NA,NA,NA,NA,NA,NA,NA,NA,NA,NA,NA,-0.435454893289417,0.0870321745389847,-0.0380896329411783,-0.0329413134403308,-0.112278037615483,-0.0318752835930962,-0.0692316951304728,0.0180005830572143,-0.057395282897864,-0.0924117462781907,0.164940934205227,0.0924484076582878,NA,NA,NA,NA,NA,NA,NA,NA,NA,NA,NA,NA,NA,NA,NA,NA,NA,NA,NA,NA,NA,NA,NA
Atelopus_varius,1,NA,NA,NA,NA,NA,NA,NA,NA,NA,NA,NA,NA,NA,-0.105490598620139,-0.105490598620139,-0.105490598620139,-0.105490598620139,-0.105490598620139,-0.105490598620139,-0.105490598620139,-0.105490598620139,-0.105490598620139,-0.105490598620139,-0.105490598620139,-0.105490598620139,-0.105490598620139,-0.105490598620139,-0.105490598620139,-0.105490598620139,-0.105490598620139,-0.0527452993100695,0.0687730399838682,0.215602421393425,-0.0729329448843394,-0.312931701284754,NA,NA,NA,NA,NA,NA,NA,NA,NA,NA,NA,NA,NA
Epidalea_calamita,1,NA,NA,NA,NA,NA,NA,NA,NA,NA,NA,NA,NA,NA,-0.535113201697349,0.455931955649724,0,0.190331698170292,-0.0396400057764803,-0.132375218094489,-0.0350763490602894,-0.0350763490600117,-0.0350763490600141,-0.0350763490602963,0.107731911331078,0.107731911330956,0.25054017172283,0.25054017172283,0.25054017172283,0.25054017172283,0.25054017172283,0.25054017172283,NA,NA,NA,NA,NA,NA,NA,NA,NA,NA,NA,NA,NA,NA,NA,NA,NA
Philoria_frosti,1,NA,NA,NA,NA,NA,NA,NA,NA,NA,NA,NA,NA,NA,-0.0834092735751525,-0.170222053964499,-0.170222053964499,-0.170222053964499,-0.170222053964499,-0.170222053964499,-0.170222053964499,-0.170222053964499,-0.170222053964499,-0.170222053964499,-0.0475873645294654,0.12500428375658,-0.315977546586946,-0.871421727243582,NA,NA,NA,NA,NA,NA,NA,NA,NA,NA,NA,NA,NA,NA,NA,NA,NA,NA,NA,NA,NA
Taricha_granulosa,1,NA,NA,NA,NA,NA,NA,NA,NA,NA,NA,NA,NA,NA,NA,0.140413304787847,0.140413304787847,-0.105637255001782,-0.105637255001782,-0.105637255001782,-0.105637255001782,-0.105637255001782,-0.105637255001782,-0.105637255001782,-0.105637255001782,NA,NA,NA,0.434152181326482,-0.0400051616715839,NA,NA,NA,NA,NA,NA,NA,NA,NA,NA,NA,NA,NA,NA,NA,NA,NA,NA,NA
Dicamptodon_tenebrosus,1,NA,NA,NA,NA,NA,NA,NA,NA,NA,NA,NA,NA,NA,NA,-0.301029995663981,-0.301029995663981,0.0972689062979555,0.0972689062979554,0.0972689062979554,0.0972689062979554,0.0972689062979555,0.0972689062979554,0.0972689062979555,0.0295516806169061,-0.0280266964950191,-0.0141163522602841,-0.00024472596573677,0.020222179050307,0.0540365102167515,0.0914995168772408,0.108074760964348,0.0869733556431163,0.0383946644704407,-0.00680774585037414,-0.0228256508698665,-0.00798923503709892,0.0184589356642157,0.0336919215284381,0.0253300441088418,-0.00494611533195055,-0.0439793287910892,-0.0719631474297775,-0.0704582445449526,-0.0329788486149183,0.0284664862906698,0.0880077380053645,0.121709989827336,NA
Ambystoma_gracile,1,NA,NA,NA,NA,NA,NA,NA,NA,NA,NA,NA,NA,NA,NA,-1,-1,0.25054017172283,0.25054017172283,0.25054017172283,0.25054017172283,0.25054017172283,0.25054017172283,0.25054017172283,0.25054017172283,NA,NA,NA,0.976310345070331,0.0228846602934389,NA,NA,NA,NA,NA,NA,NA,NA,NA,NA,NA,NA,NA,NA,NA,NA,NA,NA,NA
Lithobates_palustris,1,NA,NA,NA,NA,NA,NA,NA,NA,NA,NA,NA,NA,NA,NA,0.00809585828894874,0.00748104639612945,0.0061035799929347,0.00412566264501493,0.00203009684165242,0.000261975343896603,-0.00107824065668069,-0.00213302766370109,-0.0029129880935901,-0.00312107080034199,-0.00236938116472735,-0.0438268397855569,0.00228924637496468,0.00556413789040712,0.00870944655641906,0.0110503933315103,0.0120965985404466,0.0118430961118996,0.0108190065916365,0.00976400141296388,0.00918510039378242,NA,NA,NA,NA,NA,NA,NA,NA,NA,NA,NA,NA,NA
Lithobates_septentrionalis,1,NA,NA,NA,NA,NA,NA,NA,NA,NA,NA,NA,NA,NA,NA,0.0552392168738677,0.255940120385256,0.189425639229528,-0.0641768980064426,-0.0646691900667062,-0.0653838743376032,-0.0663360797638388,-0.0678685909482098,0.456741741241938,0.0376479640080948,0.0299484068643331,0.0217922190890627,0.0135602660869117,0.00558464046622548,-0.00163274873428998,-0.00747746540040284,-0.0114154403645715,-0.0131845964697715,-0.0130319290850765,-0.0118649161765011,-0.010907426677934,NA,NA,NA,NA,NA,NA,NA,NA,NA,NA,NA,NA,NA
Lithobates_catesbeianus,1,NA,NA,NA,NA,NA,NA,NA,NA,NA,NA,NA,NA,NA,NA,-0.0179725982911348,-0.00750254323704013,-0.113818805868152,0.000191810229176979,0.000982584044698129,0.00238582195224701,-0.119610194776792,0.165178015480149,0.16739357041793,-0.492839929753857,0.507026800900145,-0.0602841890229098,0.106886862957884,0.0226553653100594,-0.00511297432088723,-0.0485305680728184,-0.0294060246664558,0.00672463743143665,-0.0102717712152008,-0.0245393929292145,-0.00304964931183808,0.00648706719416725,NA,NA,NA,NA,NA,NA,NA,NA,NA,NA,NA,NA
Acris_crepitans,1,NA,NA,NA,NA,NA,NA,NA,NA,NA,NA,NA,NA,NA,NA,0.0713986700857431,0.0681939601048161,0.0610893222870578,0.0470677487283851,0.0250955151954496,-0.00120953112520333,-0.0239577548555344,-0.0347990420599768,-0.0302934642446129,-0.0145748892147133,0.00341817747220774,0.0160886670189543,0.0214532814011117,0.0222963835223173,0.0220739784013467,0.0220749987477714,0.0219603173323795,0.0217029579692998,0.0220221303224006,0.0231493986971613,0.0241879787308658,NA,NA,NA,NA,NA,NA,NA,NA,NA,NA,NA,NA,NA
Eurycea_lucifuga,1,NA,NA,NA,NA,NA,NA,NA,NA,NA,NA,NA,NA,NA,NA,NA,-0.057564281279018,0.134242382172839,NA,NA,NA,NA,NA,NA,NA,NA,NA,NA,NA,NA,NA,NA,NA,NA,NA,NA,NA,NA,NA,NA,NA,NA,NA,NA,NA,NA,NA,NA,NA
Ambystoma_maculatum,1,NA,NA,NA,NA,NA,NA,NA,NA,NA,NA,NA,NA,NA,NA,NA,0.0125408541194811,-0.0259848907181671,0.401039522076753,-0.117966204941807,-0.422535413392344,0.338960249573275,-0.361027925339267,0.045757490560675,-0.301029995663981,-0.0299632233774434,NA,NA,NA,-0.0964501987968625,0.103749437538362,0.0347621062592118,NA,NA,NA,NA,NA,NA,NA,NA,NA,NA,NA,NA,NA,NA,NA,NA,NA
Boana_fasciata,1,NA,NA,NA,NA,NA,NA,NA,NA,NA,NA,NA,NA,NA,NA,NA,NA,-0.119280313679916,-0.119280313679916,-0.119280313679916,-0.119280313679916,NA,NA,NA,NA,NA,NA,NA,NA,NA,NA,NA,NA,NA,NA,NA,NA,NA,NA,NA,NA,NA,NA,NA,NA,NA,NA,NA,NA
Boana_cinerascens,1,NA,NA,NA,NA,NA,NA,NA,NA,NA,NA,NA,NA,NA,NA,NA,NA,0.170121649660501,0.170121649660501,0.170121649660501,0.170121649660501,NA,NA,NA,NA,NA,NA,NA,NA,NA,NA,NA,NA,NA,NA,NA,NA,NA,NA,NA,NA,NA,NA,NA,NA,NA,NA,NA,NA
Scarthyla_goinorum,1,NA,NA,NA,NA,NA,NA,NA,NA,NA,NA,NA,NA,NA,NA,NA,NA,0.0731492070317795,0.0731492070317796,0.0731492070317796,0.0731492070317796,NA,NA,NA,NA,NA,NA,NA,NA,NA,NA,NA,NA,NA,NA,NA,NA,NA,NA,NA,NA,NA,NA,NA,NA,NA,NA,NA,NA
Ceratophrys_cornuta,1,NA,NA,NA,NA,NA,NA,NA,NA,NA,NA,NA,NA,NA,NA,NA,NA,-0.025665585474287,-0.0256655854742869,-0.0256655854742869,-0.025665585474287,NA,NA,NA,NA,NA,NA,NA,NA,NA,NA,NA,NA,NA,NA,NA,NA,NA,NA,NA,NA,NA,NA,NA,NA,NA,NA,NA,NA
Scinax_pedromedinae,1,NA,NA,NA,NA,NA,NA,NA,NA,NA,NA,NA,NA,NA,NA,NA,NA,0.0204175116128299,0.0204175116128299,0.0204175116128299,0.0204175116128299,NA,NA,NA,NA,NA,NA,NA,NA,NA,NA,NA,NA,NA,NA,NA,NA,NA,NA,NA,NA,NA,NA,NA,NA,NA,NA,NA,NA
Leptodactylus_wagneri,1,NA,NA,NA,NA,NA,NA,NA,NA,NA,NA,NA,NA,NA,NA,NA,NA,-0.165012984576412,-0.165012984576412,-0.165012984576412,-0.165012984576412,NA,NA,NA,NA,NA,NA,NA,NA,NA,NA,NA,NA,NA,NA,NA,NA,NA,NA,NA,NA,NA,NA,NA,NA,NA,NA,NA,NA
Edalorhina_perezi,1,NA,NA,NA,NA,NA,NA,NA,NA,NA,NA,NA,NA,NA,NA,NA,NA,0.163303128443836,0.163303128443836,0.163303128443836,0.163303128443836,NA,NA,NA,NA,NA,NA,NA,NA,NA,NA,NA,NA,NA,NA,NA,NA,NA,NA,NA,NA,NA,NA,NA,NA,NA,NA,NA,NA
Allobates_marchesianus,1,NA,NA,NA,NA,NA,NA,NA,NA,NA,NA,NA,NA,NA,NA,NA,NA,0.116994468819948,0.116994468819948,0.116994468819948,0.116994468819948,NA,NA,NA,NA,NA,NA,NA,NA,NA,NA,NA,NA,NA,NA,NA,NA,NA,NA,NA,NA,NA,NA,NA,NA,NA,NA,NA,NA
Leptodactylus_mystaceus,1,NA,NA,NA,NA,NA,NA,NA,NA,NA,NA,NA,NA,NA,NA,NA,NA,0.0429205350376566,0.0429205350376565,0.0429205350376567,0.0429205350376565,NA,NA,NA,NA,NA,NA,NA,NA,NA,NA,NA,NA,NA,NA,NA,NA,NA,NA,NA,NA,NA,NA,NA,NA,NA,NA,NA,NA
Rhinella_margaritifera,1,NA,NA,NA,NA,NA,NA,NA,NA,NA,NA,NA,NA,NA,NA,NA,NA,0.0919941963236486,0.0919941963236486,0.0919941963236486,0.0919941963236486,NA,NA,NA,NA,NA,NA,NA,NA,NA,NA,NA,NA,NA,NA,NA,NA,NA,NA,NA,NA,NA,NA,NA,NA,NA,NA,NA,NA
Osteocephalus_taurinus,1,NA,NA,NA,NA,NA,NA,NA,NA,NA,NA,NA,NA,NA,NA,NA,NA,-0.198243756675167,-0.198243756675167,-0.198243756675167,-0.198243756675167,NA,NA,NA,NA,NA,NA,NA,NA,NA,NA,NA,NA,NA,NA,NA,NA,NA,NA,NA,NA,NA,NA,NA,NA,NA,NA,NA,NA
Dendropsophus_parviceps,1,NA,NA,NA,NA,NA,NA,NA,NA,NA,NA,NA,NA,NA,NA,NA,NA,-0.0260221494087949,-0.026022149408795,-0.026022149408795,-0.0260221494087949,NA,NA,NA,NA,NA,NA,NA,NA,NA,NA,NA,NA,NA,NA,NA,NA,NA,NA,NA,NA,NA,NA,NA,NA,NA,NA,NA,NA
Scinax_ictericus,1,NA,NA,NA,NA,NA,NA,NA,NA,NA,NA,NA,NA,NA,NA,NA,NA,0.00889403856529902,0.00889403856529908,0.00889403856529902,0.00889403856529902,NA,NA,NA,NA,NA,NA,NA,NA,NA,NA,NA,NA,NA,NA,NA,NA,NA,NA,NA,NA,NA,NA,NA,NA,NA,NA,NA,NA
Hamptophryne_boliviana,1,NA,NA,NA,NA,NA,NA,NA,NA,NA,NA,NA,NA,NA,NA,NA,NA,-0.0463578213274562,-0.0463578213274561,-0.0463578213274562,-0.0463578213274561,NA,NA,NA,NA,NA,NA,NA,NA,NA,NA,NA,NA,NA,NA,NA,NA,NA,NA,NA,NA,NA,NA,NA,NA,NA,NA,NA,NA
Dendropsophus_leali,1,NA,NA,NA,NA,NA,NA,NA,NA,NA,NA,NA,NA,NA,NA,NA,NA,-0.025732011674264,-0.025732011674264,-0.0257320116742639,-0.025732011674264,NA,NA,NA,NA,NA,NA,NA,NA,NA,NA,NA,NA,NA,NA,NA,NA,NA,NA,NA,NA,NA,NA,NA,NA,NA,NA,NA,NA
Dendropsophus_koechlini,1,NA,NA,NA,NA,NA,NA,NA,NA,NA,NA,NA,NA,NA,NA,NA,NA,-0.116069029824036,-0.116069029824036,-0.116069029824036,-0.116069029824036,NA,NA,NA,NA,NA,NA,NA,NA,NA,NA,NA,NA,NA,NA,NA,NA,NA,NA,NA,NA,NA,NA,NA,NA,NA,NA,NA,NA
Lithobates_capito,1,NA,NA,NA,NA,NA,NA,NA,NA,NA,NA,NA,NA,NA,NA,NA,NA,0.679946767022588,-0.503855507966907,-0.208275942427083,NA,NA,NA,NA,NA,NA,NA,NA,NA,NA,NA,NA,NA,NA,NA,NA,NA,NA,NA,NA,NA,NA,NA,NA,NA,NA,NA,NA,NA
Pseudacris_ocularis,1,NA,NA,NA,NA,NA,NA,NA,NA,NA,NA,NA,NA,NA,NA,NA,NA,0.384688663038069,-0.540701353020791,0.516814962122791,-1,NA,NA,NA,NA,NA,NA,NA,NA,NA,NA,NA,NA,NA,NA,NA,NA,NA,NA,NA,NA,NA,NA,NA,NA,NA,NA,NA,NA
Notophthalmus_perstriatus,1,NA,NA,NA,NA,NA,NA,NA,NA,NA,NA,NA,NA,NA,NA,NA,NA,0.0487526367900344,-0.358382804215933,-0.333922703888719,-0.817344971441931,NA,NA,NA,NA,NA,NA,NA,NA,NA,NA,NA,NA,NA,NA,NA,NA,NA,NA,NA,NA,NA,NA,NA,NA,NA,NA,NA,NA
Dryophytes_femoralis,1,NA,NA,NA,NA,NA,NA,NA,NA,NA,NA,NA,NA,NA,NA,NA,NA,0.983070866369516,-0.349055998588988,0.701243818211379,-1,NA,NA,NA,NA,NA,NA,NA,NA,NA,NA,NA,NA,NA,NA,NA,NA,NA,NA,NA,NA,NA,NA,NA,NA,NA,NA,NA,NA
Eleutherodactylus_planirostris,1,NA,NA,NA,NA,NA,NA,NA,NA,NA,NA,NA,NA,NA,NA,NA,NA,0.301029995663981,0.301029995663981,-0.301029995663981,0.602059991327962,NA,NA,NA,NA,NA,NA,NA,NA,NA,NA,NA,NA,NA,NA,NA,NA,NA,NA,NA,NA,NA,NA,NA,NA,NA,NA,NA,NA
Anaxyrus_quercicus,1,NA,NA,NA,NA,NA,NA,NA,NA,NA,NA,NA,NA,NA,NA,NA,NA,-0.028439518992654,0.190417252430221,-0.0208960549457622,-1,NA,NA,NA,NA,NA,NA,NA,NA,NA,NA,NA,NA,NA,NA,NA,NA,NA,NA,NA,NA,NA,NA,NA,NA,NA,NA,NA,NA
Acris_gryllus,1,NA,NA,NA,NA,NA,NA,NA,NA,NA,NA,NA,NA,NA,NA,NA,NA,-0.0847137346475859,-0.490694061908936,0.321233381752268,0.0641174996117488,NA,NA,NA,NA,NA,NA,NA,NA,NA,NA,NA,NA,NA,NA,NA,NA,NA,NA,NA,NA,NA,NA,NA,NA,NA,NA,NA,NA
Pseudophryne_pengilleyi,1,NA,NA,NA,NA,NA,NA,NA,NA,NA,NA,NA,NA,NA,NA,NA,NA,-0.290958313281617,-0.119140883357003,-0.118411388947228,-0.0256919334886921,-0.00161108149146988,0.0290463868232471,-0.000964643744326699,-0.0512109629337524,-0.0662838874738554,-0.083700813178812,-0.0435916707102112,-1,NA,NA,NA,NA,NA,NA,NA,NA,NA,NA,NA,NA,NA,NA,NA,NA,NA,NA,NA,NA
Pseudophryne_corroboree,1,NA,NA,NA,NA,NA,NA,NA,NA,NA,NA,NA,NA,NA,NA,NA,NA,-0.585952230307818,-0.29270820314018,-0.0278475044352953,-0.0278475044353041,-0.0278475044353374,-0.027847504435405,-0.0952196594479942,-0.285973741111045,0.184021568322932,-0.00660310139324867,-0.112662286233235,0.0930151931919448,NA,NA,NA,NA,NA,NA,NA,NA,NA,NA,NA,NA,NA,NA,NA,NA,NA,NA,NA,NA
Incilius_periglenes,1,NA,NA,NA,NA,NA,NA,NA,NA,NA,NA,NA,NA,NA,NA,NA,NA,NA,-1,-0.396354376783652,-0.078653985975033,NA,NA,NA,NA,NA,NA,NA,NA,NA,NA,NA,NA,NA,NA,NA,NA,NA,NA,NA,NA,NA,NA,NA,NA,NA,NA,NA,NA
Anaxyrus_fowleri,1,NA,NA,NA,NA,NA,NA,NA,NA,NA,NA,NA,NA,NA,NA,NA,NA,NA,NA,0.4670238716224,0.364874485500226,0.476247068906568,0.0198945226641429,-0.11924285391171,-0.423301093882247,-0.327512984885202,-0.09791273193042,0.117969228593042,0.166542350273467,0.0748375748401057,0.00391858752418917,0.0520784744587429,0.138284777517048,0.110323860162561,0.138269233599039,-0.0636534636386854,-0.259135966719377,-0.176362707241603,0.100152152811751,-0.115870319753034,-0.157592574958196,-0.0811934685550357,0.0211573037959347,NA,NA,NA,NA,NA,NA
Isthmohyla_calypsa,1,NA,NA,NA,NA,NA,NA,NA,NA,NA,NA,NA,NA,NA,NA,NA,NA,NA,NA,NA,NA,NA,0.301029995663981,-0.477121254719662,NA,NA,NA,NA,NA,NA,NA,NA,NA,NA,NA,NA,NA,NA,NA,NA,NA,NA,NA,NA,NA,NA,NA,NA,NA
Lithobates_yavapaiensis,1,NA,NA,NA,NA,NA,NA,NA,NA,NA,NA,NA,NA,NA,NA,NA,NA,NA,NA,NA,NA,NA,0.150859388676621,-0.453279127868608,-0.050680418496271,-0.226801346118322,-0.118689787331298,NA,NA,NA,NA,NA,NA,NA,NA,NA,NA,NA,NA,NA,NA,NA,NA,NA,NA,NA,NA,NA,NA
Ambystoma_laterale,1,NA,NA,NA,NA,NA,NA,NA,NA,NA,NA,NA,NA,NA,NA,NA,NA,NA,NA,NA,NA,NA,-0.0147232568207065,-0.0894859949288493,-0.163396988427476,0.205458333428187,NA,NA,NA,NA,NA,NA,NA,NA,NA,NA,NA,NA,NA,NA,NA,NA,NA,NA,NA,NA,NA,NA,NA
Ambystoma_californiense,1,NA,NA,NA,NA,NA,NA,NA,NA,NA,NA,NA,NA,NA,NA,NA,NA,NA,NA,NA,NA,NA,NA,0.0936541457495612,-0.683279498826176,0.596774394866279,-0.633291228692041,0.147215131319452,-0.00546289570150216,NA,NA,NA,NA,NA,NA,NA,NA,NA,NA,NA,NA,NA,NA,NA,NA,NA,NA,NA,NA
Atelopus_pinangoi,1,NA,NA,NA,NA,NA,NA,NA,NA,NA,NA,NA,NA,NA,NA,NA,NA,NA,NA,NA,NA,NA,NA,-0.334053562297107,-0.334053562297107,-0.334053562297107,-0.334053562297107,-0.334053562297107,-0.334053562297107,NA,NA,NA,NA,NA,NA,NA,NA,NA,NA,NA,NA,NA,NA,NA,NA,NA,NA,NA,NA
Pyxicephalus_adspersus,1,NA,NA,NA,NA,NA,NA,NA,NA,NA,NA,NA,NA,NA,NA,NA,NA,NA,NA,NA,NA,NA,NA,-0.00487991864457848,-0.00487991864457804,-0.0413926851582249,-0.0222763947111524,-0.0117405479247612,-0.0117405479247616,-0.0395906230238126,-0.0395906230238121,-0.181588951206413,-0.181588951206413,NA,NA,NA,NA,NA,NA,NA,NA,NA,NA,NA,NA,NA,NA,NA,NA
Rana_sierrae,1,NA,NA,NA,NA,NA,NA,NA,NA,NA,NA,NA,NA,NA,NA,NA,NA,NA,NA,NA,NA,NA,NA,NA,0.0746216019411963,0.0755000531470098,0.0773442220183522,0.0795645400910739,0.0808776903596593,0.0800934696243484,0.0770057847477731,0.0724781141274135,0.0675956062949685,0.0627619293911664,0.0576367251715924,0.0518513619288938,0.0456558653276747,0.0398627224680601,0.035266558945207,0.0321709086864474,0.030382169635541,0.0295063655129841,0.0291883718367988,NA,NA,NA,NA,NA,NA
Pleurodeles_waltl,1,NA,NA,NA,NA,NA,NA,NA,NA,NA,NA,NA,NA,NA,NA,NA,NA,NA,NA,NA,NA,NA,NA,NA,-0.25054017172283,-0.25054017172283,-0.25054017172283,-0.25054017172283,-0.25054017172283,-0.25054017172283,-0.25054017172283,-0.25054017172283,NA,NA,NA,NA,NA,NA,NA,NA,NA,NA,NA,NA,NA,NA,NA,NA,NA
Pelophylax_perezi,1,NA,NA,NA,NA,NA,NA,NA,NA,NA,NA,NA,NA,NA,NA,NA,NA,NA,NA,NA,NA,NA,NA,NA,-0.25054017172283,-0.25054017172283,-0.25054017172283,-0.25054017172283,-0.25054017172283,-0.25054017172283,-0.25054017172283,-0.25054017172283,NA,NA,NA,NA,NA,NA,NA,NA,NA,NA,NA,NA,NA,NA,NA,NA,NA
Lissotriton_boscai,1,NA,NA,NA,NA,NA,NA,NA,NA,NA,NA,NA,NA,NA,NA,NA,NA,NA,NA,NA,NA,NA,NA,NA,-0.25054017172283,-0.25054017172283,-0.25054017172283,-0.25054017172283,-0.250540171722831,-0.25054017172283,-0.25054017172283,-0.250540171722831,NA,NA,NA,NA,NA,NA,NA,NA,NA,NA,NA,NA,NA,NA,NA,NA,NA
Discoglossus_galganoi,1,NA,NA,NA,NA,NA,NA,NA,NA,NA,NA,NA,NA,NA,NA,NA,NA,NA,NA,NA,NA,NA,NA,NA,0.250540171722831,0.25054017172283,0.25054017172283,0.250540171722831,0.25054017172283,0.25054017172283,0.25054017172283,0.25054017172283,NA,NA,NA,NA,NA,NA,NA,NA,NA,NA,NA,NA,NA,NA,NA,NA,NA
Eurycea_wilderae,1,NA,NA,NA,NA,NA,NA,NA,NA,NA,NA,NA,NA,NA,NA,NA,NA,NA,NA,NA,NA,NA,NA,NA,-0.215599800339355,0.00343317583839386,0.142983552678847,0.142983552678847,0.142983552678847,0.0153633532009565,0.0153633532009565,NA,NA,NA,NA,NA,NA,NA,NA,NA,NA,NA,NA,NA,NA,NA,NA,NA,NA
Ranoidea_genimaculata,1,NA,NA,NA,NA,NA,NA,NA,NA,NA,NA,NA,NA,NA,NA,NA,NA,NA,NA,NA,NA,NA,NA,NA,-0.299394298030734,NA,NA,NA,NA,NA,NA,NA,NA,NA,NA,NA,NA,NA,NA,NA,NA,NA,NA,NA,NA,NA,NA,NA,NA
Ranoidea_rheocola,1,NA,NA,NA,NA,NA,NA,NA,NA,NA,NA,NA,NA,NA,NA,NA,NA,NA,NA,NA,NA,NA,NA,NA,-1,NA,NA,NA,NA,NA,NA,NA,NA,NA,NA,NA,NA,NA,NA,NA,NA,NA,NA,NA,NA,NA,NA,NA,NA
Taudactylus_acutirostris,1,NA,NA,NA,NA,NA,NA,NA,NA,NA,NA,NA,NA,NA,NA,NA,NA,NA,NA,NA,NA,NA,NA,NA,-1,NA,NA,NA,NA,NA,NA,NA,NA,NA,NA,NA,NA,NA,NA,NA,NA,NA,NA,NA,NA,NA,NA,NA,NA
Ranoidea_nannotis,1,NA,NA,NA,NA,NA,NA,NA,NA,NA,NA,NA,NA,NA,NA,NA,NA,NA,NA,NA,NA,NA,NA,NA,-1,NA,NA,NA,NA,NA,NA,NA,NA,NA,NA,NA,NA,NA,NA,NA,NA,NA,NA,NA,NA,NA,NA,NA,NA
Triturus_carnifex,1,NA,NA,NA,NA,NA,NA,NA,NA,NA,NA,NA,NA,NA,NA,NA,NA,NA,NA,NA,NA,NA,NA,NA,NA,0.0714004084280112,0.0882345786660341,0.105449149586328,0.10435886144825,0.0839353317828466,0.0577798327634684,0.0357242452509041,0.0162776032061962,-0.00356231081173908,-0.0190388381359283,-0.0226377490521821,-0.0144663470308986,-0.00236410123223796,0.00750376845069645,0.0157919266272555,0.0253273484925201,0.0354264452300692,0.0429441608428032,0.0463785088749364,NA,NA,NA,NA,NA
Rana_luteiventris,1,NA,NA,NA,NA,NA,NA,NA,NA,NA,NA,NA,NA,NA,NA,NA,NA,NA,NA,NA,NA,NA,NA,NA,NA,-0.00537929883447141,-0.00537929883527677,-0.00537929883684174,-0.00537929883898003,-0.00537929884158506,-0.00537929884438393,-0.00537929884716593,-0.00537929884984978,-0.170567986373765,-0.502689649427391,0.497310350571603,-0.00537929885822241,-0.00537929885891697,NA,NA,NA,NA,NA,NA,NA,NA,NA,NA,NA
Ambystoma_macrodactylum,1,NA,NA,NA,NA,NA,NA,NA,NA,NA,NA,NA,NA,NA,NA,NA,NA,NA,NA,NA,NA,NA,NA,NA,NA,-0.0195250691248274,-0.0195250691246018,-0.0195250691241993,0.490237465438096,0.0313543050412797,-0.202201302478097,0.343299596515716,0.0191350709792178,-0.104400207768607,0.104985473221187,-0.150270539503811,0.18506853419315,-0.0195250691239344,NA,NA,NA,NA,NA,NA,NA,NA,NA,NA,NA
Ambystoma_mavortium,1,NA,NA,NA,NA,NA,NA,NA,NA,NA,NA,NA,NA,NA,NA,NA,NA,NA,NA,NA,NA,NA,NA,NA,NA,-0.131473336725181,-0.13147333672515,-0.131473336725093,-0.131473336725034,-0.131473336724982,0.312523705120052,-0.485231948639629,-0.485231948639642,-0.485231948639668,0.434263331637451,-0.137587608916939,0.189612727262399,-0.131473336725278,NA,NA,NA,NA,NA,NA,NA,NA,NA,NA,NA
Desmognathus_wrighti,1,NA,NA,NA,NA,NA,NA,NA,NA,NA,NA,NA,NA,NA,NA,NA,NA,NA,NA,NA,NA,NA,NA,NA,NA,-0.4323089103033,0.298524732174082,0.298524732174082,0.298524732174082,-0.162235290554965,0.0560205660079971,NA,NA,NA,NA,NA,NA,NA,NA,NA,NA,NA,NA,NA,NA,NA,NA,NA,NA
Pseudacris_triseriata,1,NA,NA,NA,NA,NA,NA,NA,NA,NA,NA,NA,NA,NA,NA,NA,NA,NA,NA,NA,NA,NA,NA,NA,NA,NA,0.0143867537654583,0.00987252918871617,0.00174417479282063,-0.00740436681984391,-0.0149223271329572,-0.0196053529308019,-0.0219481615480257,-0.0233391117064384,-0.0248778646122272,-0.0266291922997233,-0.0278297348012292,NA,NA,NA,NA,NA,NA,NA,NA,NA,NA,NA,NA
Atelopus_mucubajiensis,1,NA,NA,NA,NA,NA,NA,NA,NA,NA,NA,NA,NA,NA,NA,NA,NA,NA,NA,NA,NA,NA,NA,NA,NA,NA,-0.222702374864738,-0.222702374864738,-0.222702374864738,-0.222702374864738,-0.222702374864738,-0.222702374864738,-0.222702374864738,-0.222702374864738,-0.222702374864738,NA,NA,NA,NA,NA,NA,NA,NA,NA,NA,NA,NA,NA,NA
Odorrana_swinhoana,1,NA,NA,NA,NA,NA,NA,NA,NA,NA,NA,NA,NA,NA,NA,NA,NA,NA,NA,NA,NA,NA,NA,NA,NA,NA,NA,-0.221848749616356,0.318766154745091,-0.409263038769428,-0.879177829586532,NA,NA,NA,NA,NA,NA,NA,NA,NA,NA,NA,NA,NA,NA,NA,NA,NA,NA
Pelobates_fuscus,1,NA,NA,NA,NA,NA,NA,NA,NA,NA,NA,NA,NA,NA,NA,NA,NA,NA,NA,NA,NA,NA,NA,NA,NA,NA,NA,NA,-0.00622186913247047,-0.00622186913250999,-0.0062218691326219,-0.00622186913276046,-0.00622186913275602,-0.00622186913239142,-0.00622186913155165,-0.00622186913028555,-0.00622186912874856,-0.00622186912710765,-0.0638220160054852,-0.121155528927522,0.14128683506202,0.0258850389277953,-0.114035309368955,0.206453719310367,-0.00622186912110756,NA,NA,NA,NA
Ascaphus_truei,1,NA,NA,NA,NA,NA,NA,NA,NA,NA,NA,NA,NA,NA,NA,NA,NA,NA,NA,NA,NA,NA,NA,NA,NA,NA,NA,NA,-0.264817823009536,-0.0634401808161628,-0.179815906772009,NA,NA,NA,NA,NA,NA,NA,NA,NA,NA,NA,NA,NA,NA,NA,NA,NA,NA
Rana_pretiosa,1,NA,NA,NA,NA,NA,NA,NA,NA,NA,NA,NA,NA,NA,NA,NA,NA,NA,NA,NA,NA,NA,NA,NA,NA,NA,NA,NA,0.0529057209954193,0.0529057209954198,0.0529057209954193,NA,NA,NA,NA,NA,NA,NA,NA,NA,NA,NA,NA,NA,NA,NA,NA,NA,NA
Litoria_rothii,1,NA,NA,NA,NA,NA,NA,NA,NA,NA,NA,NA,NA,NA,NA,NA,NA,NA,NA,NA,NA,NA,NA,NA,NA,NA,NA,NA,NA,NA,-0.0374878009672825,0.0643165788264618,0.107717088661492,0.135353594534073,0.133783049028205,0.110390510515035,0.078885360041142,0.0419023328811282,-0.119372244240661,-0.236236584435256,-0.304840484850534,-0.235071554966205,-0.00190166391781688,0.295336824694001,0.491637174153976,NA,NA,NA,NA
Litoria_nasuta,1,NA,NA,NA,NA,NA,NA,NA,NA,NA,NA,NA,NA,NA,NA,NA,NA,NA,NA,NA,NA,NA,NA,NA,NA,NA,NA,NA,NA,NA,0.0410817574957973,0.0660820470895144,0.095594920943128,0.0919207475400088,0.0287081550156131,-0.0822565453228854,-0.190555094584523,-0.237571432469512,-0.197008314144239,-0.0932816946952866,0.0171956723056157,0.0855847596872763,0.099244997710962,0.080541950984937,0.0621819718411735,NA,NA,NA,NA
Ranoidea_dahlii,1,NA,NA,NA,NA,NA,NA,NA,NA,NA,NA,NA,NA,NA,NA,NA,NA,NA,NA,NA,NA,NA,NA,NA,NA,NA,NA,NA,NA,NA,-0.482589688475575,-0.353514801428549,-0.0767912481883684,0.259620559355986,0.459508505554421,0.404124372866338,0.200413684981622,0.0469092869025885,-0.0369176233392313,-0.220976565115514,-0.548708575135473,-0.734067079838624,-0.438783292714574,0.251021245742685,0.807789436580417,NA,NA,NA,NA
Litoria_bicolor,1,NA,NA,NA,NA,NA,NA,NA,NA,NA,NA,NA,NA,NA,NA,NA,NA,NA,NA,NA,NA,NA,NA,NA,NA,NA,NA,NA,NA,NA,0.183719705172012,0.1687381064309,0.125306879135335,0.0492169583972649,-0.0414851745649631,-0.116728254009871,-0.155135298588776,-0.151435152232593,-0.108078012479145,-0.0309044160557084,0.0622249574268144,0.138198130292153,0.168494024079095,0.156343727598787,0.135514156873092,NA,NA,NA,NA
Gyrinophilus_porphyriticus,1,NA,NA,NA,NA,NA,NA,NA,NA,NA,NA,NA,NA,NA,NA,NA,NA,NA,NA,NA,NA,NA,NA,NA,NA,NA,NA,NA,NA,NA,0.022857966394958,-0.00819286986929457,-0.0573059013943835,-0.0972710841878186,0.0480819880291832,-0.0708613273648606,-0.0199078426867934,0.0166673188460289,0.0179256540090069,-0.00819289353666774,-0.0325671854470222,NA,NA,-0.118249644003432,0.00717057067399085,0.063456303265538,0.00381608288401492,0.00381608288401501,0.00381608288401495
Ranoidea_aurea,1,NA,NA,NA,NA,NA,NA,NA,NA,NA,NA,NA,NA,NA,NA,NA,NA,NA,NA,NA,NA,NA,NA,NA,NA,NA,NA,NA,NA,NA,-0.52680903890877,0.0555173278498315,0.384688663038069,0.384688663038069,NA,NA,NA,NA,NA,NA,NA,NA,NA,NA,NA,NA,NA,NA,NA
Bombina_variegata,1,NA,NA,NA,NA,NA,NA,NA,NA,NA,NA,NA,NA,NA,NA,NA,NA,NA,NA,NA,NA,NA,NA,NA,NA,NA,NA,NA,NA,NA,NA,0.0645757501641313,0.0645757501640896,0.0645757501640674,0.0645757501640971,0.0645757501640958,0.0645757501639119,0.064575750163459,0.0645757501627662,0.0645757501619464,0.064575750161167,0.0645757501606128,0.0645757501604041,0.0645757501604742,0.0645757501605986,NA,NA,NA,NA
Pelophylax_bedriagae,1,NA,NA,NA,NA,NA,NA,NA,NA,NA,NA,NA,NA,NA,NA,NA,NA,NA,NA,NA,NA,NA,NA,NA,NA,NA,NA,NA,NA,NA,NA,0.184163750790475,0.184163750790475,0.184163750790475,0.184163750790475,0.184163750790475,NA,NA,NA,NA,NA,NA,NA,NA,NA,NA,NA,NA,NA
Alytes_obstetricans,1,NA,NA,NA,NA,NA,NA,NA,NA,NA,NA,NA,NA,NA,NA,NA,NA,NA,NA,NA,NA,NA,NA,NA,NA,NA,NA,NA,NA,NA,NA,NA,0.00617111596404429,0.00617111596411535,0.00617111596433118,0.00617111596477793,0.00617111596550424,0.00617111596647213,0.00617111596754283,0.00617111596851183,0.00617111596920883,0.00617111596957876,0.00617111596968334,0.00617111596965358,0.0061711159696114,NA,NA,NA,NA
Mixophyes_fleayi,1,NA,NA,NA,NA,NA,NA,NA,NA,NA,NA,NA,NA,NA,NA,NA,NA,NA,NA,NA,NA,NA,NA,NA,NA,NA,NA,NA,NA,NA,NA,NA,0.205665662072464,0.0792307655614036,0.245373816080318,0.211893384512584,-0.0410575279048052,0.0877870453990991,0.00466710525932834,NA,NA,NA,NA,NA,NA,NA,NA,NA,NA
Necturus_maculosus,1,NA,NA,NA,NA,NA,NA,NA,NA,NA,NA,NA,NA,NA,NA,NA,NA,NA,NA,NA,NA,NA,NA,NA,NA,NA,NA,NA,NA,NA,NA,NA,NA,-0.514909815609062,NA,NA,NA,NA,NA,NA,-0.387216143280265,NA,NA,NA,NA,NA,NA,NA,NA
Teratohyla_spinosa,1,NA,NA,NA,NA,NA,NA,NA,NA,NA,NA,NA,NA,NA,NA,NA,NA,NA,NA,NA,NA,NA,NA,NA,NA,NA,NA,NA,NA,NA,NA,NA,NA,NA,-0.400864274756529,-0.400864274756529,-0.400864274756528,-0.400864274756529,-0.400864274756528,NA,NA,NA,NA,NA,NA,NA,NA,NA,NA
Smilisca_phaeota,1,NA,NA,NA,NA,NA,NA,NA,NA,NA,NA,NA,NA,NA,NA,NA,NA,NA,NA,NA,NA,NA,NA,NA,NA,NA,NA,NA,NA,NA,NA,NA,NA,NA,0.0701752736618158,0.0701752736618158,0.0701752736618158,0.0701752736618158,0.0701752736618158,NA,NA,NA,NA,NA,NA,NA,NA,NA,NA
Silverstoneia_flotator,1,NA,NA,NA,NA,NA,NA,NA,NA,NA,NA,NA,NA,NA,NA,NA,NA,NA,NA,NA,NA,NA,NA,NA,NA,NA,NA,NA,NA,NA,NA,NA,NA,NA,-0.0398080914253298,-0.03980809142533,-0.03980809142533,-0.03980809142533,-0.0398080914253298,NA,NA,NA,NA,NA,NA,NA,NA,NA,NA
Sachatamia_ilex,1,NA,NA,NA,NA,NA,NA,NA,NA,NA,NA,NA,NA,NA,NA,NA,NA,NA,NA,NA,NA,NA,NA,NA,NA,NA,NA,NA,NA,NA,NA,NA,NA,NA,0.0636685941687165,0.063668594168717,0.0636685941687165,0.0636685941687167,0.0636685941687165,NA,NA,NA,NA,NA,NA,NA,NA,NA,NA
Sachatamia_albomaculata,1,NA,NA,NA,NA,NA,NA,NA,NA,NA,NA,NA,NA,NA,NA,NA,NA,NA,NA,NA,NA,NA,NA,NA,NA,NA,NA,NA,NA,NA,NA,NA,NA,NA,-0.227835835144582,-0.227835835144582,-0.227835835144582,-0.227835835144582,-0.227835835144582,NA,NA,NA,NA,NA,NA,NA,NA,NA,NA
Lithobates_warszewitschii,1,NA,NA,NA,NA,NA,NA,NA,NA,NA,NA,NA,NA,NA,NA,NA,NA,NA,NA,NA,NA,NA,NA,NA,NA,NA,NA,NA,NA,NA,NA,NA,NA,NA,-0.400864274756529,-0.400864274756529,-0.400864274756528,-0.400864274756529,-0.400864274756528,NA,NA,NA,NA,NA,NA,NA,NA,NA,NA
Hyloscirtus_palmeri,1,NA,NA,NA,NA,NA,NA,NA,NA,NA,NA,NA,NA,NA,NA,NA,NA,NA,NA,NA,NA,NA,NA,NA,NA,NA,NA,NA,NA,NA,NA,NA,NA,NA,-0.0254177427363718,-0.0254177427363718,-0.0254177427363718,-0.0254177427363718,-0.0254177427363718,NA,NA,NA,NA,NA,NA,NA,NA,NA,NA
Hyloscirtus_colymba,1,NA,NA,NA,NA,NA,NA,NA,NA,NA,NA,NA,NA,NA,NA,NA,NA,NA,NA,NA,NA,NA,NA,NA,NA,NA,NA,NA,NA,NA,NA,NA,NA,NA,-0.216026520690608,-0.216026520690608,-0.216026520690608,-0.216026520690608,-0.216026520690608,NA,NA,NA,NA,NA,NA,NA,NA,NA,NA
Hyalinobatrachium_talamancae,1,NA,NA,NA,NA,NA,NA,NA,NA,NA,NA,NA,NA,NA,NA,NA,NA,NA,NA,NA,NA,NA,NA,NA,NA,NA,NA,NA,NA,NA,NA,NA,NA,NA,0.214063557143264,0.214063557143264,0.214063557143264,0.214063557143264,0.214063557143264,NA,NA,NA,NA,NA,NA,NA,NA,NA,NA
Hyalinobatrachium_colymbiphyllum,1,NA,NA,NA,NA,NA,NA,NA,NA,NA,NA,NA,NA,NA,NA,NA,NA,NA,NA,NA,NA,NA,NA,NA,NA,NA,NA,NA,NA,NA,NA,NA,NA,NA,-0.056784418594425,-0.0567844185944251,-0.056784418594425,-0.0567844185944248,-0.0567844185944251,NA,NA,NA,NA,NA,NA,NA,NA,NA,NA
Gastrotheca_cornuta,1,NA,NA,NA,NA,NA,NA,NA,NA,NA,NA,NA,NA,NA,NA,NA,NA,NA,NA,NA,NA,NA,NA,NA,NA,NA,NA,NA,NA,NA,NA,NA,NA,NA,-0.400864274756529,-0.400864274756529,-0.400864274756528,-0.400864274756529,-0.400864274756528,NA,NA,NA,NA,NA,NA,NA,NA,NA,NA
Espadarana_prosoblepon,1,NA,NA,NA,NA,NA,NA,NA,NA,NA,NA,NA,NA,NA,NA,NA,NA,NA,NA,NA,NA,NA,NA,NA,NA,NA,NA,NA,NA,NA,NA,NA,NA,NA,-0.00134376939674741,-0.00134376939674752,-0.00134376939674752,-0.00134376939674741,-0.00134376939674741,NA,NA,NA,NA,NA,NA,NA,NA,NA,NA
Dendrobates_auratus,1,NA,NA,NA,NA,NA,NA,NA,NA,NA,NA,NA,NA,NA,NA,NA,NA,NA,NA,NA,NA,NA,NA,NA,NA,NA,NA,NA,NA,NA,NA,NA,NA,NA,-0.160896037821198,-0.160896037821199,-0.160896037821198,-0.160896037821199,-0.160896037821198,NA,NA,NA,NA,NA,NA,NA,NA,NA,NA
Craugastor_punctariolus,1,NA,NA,NA,NA,NA,NA,NA,NA,NA,NA,NA,NA,NA,NA,NA,NA,NA,NA,NA,NA,NA,NA,NA,NA,NA,NA,NA,NA,NA,NA,NA,NA,NA,-0.400864274756529,-0.400864274756529,-0.400864274756529,-0.400864274756529,-0.400864274756529,NA,NA,NA,NA,NA,NA,NA,NA,NA,NA
Colostethus_pratti,1,NA,NA,NA,NA,NA,NA,NA,NA,NA,NA,NA,NA,NA,NA,NA,NA,NA,NA,NA,NA,NA,NA,NA,NA,NA,NA,NA,NA,NA,NA,NA,NA,NA,-0.400864274756529,-0.400864274756528,-0.400864274756529,-0.400864274756528,-0.400864274756529,NA,NA,NA,NA,NA,NA,NA,NA,NA,NA
Colostethus_panamansis,1,NA,NA,NA,NA,NA,NA,NA,NA,NA,NA,NA,NA,NA,NA,NA,NA,NA,NA,NA,NA,NA,NA,NA,NA,NA,NA,NA,NA,NA,NA,NA,NA,NA,-0.349054004797798,-0.349054004797798,-0.349054004797797,-0.349054004797797,-0.349054004797797,NA,NA,NA,NA,NA,NA,NA,NA,NA,NA
Cochranella_granulosa,1,NA,NA,NA,NA,NA,NA,NA,NA,NA,NA,NA,NA,NA,NA,NA,NA,NA,NA,NA,NA,NA,NA,NA,NA,NA,NA,NA,NA,NA,NA,NA,NA,NA,-0.400864274756529,-0.400864274756529,-0.400864274756529,-0.400864274756529,-0.400864274756528,NA,NA,NA,NA,NA,NA,NA,NA,NA,NA
Agalychnis_lemur,1,NA,NA,NA,NA,NA,NA,NA,NA,NA,NA,NA,NA,NA,NA,NA,NA,NA,NA,NA,NA,NA,NA,NA,NA,NA,NA,NA,NA,NA,NA,NA,NA,NA,-0.400864274756529,-0.400864274756529,-0.400864274756528,-0.400864274756529,-0.400864274756528,NA,NA,NA,NA,NA,NA,NA,NA,NA,NA
Cochranella_euknemos,1,NA,NA,NA,NA,NA,NA,NA,NA,NA,NA,NA,NA,NA,NA,NA,NA,NA,NA,NA,NA,NA,NA,NA,NA,NA,NA,NA,NA,NA,NA,NA,NA,NA,-0.400864274756529,-0.400864274756529,-0.400864274756529,-0.400864274756529,-0.400864274756528,NA,NA,NA,NA,NA,NA,NA,NA,NA,NA
Atelopus_zeteki,1,NA,NA,NA,NA,NA,NA,NA,NA,NA,NA,NA,NA,NA,NA,NA,NA,NA,NA,NA,NA,NA,NA,NA,NA,NA,NA,NA,NA,NA,NA,NA,NA,NA,-0.187094057299184,-0.181465466014377,-0.0212502353686478,-0.187094057299184,-0.187094057299184,NA,NA,NA,NA,NA,NA,NA,NA,NA,NA
Rhinella_marina,1,NA,NA,NA,NA,NA,NA,NA,NA,NA,NA,NA,NA,NA,NA,NA,NA,NA,NA,NA,NA,NA,NA,NA,NA,NA,NA,NA,NA,NA,NA,NA,NA,NA,NA,NA,0.477441140406214,0.38991818278951,0.169537486626452,0.100690629481948,-0.253913438340742,-0.117990002408571,-0.0387554824372369,0.08093695498382,0.163528483579698,NA,NA,NA,NA
Atelopus_cruciger,1,NA,NA,NA,NA,NA,NA,NA,NA,NA,NA,NA,NA,NA,NA,NA,NA,NA,NA,NA,NA,NA,NA,NA,NA,NA,NA,NA,NA,NA,NA,NA,NA,NA,NA,NA,NA,0.117385598717854,NA,NA,NA,NA,NA,NA,NA,NA,NA,NA,NA
Ranoidea_australis,1,NA,NA,NA,NA,NA,NA,NA,NA,NA,NA,NA,NA,NA,NA,NA,NA,NA,NA,NA,NA,NA,NA,NA,NA,NA,NA,NA,NA,NA,NA,NA,NA,NA,NA,NA,NA,NA,0.671866691552919,-0.0537492813846506,-0.526743823647479,0.4246197294739,0.4246197294739,0.4246197294739,0.4246197294739,NA,NA,NA,NA
Craugastor_ranoides,1,NA,NA,NA,NA,NA,NA,NA,NA,NA,NA,NA,NA,NA,NA,NA,NA,NA,NA,NA,NA,NA,NA,NA,NA,NA,NA,NA,NA,NA,NA,NA,NA,NA,NA,NA,NA,NA,0.0305901244518818,NA,NA,NA,NA,NA,NA,NA,NA,NA,NA
Rana_tavasensis,1,NA,NA,NA,NA,NA,NA,NA,NA,NA,NA,NA,NA,NA,NA,NA,NA,NA,NA,NA,NA,NA,NA,NA,NA,NA,NA,NA,NA,NA,NA,NA,NA,NA,NA,NA,NA,NA,NA,NA,NA,NA,-0.0583038281271069,-0.102246550116318,-0.371146832084101,NA,NA,NA,NA
Adenomus_kandianus,1,NA,NA,NA,NA,NA,NA,NA,NA,NA,NA,NA,NA,NA,NA,NA,NA,NA,NA,NA,NA,NA,NA,NA,NA,NA,NA,NA,NA,NA,NA,NA,NA,NA,NA,NA,NA,NA,NA,NA,NA,NA,0.839420907122566,-0.977723605288848,0.8372727025023,NA,NA,NA,NA
