population_id,1970,1971,1972,1973,1974,1975,1976,1977,1978,1979,1980,1981,1982,1983,1984,1985,1986,1987,1988,1989,1990,1991,1992,1993,1994,1995,1996,1997,1998,1999,2000,2001,2002,2003,2004,2005,2006,2007,2008,2009,2010,2011,2012,2013,2014
10578,1,-1,-1,-1,0.105706625159084,0.385063058286158,0.0698078050443307,-1,-1,-1,-1,-1,-1,-1,-1,-1,-1,-1,-1,-1,-1,-1,-1,-1,-1,-1,-1,-1,-1,-1,-1,-1,-1,-1,-1,-1,-1,-1,-1,-1,-1,-1,-1,-1,-1
10545,1,-1,-1,-1,-1,-1,-1,-1,-1,-1,-1,-1,-1,-1,-1,0.136947644081315,-1,-1,-1,-1,-1,-1,-1,-1,-1,-1,-1,-1,-1,-1,-1,-1,-1,-1,-1,-1,-1,-1,-1,-1,-1,-1,-1,-1,-1
26837,1,-1,-1,-1,-1,-1,-1,-1,-1,-1,-1,-1,-1,-1,-1,-1,0.167392652460635,-0.27425827578324,-1,-1,-1,-1,-1,-1,-1,-1,-1,-1,-1,-1,-1,-1,-1,-1,-1,-1,-1,-1,-1,-1,-1,-1,-1,-1,-1
10534,1,-1,-1,-1,-1,-1,-1,-1,-1,-1,-1,-1,-1,-1,-1,-1,-1,0,-1,-1,-1,-1,-1,-1,-1,-1,-1,-1,-1,-1,-1,-1,-1,-1,-1,-1,-1,-1,-1,-1,-1,-1,-1,-1,-1
26840,1,-1,-1,-1,-1,-1,-1,-1,-1,-1,-1,-1,-1,-1,-1,-1,0.0338582672609675,0.597447051225528,-1,-1,-1,-1,-1,-1,-1,-1,-1,-1,-1,-1,-1,-1,-1,-1,-1,-1,-1,-1,-1,-1,-1,-1,-1,-1,-1
26839,1,-1,-1,-1,-1,-1,-1,-1,-1,-1,-1,-1,-1,-1,-1,-1,0.300293278808939,-0.0659647779473023,-1,-1,-1,-1,-1,-1,-1,-1,-1,-1,-1,-1,-1,-1,-1,-1,-1,-1,-1,-1,-1,-1,-1,-1,-1,-1,-1
26640,1,-1,-1,-1,-1,-1,-1,-1,-1,-1,-1,-1,-1,-1,-1,-1,-0.0401678000328707,-0.036357037250409,-0.0327929613162596,-0.0227667214806673,0.0131189927059858,0.0799910652393623,0.146333988481517,0.164494937878803,0.117555819132996,0.0372613631607612,-0.0285197287496244,-0.0587099331661016,-0.0648427091402581,-0.0635086832946687,-0.0560538081300002,-0.0355131845234906,-0.0020070912623118,0.0350606217799878,0.0643023872880009,0.0759510160118482,0.0629835959027887,0.0273726824456149,-0.0146459165281996,-0.0410625510253664,-0.0419337242432816,-0.0263454907419614,-0.010565846569262,-0.00302423144505326,-1
27244,1,-1,-1,-1,-1,-1,-1,-1,-1,-1,-1,-1,-1,-1,-1,-1,-1,-1,-1,-1,-1,-1,-1,-1,-1,-1,-1,-1,-1,-1,-1,-1,-1,-1,-1,-1,-1,-1,0.544068044350276,-0.0959427631194565,-0.0959427631194566,-0.653212513775344,-1,-1,-1
27243,1,-1,-1,-1,-1,-1,-1,-1,-1,-1,-1,-1,-1,-1,-1,-1,-1,-1,-1,-1,-1,-1,-1,-1,-1,-1,-1,-1,-1,-1,-1,-1,-1,-1,-1,-1,-1,-1,-0.06246936830415,-0.06246936830415,0.432650713051272,0.432650713051272,-1,-1,-1
26715,1,-1,-1,-1,-1,-1,-1,-1,-1,-1,-1,-1,-1,-1,-1,-1,-1,-1,-1,-1,-1,-1,-1,-1,-1,-1,-1,-1,-1,-1,-1,-1,-1,-1,-1,-1,-1,-1,-1,0.17093250944482,0.17093250944482,0.170932509444821,0.170932509444821,-1,-1
25665,1,-1,-1,-1,-1,-1,-1,-1,-1,-1,-1,-1,-1,-1,-1,-1,-0.0907003022789585,-0.069277232205857,-0.024837816474522,0.0301531021541004,0.073690320453722,0.091982444774332,0.0889115972773218,0.0764431302352901,0.0601980438731635,0.0392793997993039,0.0166224555293792,0.000983471605429775,-0.00339991644256443,-0.00331404488947196,-0.00877626894393968,-0.0213091064015489,-0.0327246862646102,-0.0335428686822858,-0.020574835389519,0.00101968190107149,0.0201417956654568,0.0270543615736996,0.0230128485698815,0.0211767042201079,0.0325244264610864,0.0511278764009395,0.0598045109555305,0.0520475631646249,0.0407633705420163
25497,1,-1,-1,-1,-1,-1,-1,-1,-1,-1,-1,-1,-1,-1,-1,-1,-0.0638802424461373,-0.0394761699016541,0.00234216940616538,0.0447835143967228,0.0729503671645733,0.0824113114109088,0.0779443012693122,0.0669771351935076,0.0544498322726772,0.0421924527940905,0.0310473295131239,0.0224148227589307,0.017841883958126,0.017647961820989,0.0201744041606422,0.0225159905836037,-1,-1,-1,-1,-1,-1,-1,-1,-1,-1,-1,-1,-1
27191,1,-1,-1,-1,-1,-1,-1,-1,-1,-1,-1,-1,-1,-1,-1,-1,-1,0.00109235426170154,-0.0165746868680204,-0.0454167315670349,-0.0740681939632918,-0.0965036416221608,-0.115047370736324,-0.134170604595823,-0.15404562578721,-0.170714570006974,-0.180917244767244,-0.184974492934001,-1,-1,-1,-1,-1,-1,-1,-1,-1,-1,-1,-1,-1,-1,-1,-1,-1
11271,1,-1,-1,-1,-1,-1,-1,-1,-1,-1,-1,-1,-1,-1,-1,-1,-1,-1,-0.0669467896306133,-0.477121254719662,0.0486344531489777,0.0486344531489777,0.0486344531489777,0.0486344531489775,0.048634453148978,0.0486344531489775,0.0486344531489777,0.0486344531489777,0.0486344531489777,0.0486344531489777,0.0486344531489777,0.0486344531489777,0.0486344531489777,0.0486344531489777,0.0486344531489776,0.0486344531489777,-1,-1,-1,-1,-1,-1,-1,-1,-1
27084,1,-1,-1,-1,-1,-1,-1,-1,-1,-1,-1,-1,-1,-1,-1,-1,-1,-1,-1,-1,-1,-1,-1,-1,-1,-1,-1,-1,-1,-1,-1,0.609746819994253,-0.609746819994253,0,0.0843208857000359,-1,-1,-1,-1,-1,-1,-1,-1,-1,-1
27003,1,-1,-1,-1,-1,-1,-1,-1,-1,-1,-1,-1,-1,-1,-1,-1,-1,-1,-1,-1,-1,-1,-1,-1,-1,-1,-1,-1,-1,-1,-1,-0.248093920476183,0.0750081715602267,-0.102562515559068,0.378945076144481,0.100068532252886,-1,-1,-1,-1,-1,-1,-1,-1,-1
26958,1,-1,-1,-1,-1,-1,-1,-1,-1,-1,-1,-1,-1,-1,-1,-1,-1,-1,-1,-1,-1,-1,-1,-1,-1,-1,-1,-1,-1,-1,-1,0.27693156569217,-1.01056087252745,0.535391506405305,-0.192968825583099,0.131344931889868,-1,-1,-1,-1,-1,-1,-1,-1,-1
27043,1,-1,-1,-1,-1,-1,-1,-1,-1,-1,-1,-1,-1,-1,-1,-1,-1,-1,-1,-1,-1,-1,-1,-1,-1,-1,-1,-1,-1,-1,-1,-1,1.73339790936142,0.352368217212795,0.00369740426597522,-0.0675854219797013,-1,-1,-1,-1,-1,-1,-1,-1,-1
11260,1,-1,-1,-1,-1,-1,-1,-1,-1,-1,-1,-1,-1,-1,-1,-1,-1,-1,-0.818206762119849,0.491564682611936,-0.00210928644297875,-0.00210928644297875,-0.0021092864429787,-0.00210928644297881,-0.0021092864429787,-0.00210928644297864,-0.00210928644297881,-0.0021092864429787,-0.00210928644297875,-0.00210928644297875,-0.0021092864429787,-0.0021092864429787,-0.00210928644297881,-0.00210928644297875,-0.00210928644297864,-0.00210928644297881,-1,-1,-1,-1,-1,-1,-1,-1,-1
27073,1,-1,-1,-1,-1,-1,-1,-1,-1,-1,-1,-1,-1,-1,-1,-1,-1,-1,-1,-1,-1,-1,-1,-1,-1,-1,-1,-1,-1,-1,-1,0.237068153584343,0.237068153584344,0.237068153584343,-0.394934498532312,0.456680094477118,-1,-1,-1,-1,-1,-1,-1,-1,-1
27033,1,-1,-1,-1,-1,-1,-1,-1,-1,-1,-1,-1,-1,-1,-1,-1,-1,-1,-1,-1,-1,-1,-1,-1,-1,-1,-1,-1,-1,-1,-1,0.0075531378904459,0.0469522514341656,0.0469522514341656,0.151267675330649,-0.0843208857000359,-1,-1,-1,-1,-1,-1,-1,-1,-1
26994,1,-1,-1,-1,-1,-1,-1,-1,-1,-1,-1,-1,-1,-1,-1,-1,-1,-1,-1,-1,-1,-1,-1,-1,-1,-1,-1,-1,-1,-1,-1,-0.164595233632819,0.0186535504491387,0.0141142090652102,-0.274107352841101,0.413327251943656,-1,-1,-1,-1,-1,-1,-1,-1,-1
26945,1,-1,-1,-1,-1,-1,-1,-1,-1,-1,-1,-1,-1,-1,-1,-1,-1,-1,-1,-1,-1,-1,-1,-1,-1,-1,-1,-1,-1,-1,-1,0.263740910944533,-0.522878745280338,0.218843239476631,-0.15836249209525,0.155336037465062,-1,-1,-1,-1,-1,-1,-1,-1,-1
26680,1,-1,-1,-1,-1,-1,-1,-1,-1,-1,-1,-1,-1,-1,-1,-1,-1,-1,-1,-1,-1,-1,-1,-1,-1,-1,-1,-1,-1,-1,-1,-1,-1,-1,-1,-1,-1,-0.146444231276754,-0.146444231276754,-0.146444231276754,-1,-1,-1,-1,-1
11250,1,-1,-1,-1,-1,-1,-1,-1,-1,-1,-1,-1,-1,-1,-1,-1,-1,-1,-0.241484220617673,0.163235938370094,-0.0045556059290266,-0.0045556059290266,-0.0045556059290266,-0.00455560592902671,-0.0045556059290266,-0.00455560592902671,-0.0045556059290266,-0.0045556059290266,-0.00455560592902671,-0.0045556059290266,-0.0045556059290266,-0.0045556059290266,-0.0045556059290266,-0.00455560592902671,-0.0045556059290266,-0.0045556059290266,-1,-1,-1,-1,-1,-1,-1,-1,-1
10527,1,-1,-1,-1,-1,-1,-1,-1,-1,-1,-1,-1,-1,-1,-1,-1,-1,-1,0.0367654660263285,0.0236120319650527,0.000854911799346741,-0.0248814833240238,-0.0502753503323154,-0.0764351192069984,-0.104355657760156,-0.131546167794962,-0.153649868711522,-0.168430400996353,-0.177351662018432,-0.183454952291781,-0.188302302176341,-0.191230531872713,-1,-1,-1,-1,-1,-1,-1,-1,-1,-1,-1,-1,-1
10525,1,-1,-1,-1,-1,-1,-1,-1,-1,-1,-1,-1,-1,-1,-1,-1,-1,-1,0.286916707345534,0.252878891893669,0.198007683428457,0.142569454883123,0.0960447523594768,0.0584418754340503,0.030283522528405,0.00975706916073626,-0.0156373280885915,-0.0617652057812754,-0.12854440407878,-0.195400711894474,-0.240309876662849,-0.258616841921497,-1,-1,-1,-1,-1,-1,-1,-1,-1,-1,-1,-1,-1
10524,1,-1,-1,-1,-1,-1,-1,-1,-1,-1,-1,-1,-1,-1,-1,-1,-1,-1,0.365279837220248,0.280503626902605,0.134486671201554,-0.0159153106314776,-0.116794191575313,-0.141536877832369,-0.0955477430426319,-0.0149891978593226,0.047999838720346,0.0599393465274098,0.0330137653511451,0.00864663760480933,0.0103903103084955,0.0231743271208786,-1,-1,-1,-1,-1,-1,-1,-1,-1,-1,-1,-1,-1
10523,1,-1,-1,-1,-1,-1,-1,-1,-1,-1,-1,-1,-1,-1,-1,-1,-1,-1,-1,-1,-1,-0.0079962842166923,-0.00799628421663889,-0.00799628421661169,-0.00799628421676157,-0.00799628421724319,-0.00799628421810494,-0.00799628421922371,-0.00799628422033183,-0.00799628422116794,-0.00799628422162479,-0.007996284221782,-1,-1,-1,-1,-1,-1,-1,-1,-1,-1,-1,-1,-1
27067,1,-1,-1,-1,-1,-1,-1,-1,-1,-1,-1,-1,-1,-1,-1,-1,-1,-1,-1,-1,-1,-1,-1,-1,-1,-1,-1,-1,-1,-1,-1,-0.0447463271658128,0,0.0477727817960007,-0.524894036515663,0.490383185387499,-1,-1,-1,-1,-1,-1,-1,-1,-1
27025,1,-1,-1,-1,-1,-1,-1,-1,-1,-1,-1,-1,-1,-1,-1,-1,-1,-1,-1,-1,-1,-1,-1,-1,-1,-1,-1,-1,-1,-1,-1,0.0361006220259746,0.0778963501935055,-0.316308261482783,-0.251732642555749,0.427453501177972,-1,-1,-1,-1,-1,-1,-1,-1,-1
26991,1,-1,-1,-1,-1,-1,-1,-1,-1,-1,-1,-1,-1,-1,-1,-1,-1,-1,-1,-1,-1,-1,-1,-1,-1,-1,-1,-1,-1,-1,-1,-0.297169574850743,0.599167897519904,-0.794913844572055,-0.556302500767287,-1,-1,-1,-1,-1,-1,-1,-1,-1,-1
26943,1,-1,-1,-1,-1,-1,-1,-1,-1,-1,-1,-1,-1,-1,-1,-1,-1,-1,-1,-1,-1,-1,-1,-1,-1,-1,-1,-1,-1,-1,-1,-0.0633664356188697,-0.178594404209486,-0.604577647549209,-0.17107045768063,0.598299842454656,-1,-1,-1,-1,-1,-1,-1,-1,-1
11225,1,-1,-1,-1,-1,-1,-1,-1,-1,-1,-1,-1,-1,-1,-1,-1,-1,-1,-0.178246571081816,0.0127742880364288,-0.0396705692550831,-0.0396705692550832,-0.0396705692550831,-0.0396705692550832,-0.0396705692550832,-0.0396705692550831,-0.0396705692550832,-0.0396705692550832,-0.0396705692550831,-0.0396705692550832,-0.0396705692550832,-0.0396705692550832,-0.0396705692550832,-0.0396705692550832,-0.0396705692550832,-0.0396705692550832,-1,-1,-1,-1,-1,-1,-1,-1,-1
11220,1,-1,-1,-1,-1,-1,-1,-1,-1,-1,-1,-1,-1,-1,-1,-1,-1,-1,-0.527677628162106,0.339488247483157,0.00262883406254452,0.00262883406254444,0.00262883406254444,0.00262883406254444,0.00262883406254447,0.00262883406254444,0.00262883406254452,0.00262883406254441,0.00262883406254455,0.00262883406254447,0.00262883406254444,0.00262883406254447,0.00262883406254449,0.00262883406254444,0.00262883406254444,0.00262883406254444,-1,-1,-1,-1,-1,-1,-1,-1,-1
10558,1,-1,-1,-1,-1,-1,-1,-1,-1,-1,-1,-1,-1,-1,-1,-1,-1,-1,-1,-1,-1,-1,-0.131463216824447,-0.100599393728106,-0.0517918005189178,-0.0124795644376287,-0.00526955004813934,-0.0313966304803713,-0.0705068490117268,-0.0965364828357834,-1,-1,-1,-1,-1,-1,-1,-1,-1,-1,-1,-1,-1,-1,-1
10557,1,-1,-1,-1,-1,-1,-1,-1,-1,-1,-1,-1,-1,-1,-1,-1,-1,-1,-1,-1,-1,-1,-0.0363181982481894,-0.0317159888025912,-0.0308523072545187,-0.0384309598562371,-0.0467789499675071,-0.0410876371443017,-0.0141244336700161,0.0235329087670121,0.0497595174734173,-1,-1,-1,-1,-1,-1,-1,-1,-1,-1,-1,-1,-1,-1
10556,1,-1,-1,-1,-1,-1,-1,-1,-1,-1,-1,-1,-1,-1,-1,-1,-1,-1,-1,-1,-1,-1,0.034434014116583,0.031074000801766,0.0243395727679607,0.0151948974620551,0.00520947267992539,-0.00390647853472893,-0.010602315712431,-0.0139373560761957,-1,-1,-1,-1,-1,-1,-1,-1,-1,-1,-1,-1,-1,-1,-1
10552,1,-1,-1,-1,-1,-1,-1,-1,-1,-1,-1,-1,-1,-1,-1,-1,-1,-1,-1,-1,-1,-1,-1,-1,-1,-1,-1,0.301029995663981,-0.154901959985743,0.2498774732166,-0.0949755132308568,0,-0.0734289171585335,-1,-1,-1,-1,-1,-1,-1,-1,-1,-1,-1,-1
26592,1,-1,-1,-1,-1,-1,-1,-1,-1,-1,-1,-1,-1,-1,-1,-1,-1,-1,-1,-1,-1,-1,-1,-1,-1,-1,-1,-1,-1,-1,-1,-1,-1,-1,-1,-1,-1,0.0269226428228806,-1,-1,-1,-1,-1,-1,-1
10554,1,-1,-1,-1,-1,-1,-1,-1,-1,-1,-1,-1,-1,-1,-1,-1,-1,-1,-1,-1,-1,-1,0.0156170280358642,0.015617028035049,0.0156170280334951,0.0156170280315505,0.0156170280296463,0.0156170280281086,0.0156170280271013,0.0156170280266398,-1,-1,-1,-1,-1,-1,-1,-1,-1,-1,-1,-1,-1,-1,-1
10553,1,-1,-1,-1,-1,-1,-1,-1,-1,-1,-1,-1,-1,-1,-1,-1,-1,-1,-1,-1,-1,-1,-1,-1,-1,-1,-1,0.121803022755441,-0.021779774323242,0.0791812460476249,0.020203386088287,-0.0776048578126698,-0.121803022755441,-1,-1,-1,-1,-1,-1,-1,-1,-1,-1,-1,-1
18477,1,-1,-1,-1,-1,-1,-1,-1,-1,-1,-1,-1,-1,-1,-1,-1,-1,-1,-1,-1,-1,-1,-1,-1,-1,-1,-1,-1,-1,-1,-1,-1,-1,-1,-1,-1,-1,-1,-1,-1,-1,-1,0.206144669222339,-0.118257151251785,-1
6327,1,-1,-1,-1,-1,-1,-1,-1,-1,-1,-1,-1,-1,-1,-1,-1,-1,-1,-1,-1,-1,-1,-1,-1,-0.698970004336019,0.860338006570994,-0.462397997898956,-1,0.903089986991944,-1,-1,-1,-1,-1,-1,-1,-1,-1,-1,-1,-1,-1,-1,-1,-1
6326,1,-1,-1,-1,-1,-1,-1,-1,-1,-1,-1,-1,-1,-1,-1,-1,-1,-1,-1,-1,-1,-1,-1,-1,-0.161850819941071,0.5193621715575,-0.377255409812187,-0.178623595571076,-0.676693609624867,-1,-1,-1,-1,-1,-1,-1,-1,-1,-1,-1,-1,-1,-1,-1,-1
9283,1,-1,-1,-1,-1,-1,-1,-1,-1,-1,-1,-1,-1,-1,-1,-1,-1,-1,-1,-1,-1,-1,-1,-1,-1,0.334053562297107,0.334053562297107,0.334053562297107,0.334053562297107,0.334053562297107,0.334053562297107,-1,-1,-1,-1,-1,-1,-1,-1,-1,-1,-1,-1,-1,-1
27057,1,-1,-1,-1,-1,-1,-1,-1,-1,-1,-1,-1,-1,-1,-1,-1,-1,-1,-1,-1,-1,-1,-1,-1,-1,-1,-1,-1,-1,-1,-1,0.394185207782665,0.394185207782665,0.264158635710855,-0.00275743454518887,-0.27682156003316,-1,-1,-1,-1,-1,-1,-1,-1,-1
26987,1,-1,-1,-1,-1,-1,-1,-1,-1,-1,-1,-1,-1,-1,-1,-1,-1,-1,-1,-1,-1,-1,-1,-1,-1,-1,-1,-1,-1,-1,-1,0.330993219041424,0.238882088915137,0.121585094600712,-0.0260134323649179,-0.275016563299063,-1,-1,-1,-1,-1,-1,-1,-1,-1
26939,1,-1,-1,-1,-1,-1,-1,-1,-1,-1,-1,-1,-1,-1,-1,-1,-1,-1,-1,-1,-1,-1,-1,-1,-1,-1,-1,-1,-1,-1,-1,-0.267520232753856,0.154041118312607,0.277800154945506,-0.584904298321681,0.536131477619654,-1,-1,-1,-1,-1,-1,-1,-1,-1
9277,1,-1,-1,-1,-1,-1,-1,-1,-1,-1,-1,-1,-1,-1,-1,-1,-1,-1,-1,-1,-1,-1,-1,-1,-1,0.334053562297107,0.334053562297107,0.334053562297107,0.334053562297107,0.334053562297107,0.334053562297107,-1,-1,-1,-1,-1,-1,-1,-1,-1,-1,-1,-1,-1,-1
27064,1,-1,-1,-1,-1,-1,-1,-1,-1,-1,-1,-1,-1,-1,-1,-1,-1,-1,-1,-1,-1,-1,-1,-1,-1,-1,-1,-1,-1,-1,-1,0.178976947293169,0.0371889549928237,0.0206231971232999,-0.177983612733386,0.0381045263321496,-1,-1,-1,-1,-1,-1,-1,-1,-1
27023,1,-1,-1,-1,-1,-1,-1,-1,-1,-1,-1,-1,-1,-1,-1,-1,-1,-1,-1,-1,-1,-1,-1,-1,-1,-1,-1,-1,-1,-1,-1,-0.00579067888089546,-0.0249950721702625,-0.033135693565807,-0.0658374800060229,0.0189678390759801,-1,-1,-1,-1,-1,-1,-1,-1,-1
9270,1,-1,-1,-1,-1,-1,-1,-1,-1,-1,-1,-1,-1,-1,-1,-1,-1,-1,-1,-1,-1,-1,-1,-1,-1,-0.173565447526371,-0.173565447526371,-0.173565447526371,-0.173565447526371,-0.173565447526371,-0.173565447526371,-1,-1,-1,-1,-1,-1,-1,-1,-1,-1,-1,-1,-1,-1
9262,1,-1,-1,-1,-1,-1,-1,-1,-1,-1,-1,-1,-1,-1,-1,-1,-1,-1,-1,-1,-1,-1,-1,-1,-1,-0.364988540364685,-0.364988540364685,-0.364988540364685,-0.364988540364685,-0.364988540364685,-0.364988540364685,-1,-1,-1,-1,-1,-1,-1,-1,-1,-1,-1,-1,-1,-1
27080,1,-1,-1,-1,-1,-1,-1,-1,-1,-1,-1,-1,-1,-1,-1,-1,-1,-1,-1,-1,-1,-1,-1,-1,-1,-1,-1,-1,-1,-1,-1,0.148939013012066,-0.106994492351509,0.0202033860882869,-0.518513939877887,0.652246341003323,-1,-1,-1,-1,-1,-1,-1,-1,-1
27039,1,-1,-1,-1,-1,-1,-1,-1,-1,-1,-1,-1,-1,-1,-1,-1,-1,-1,-1,-1,-1,-1,-1,-1,-1,-1,-1,-1,-1,-1,-1,0.183888496895543,-0.619402547074055,0.0310342337399687,0.325770373242212,0.0983223540313142,-1,-1,-1,-1,-1,-1,-1,-1,-1
7852,1,-1,-1,-1,-1,-1,-1,-1,-1,-1,-1,-1,-1,-1,-1,-1,-1,-1,-1,-1,-1,-1,-1,-1,-1,-1,-0.0489541376460889,-0.0497084229867069,-0.0489836694472388,-0.0433792403855628,-0.0311394123369195,-0.0143605243591287,0.00137713010338603,0.0103380073106742,-1,-1,-1,-1,-1,-1,-1,-1,-1,-1,-1
7851,1,-1,-1,-1,-1,-1,-1,-1,-1,-1,-1,-1,-1,-1,-1,-1,-1,-1,-1,-1,-1,-1,-1,-1,-1,-1,0.0421956863604724,0.0492720430543661,0.0550849539971041,0.0456872562490989,0.0125214407456187,-0.0387321190515444,-0.0891526163400145,-0.118466075604358,-1,-1,-1,-1,-1,-1,-1,-1,-1,-1,-1
7850,1,-1,-1,-1,-1,-1,-1,-1,-1,-1,-1,-1,-1,-1,-1,-1,-1,-1,-1,-1,-1,-1,-1,-1,-1,-1,-0.0339268216159598,-0.0339268216154467,-0.0339268216146629,-0.0339268216141044,-0.0339268216141653,-0.0339268216148343,-0.0339268216156998,-0.0339268216162538,-1,-1,-1,-1,-1,-1,-1,-1,-1,-1,-1
7849,1,-1,-1,-1,-1,-1,-1,-1,-1,-1,-1,-1,-1,-1,-1,-1,-1,-1,-1,-1,-1,-1,-1,-1,-1,-1,0.122026526101184,0.0933037084823753,0.0405312788284216,-0.0212201258622036,-0.0755241947720096,-0.113080164834574,-0.13334599478755,-0.141033111072324,-1,-1,-1,-1,-1,-1,-1,-1,-1,-1,-1
7848,1,-1,-1,-1,-1,-1,-1,-1,-1,-1,-1,-1,-1,-1,-1,-1,-1,-1,-1,-1,-1,-1,-1,-1,-1,-1,-0.440909082065218,0.0791812460476247,0.0669467896306133,0.0579919469776866,0.361727836017593,-0.185636576961912,0.0142404391146103,-0.248323645147978,-1,-1,-1,-1,-1,-1,-1,-1,-1,-1,-1
7847,1,-1,-1,-1,-1,-1,-1,-1,-1,-1,-1,-1,-1,-1,-1,-1,-1,-1,-1,-1,-1,-1,-1,-1,-1,-1,-0.00185596475749428,-0.00185596475658478,-0.00185596475514926,-0.00185596475399974,-0.00185596475380456,-0.00185596475459704,-0.00185596475576899,-0.00185596475654792,-1,-1,-1,-1,-1,-1,-1,-1,-1,-1,-1
7846,1,-1,-1,-1,-1,-1,-1,-1,-1,-1,-1,-1,-1,-1,-1,-1,-1,-1,-1,-1,-1,-1,-1,-1,-1,-1,-0.228461584419942,-0.143138558549529,-0.00790760720601136,0.101806313973002,0.123696274435246,0.0540131382526039,-0.0517761037103099,-0.122422291738127,-1,-1,-1,-1,-1,-1,-1,-1,-1,-1,-1
7845,1,-1,-1,-1,-1,-1,-1,-1,-1,-1,-1,-1,-1,-1,-1,-1,-1,-1,-1,-1,-1,-1,-1,-1,-1,-1,0.0610115664168189,0.0610115664266819,0.0610115664458581,0.0610115664706752,0.061011566496151,0.0610115665179249,0.0610115665330149,0.0610115665402331,-1,-1,-1,-1,-1,-1,-1,-1,-1,-1,-1
26637,1,-1,-1,-1,-1,-1,-1,-1,-1,-1,-1,-1,-1,-1,-1,-1,-1,-1,-1,-1,-1,-1,-1,-1,-1,-1,-1,-1,0,-0.12963385781668,-0.106455330914287,0.133893579261226,0.0421976797944549,-1,-1,-1,-1,-1,-1,-1,-1,-1,-1,-1,-1
26635,1,-1,-1,-1,-1,-1,-1,-1,-1,-1,-1,-1,-1,-1,-1,-1,-1,-1,-1,-1,-1,-1,-1,-1,-1,-1,-1,-1,0.293730756922482,-0.409124175624551,0,0.362548033583196,0.0681158198974648,-1,-1,-1,-1,-1,-1,-1,-1,-1,-1,-1,-1
26634,1,-1,-1,-1,-1,-1,-1,-1,-1,-1,-1,-1,-1,-1,-1,-1,-1,-1,-1,-1,-1,-1,-1,-1,-1,-1,-1,-1,-1,-0.397940008672037,-0.301029995663981,0,1.04139268515822,-1,-1,-1,-1,-1,-1,-1,-1,-1,-1,-1,-1
26633,1,-1,-1,-1,-1,-1,-1,-1,-1,-1,-1,-1,-1,-1,-1,-1,-1,-1,-1,-1,-1,-1,-1,-1,-1,-1,-1,-1,0.159700842867512,-0.159700842867512,-0.352182518111362,0.477121254719662,-0.234083206033368,-1,-1,-1,-1,-1,-1,-1,-1,-1,-1,-1,-1
26632,1,-1,-1,-1,-1,-1,-1,-1,-1,-1,-1,-1,-1,-1,-1,-1,-1,-1,-1,-1,-1,-1,-1,-1,-1,-1,-1,-1,-0.263241434774581,-0.301029995663981,0.954242509439325,0.0871501757189002,-0.288065018499614,-1,-1,-1,-1,-1,-1,-1,-1,-1,-1,-1,-1
26630,1,-1,-1,-1,-1,-1,-1,-1,-1,-1,-1,-1,-1,-1,-1,-1,-1,-1,-1,-1,-1,-1,-1,-1,-1,-1,-1,-1,0.271066772286538,-0.16840443038939,-0.433655560938572,-0.0669467896306133,0.1249387366083,-1,-1,-1,-1,-1,-1,-1,-1,-1,-1,-1,-1
26629,1,-1,-1,-1,-1,-1,-1,-1,-1,-1,-1,-1,-1,-1,-1,-1,-1,-1,-1,-1,-1,-1,-1,-1,-1,-1,-1,-1,0.184209149277861,-0.236387160942932,0.120293831562536,0.425092254715652,-0.168265921543725,-1,-1,-1,-1,-1,-1,-1,-1,-1,-1,-1,-1
26628,1,-1,-1,-1,-1,-1,-1,-1,-1,-1,-1,-1,-1,-1,-1,-1,-1,-1,-1,-1,-1,-1,-1,-1,-1,-1,-1,-1,0.0816700464513196,0.0791812460476248,-0.138949451051115,-0.322931837111811,-0.258278015243031,-1,-1,-1,-1,-1,-1,-1,-1,-1,-1,-1,-1
26617,1,-1,-1,-1,-1,-1,-1,-1,-1,-1,-1,-1,-1,-1,-1,-1,-1,-1,-1,-1,-1,-1,-1,-1,-1,-1,-1,-1,-0.0969100130080564,0.371067862271736,-0.0923142613189072,0.32870142226184,-0.0955716622357942,-1,-1,-1,-1,-1,-1,-1,-1,-1,-1,-1,-1
6209,1,-1,-1,-1,-1,-1,-1,-1,-1,-1,-1,-1,-1,-1,-1,-1,-1,-1,-1,-1,-1,-1,-1,-1,-1,-1,-1,-1,0.31925481577018,-0.423990166290193,0.0984864012430116,-0.320335150859368,0.0248438920945537,0.0248438920945537,-1,-1,-1,-1,-1,-1,-1,-1,-1,-1,-1
25618,1,-1,-1,-1,-1,-1,-1,-1,-1,-1,-1,-1,-1,-1,-1,-1,-1,-1,-1,-1,-1,-1,-1,-1,-1,-1,-1,-1,-1,0.00752696016636323,0.00913306554344517,0.012345276297608,0.0175737112041151,0.0265233427173897,0.0395353004942406,0.0548443563430304,0.0696208618753246,0.0815605802662325,0.0899006077481486,0.0952626820281235,0.098691197012203,0.100819304584743,0.101817014825328,-1,-1
25617,1,-1,-1,-1,-1,-1,-1,-1,-1,-1,-1,-1,-1,-1,-1,-1,-1,-1,-1,-1,-1,-1,-1,-1,-1,-1,-1,-1,-1,-0.115464366946257,-0.115464366946337,-0.1154643669465,-0.115464366946747,-0.115464366947086,-0.115464366947466,-0.115464366947785,-0.115464366947936,-0.115464366947882,-0.115464366947673,-0.115464366947419,-0.115464366947216,-0.115464366947106,-0.115464366947069,-1,-1
18475,1,-1,-1,-1,-1,-1,-1,-1,-1,-1,-1,-1,-1,-1,-1,-1,-1,-1,-1,-1,-1,-1,-1,-1,-1,-1,-1,-1,-1,0.165976518900681,0.0926466469368017,0.00355095512462267,-0.0314826831539636,-0.00715570034432256,0.0175645540343625,-0.00893391731815862,-0.0764367016798189,-0.130598296470734,-0.13140143404113,-0.0855176802072863,-0.0289056730106414,0.00880327519085977,0.0216417011681744,0.0213466794021877,-1
27083,1,-1,-1,-1,-1,-1,-1,-1,-1,-1,-1,-1,-1,-1,-1,-1,-1,-1,-1,-1,-1,-1,-1,-1,-1,-1,-1,-1,-1,-1,-1,-0.391908043902125,0.0939045028683312,-0.223864040851682,0,-0.403019534201313,-1,-1,-1,-1,-1,-1,-1,-1,-1
27082,1,-1,-1,-1,-1,-1,-1,-1,-1,-1,-1,-1,-1,-1,-1,-1,-1,-1,-1,-1,-1,-1,-1,-1,-1,-1,-1,-1,-1,-1,-1,-0.316269962220718,0,0.158134981110359,0.158134981110359,-0.231949076520682,-1,-1,-1,-1,-1,-1,-1,-1,-1
27042,1,-1,-1,-1,-1,-1,-1,-1,-1,-1,-1,-1,-1,-1,-1,-1,-1,-1,-1,-1,-1,-1,-1,-1,-1,-1,-1,-1,-1,-1,-1,0.0075531378904459,-0.532979072184663,0.532979072184663,-0.301029995663981,0.461881288162926,-1,-1,-1,-1,-1,-1,-1,-1,-1
27081,1,-1,-1,-1,-1,-1,-1,-1,-1,-1,-1,-1,-1,-1,-1,-1,-1,-1,-1,-1,-1,-1,-1,-1,-1,-1,-1,-1,-1,-1,-1,0.360402848358053,-0.196467018427399,0.228996243254319,-0.0716358276442329,0.0462851874444363,-1,-1,-1,-1,-1,-1,-1,-1,-1
27040,1,-1,-1,-1,-1,-1,-1,-1,-1,-1,-1,-1,-1,-1,-1,-1,-1,-1,-1,-1,-1,-1,-1,-1,-1,-1,-1,-1,-1,-1,-1,0.158717162986259,-0.681595908266596,0.149762320333332,0.210853365314893,0.410380633847682,-1,-1,-1,-1,-1,-1,-1,-1,-1
27078,1,-1,-1,-1,-1,-1,-1,-1,-1,-1,-1,-1,-1,-1,-1,-1,-1,-1,-1,-1,-1,-1,-1,-1,-1,-1,-1,-1,-1,-1,-1,0,0.71120446075303,-0.71120446075303,0,0.0843208857000359,-1,-1,-1,-1,-1,-1,-1,-1,-1
27038,1,-1,-1,-1,-1,-1,-1,-1,-1,-1,-1,-1,-1,-1,-1,-1,-1,-1,-1,-1,-1,-1,-1,-1,-1,-1,-1,-1,-1,-1,-1,0,-1,-1,-1,-1,-1,-1,-1,-1,-1,-1,-1,-1,-1
27077,1,-1,-1,-1,-1,-1,-1,-1,-1,-1,-1,-1,-1,-1,-1,-1,-1,-1,-1,-1,-1,-1,-1,-1,-1,-1,-1,-1,-1,-1,-1,-0.707940260894003,-0.0606978403536116,0.688419822002711,-0.831087325571442,0.840768049192122,-1,-1,-1,-1,-1,-1,-1,-1,-1
27075,1,-1,-1,-1,-1,-1,-1,-1,-1,-1,-1,-1,-1,-1,-1,-1,-1,-1,-1,-1,-1,-1,-1,-1,-1,-1,-1,-1,-1,-1,-1,0.101457640758777,-0.394934498532312,0.17107045768063,-0.0574772578508495,-0.0574772578508495,-1,-1,-1,-1,-1,-1,-1,-1,-1
27035,1,-1,-1,-1,-1,-1,-1,-1,-1,-1,-1,-1,-1,-1,-1,-1,-1,-1,-1,-1,-1,-1,-1,-1,-1,-1,-1,-1,-1,-1,-1,0.00868617918509267,0.126012394712364,-0.273001272063738,0.0871501757189002,-0.24551266781415,-1,-1,-1,-1,-1,-1,-1,-1,-1
27074,1,-1,-1,-1,-1,-1,-1,-1,-1,-1,-1,-1,-1,-1,-1,-1,-1,-1,-1,-1,-1,-1,-1,-1,-1,-1,-1,-1,-1,-1,-1,0.176091259055681,0.190440285364732,-0.190440285364732,-0.964461674621011,-1,-1,-1,-1,-1,-1,-1,-1,-1,-1
27034,1,-1,-1,-1,-1,-1,-1,-1,-1,-1,-1,-1,-1,-1,-1,-1,-1,-1,-1,-1,-1,-1,-1,-1,-1,-1,-1,-1,-1,-1,-1,0.00868617918509267,0.0675606335234828,-0.609484009407169,0.181054678587231,0.535524270806982,-1,-1,-1,-1,-1,-1,-1,-1,-1
26995,1,-1,-1,-1,-1,-1,-1,-1,-1,-1,-1,-1,-1,-1,-1,-1,-1,-1,-1,-1,-1,-1,-1,-1,-1,-1,-1,-1,-1,-1,-1,-0.120774807473031,-0.259938799224496,-0.223864040851682,0.452891375095162,-0.0256619903211366,-1,-1,-1,-1,-1,-1,-1,-1,-1
26946,1,-1,-1,-1,-1,-1,-1,-1,-1,-1,-1,-1,-1,-1,-1,-1,-1,-1,-1,-1,-1,-1,-1,-1,-1,-1,-1,-1,-1,-1,-1,0,0.430989533647332,-0.301029995663981,-0.0075531378904459,-0.293476857773535,-1,-1,-1,-1,-1,-1,-1,-1,-1
27072,1,-1,-1,-1,-1,-1,-1,-1,-1,-1,-1,-1,-1,-1,-1,-1,-1,-1,-1,-1,-1,-1,-1,-1,-1,-1,-1,-1,-1,-1,-1,-0.555989043891967,-0.56432519140002,-0.56432519140002,-0.56432519140002,1.88241580202948,-1,-1,-1,-1,-1,-1,-1,-1,-1
27032,1,-1,-1,-1,-1,-1,-1,-1,-1,-1,-1,-1,-1,-1,-1,-1,-1,-1,-1,-1,-1,-1,-1,-1,-1,-1,-1,-1,-1,-1,-1,0.0650626457560617,-0.353127664255675,0.0558578174650009,0.0998948665575186,-0.632873938742182,-1,-1,-1,-1,-1,-1,-1,-1,-1
27071,1,-1,-1,-1,-1,-1,-1,-1,-1,-1,-1,-1,-1,-1,-1,-1,-1,-1,-1,-1,-1,-1,-1,-1,-1,-1,-1,-1,-1,-1,-1,0.129959537983351,0.347161716736312,-0.477121254719662,0.427229384774025,-1,-1,-1,-1,-1,-1,-1,-1,-1,-1
27030,1,-1,-1,-1,-1,-1,-1,-1,-1,-1,-1,-1,-1,-1,-1,-1,-1,-1,-1,-1,-1,-1,-1,-1,-1,-1,-1,-1,-1,-1,-1,0.0072992387414994,-0.328415796153614,-0.163428715386755,0.178580059459376,0.282006758350551,-1,-1,-1,-1,-1,-1,-1,-1,-1
27070,1,-1,-1,-1,-1,-1,-1,-1,-1,-1,-1,-1,-1,-1,-1,-1,-1,-1,-1,-1,-1,-1,-1,-1,-1,-1,-1,-1,-1,-1,-1,0.280826609575694,0.0621479067488445,0.0733982780190871,-0.137139927774489,-0.172117814303769,-1,-1,-1,-1,-1,-1,-1,-1,-1
27029,1,-1,-1,-1,-1,-1,-1,-1,-1,-1,-1,-1,-1,-1,-1,-1,-1,-1,-1,-1,-1,-1,-1,-1,-1,-1,-1,-1,-1,-1,-1,-0.663196734681945,0.438413551726539,0.109961580638647,0.079419280847721,-0.259096807035986,-1,-1,-1,-1,-1,-1,-1,-1,-1
26993,1,-1,-1,-1,-1,-1,-1,-1,-1,-1,-1,-1,-1,-1,-1,-1,-1,-1,-1,-1,-1,-1,-1,-1,-1,-1,-1,-1,-1,-1,-1,0.115974538260341,0.115974538260341,0.293476857773535,-0.304873409997127,-0.304873409997127,-1,-1,-1,-1,-1,-1,-1,-1,-1
27069,1,-1,-1,-1,-1,-1,-1,-1,-1,-1,-1,-1,-1,-1,-1,-1,-1,-1,-1,-1,-1,-1,-1,-1,-1,-1,-1,-1,-1,-1,-1,0.368697606176921,-0.0336831132025725,0.0922148917996765,0.208815103864305,-0.570542939881898,-1,-1,-1,-1,-1,-1,-1,-1,-1
27027,1,-1,-1,-1,-1,-1,-1,-1,-1,-1,-1,-1,-1,-1,-1,-1,-1,-1,-1,-1,-1,-1,-1,-1,-1,-1,-1,-1,-1,-1,-1,-0.125324947822639,0.140125405689127,0.248756712641304,-0.331083405830639,0.156252799276702,-1,-1,-1,-1,-1,-1,-1,-1,-1
27068,1,-1,-1,-1,-1,-1,-1,-1,-1,-1,-1,-1,-1,-1,-1,-1,-1,-1,-1,-1,-1,-1,-1,-1,-1,-1,-1,-1,-1,-1,-1,-0.910776815658235,0,0.609746819994253,-0.609746819994253,0.679946767022588,-1,-1,-1,-1,-1,-1,-1,-1,-1
27026,1,-1,-1,-1,-1,-1,-1,-1,-1,-1,-1,-1,-1,-1,-1,-1,-1,-1,-1,-1,-1,-1,-1,-1,-1,-1,-1,-1,-1,-1,-1,0.134242382172839,-1.00759718175052,0.389075625191822,0.389075625191822,0.11850462660289,-1,-1,-1,-1,-1,-1,-1,-1,-1
27066,1,-1,-1,-1,-1,-1,-1,-1,-1,-1,-1,-1,-1,-1,-1,-1,-1,-1,-1,-1,-1,-1,-1,-1,-1,-1,-1,-1,-1,-1,-1,-0.249245772040639,-0.253257213867981,-0.394934498532312,0.472100453344612,-0.0154203588674938,-1,-1,-1,-1,-1,-1,-1,-1,-1
27024,1,-1,-1,-1,-1,-1,-1,-1,-1,-1,-1,-1,-1,-1,-1,-1,-1,-1,-1,-1,-1,-1,-1,-1,-1,-1,-1,-1,-1,-1,-1,0.358068496634345,-0.189664066244955,0.0800420877207609,0.160031482001795,-0.0961669940382755,-1,-1,-1,-1,-1,-1,-1,-1,-1
27065,1,-1,-1,-1,-1,-1,-1,-1,-1,-1,-1,-1,-1,-1,-1,-1,-1,-1,-1,-1,-1,-1,-1,-1,-1,-1,-1,-1,-1,-1,-1,0,-1,-1,-1,-1,-1,-1,-1,-1,-1,-1,-1,-1,-1
27063,1,-1,-1,-1,-1,-1,-1,-1,-1,-1,-1,-1,-1,-1,-1,-1,-1,-1,-1,-1,-1,-1,-1,-1,-1,-1,-1,-1,-1,-1,-1,0,0,0,0.27642098432889,0.27642098432889,-1,-1,-1,-1,-1,-1,-1,-1,-1
27062,1,-1,-1,-1,-1,-1,-1,-1,-1,-1,-1,-1,-1,-1,-1,-1,-1,-1,-1,-1,-1,-1,-1,-1,-1,-1,-1,-1,-1,-1,-1,0.192968825583099,0.0120044812938981,-0.214181308663821,-0.552288374596967,0.933467943313752,-1,-1,-1,-1,-1,-1,-1,-1,-1
27021,1,-1,-1,-1,-1,-1,-1,-1,-1,-1,-1,-1,-1,-1,-1,-1,-1,-1,-1,-1,-1,-1,-1,-1,-1,-1,-1,-1,-1,-1,-1,-1,-1,-0.679946767022588,0.617299957884699,-0.24491405368505,-1,-1,-1,-1,-1,-1,-1,-1,-1
27061,1,-1,-1,-1,-1,-1,-1,-1,-1,-1,-1,-1,-1,-1,-1,-1,-1,-1,-1,-1,-1,-1,-1,-1,-1,-1,-1,-1,-1,-1,-1,-0.113094212413404,0.110658909871923,-0.0751299621741133,-0.111674986795502,-0.0581707793795974,-1,-1,-1,-1,-1,-1,-1,-1,-1
26990,1,-1,-1,-1,-1,-1,-1,-1,-1,-1,-1,-1,-1,-1,-1,-1,-1,-1,-1,-1,-1,-1,-1,-1,-1,-1,-1,-1,-1,-1,-1,0.170467590953164,0.0856506680336019,-0.600373408696027,0.126199389110044,0.0172753535050449,-1,-1,-1,-1,-1,-1,-1,-1,-1
26942,1,-1,-1,-1,-1,-1,-1,-1,-1,-1,-1,-1,-1,-1,-1,-1,-1,-1,-1,-1,-1,-1,-1,-1,-1,-1,-1,-1,-1,-1,-1,-0.17107045768063,-0.176091259055681,-0.301029995663981,-0.316269962220718,0.487340419901348,-1,-1,-1,-1,-1,-1,-1,-1,-1
26677,1,-1,-1,-1,-1,-1,-1,-1,-1,-1,-1,-1,-1,-1,-1,-1,-1,-1,-1,-1,-1,-1,-1,-1,-1,-1,-1,-1,-1,-1,-1,-1,-1,-1,-1,-1,-1,-0.210853365314893,-0.2498774732166,0.276206411938949,-0.0263289387223491,0.0511525224473813,-0.176091259055681,-1,-1
27060,1,-1,-1,-1,-1,-1,-1,-1,-1,-1,-1,-1,-1,-1,-1,-1,-1,-1,-1,-1,-1,-1,-1,-1,-1,-1,-1,-1,-1,-1,-1,0.0733692144433838,0.0733692144433838,0.0733692144433838,0.0733692144433838,-0.237360915794604,-1,-1,-1,-1,-1,-1,-1,-1,-1
27020,1,-1,-1,-1,-1,-1,-1,-1,-1,-1,-1,-1,-1,-1,-1,-1,-1,-1,-1,-1,-1,-1,-1,-1,-1,-1,-1,-1,-1,-1,-1,-1,-1,0.115974538260341,0.115974538260341,-0.231949076520682,-1,-1,-1,-1,-1,-1,-1,-1,-1
27058,1,-1,-1,-1,-1,-1,-1,-1,-1,-1,-1,-1,-1,-1,-1,-1,-1,-1,-1,-1,-1,-1,-1,-1,-1,-1,-1,-1,-1,-1,-1,0.0808613041656465,-0.112269768417271,-0.0655015487564323,-0.37819595047628,0.477121254719662,-1,-1,-1,-1,-1,-1,-1,-1,-1
27017,1,-1,-1,-1,-1,-1,-1,-1,-1,-1,-1,-1,-1,-1,-1,-1,-1,-1,-1,-1,-1,-1,-1,-1,-1,-1,-1,-1,-1,-1,-1,0.148419832457823,0.0527657168590526,-0.0506927082361873,-0.157866438949482,0.205789991266665,-1,-1,-1,-1,-1,-1,-1,-1,-1
27055,1,-1,-1,-1,-1,-1,-1,-1,-1,-1,-1,-1,-1,-1,-1,-1,-1,-1,-1,-1,-1,-1,-1,-1,-1,-1,-1,-1,-1,-1,-1,0.316269962220718,0,-0.316269962220718,-1,-1,-1,-1,-1,-1,-1,-1,-1,-1,-1
27014,1,-1,-1,-1,-1,-1,-1,-1,-1,-1,-1,-1,-1,-1,-1,-1,-1,-1,-1,-1,-1,-1,-1,-1,-1,-1,-1,-1,-1,-1,-1,-1,-1,-1.82264078900329,2.27106929842206,-0.573317591699523,-1,-1,-1,-1,-1,-1,-1,-1,-1
27053,1,-1,-1,-1,-1,-1,-1,-1,-1,-1,-1,-1,-1,-1,-1,-1,-1,-1,-1,-1,-1,-1,-1,-1,-1,-1,-1,-1,-1,-1,-1,0.14175223561795,-0.264158635710855,0,0.477121254719662,-0.235528446907549,-1,-1,-1,-1,-1,-1,-1,-1,-1
27012,1,-1,-1,-1,-1,-1,-1,-1,-1,-1,-1,-1,-1,-1,-1,-1,-1,-1,-1,-1,-1,-1,-1,-1,-1,-1,-1,-1,-1,-1,-1,0.0635421117404498,-0.730227698066461,0.335293199534148,0.00298485354946221,0.439873197300033,-1,-1,-1,-1,-1,-1,-1,-1,-1
27052,1,-1,-1,-1,-1,-1,-1,-1,-1,-1,-1,-1,-1,-1,-1,-1,-1,-1,-1,-1,-1,-1,-1,-1,-1,-1,-1,-1,-1,-1,-1,-0.4520446593464,0.151014663682419,-0.0946381971114502,0.24033215531037,0.0334237554869497,-1,-1,-1,-1,-1,-1,-1,-1,-1
27011,1,-1,-1,-1,-1,-1,-1,-1,-1,-1,-1,-1,-1,-1,-1,-1,-1,-1,-1,-1,-1,-1,-1,-1,-1,-1,-1,-1,-1,-1,-1,-0.292343816478889,0.0675606335234828,-0.214549510874857,0.385705552255026,-0.174852186940133,-1,-1,-1,-1,-1,-1,-1,-1,-1
27051,1,-1,-1,-1,-1,-1,-1,-1,-1,-1,-1,-1,-1,-1,-1,-1,-1,-1,-1,-1,-1,-1,-1,-1,-1,-1,-1,-1,-1,-1,-1,0.17107045768063,-0.17107045768063,0.301652641042354,0.301652641042354,0.301652641042354,-1,-1,-1,-1,-1,-1,-1,-1,-1
27010,1,-1,-1,-1,-1,-1,-1,-1,-1,-1,-1,-1,-1,-1,-1,-1,-1,-1,-1,-1,-1,-1,-1,-1,-1,-1,-1,-1,-1,-1,-1,-0.0526893849741363,-0.0526893849741362,-0.0526893849741363,-0.747482430617192,0.977723605288848,-1,-1,-1,-1,-1,-1,-1,-1,-1
27050,1,-1,-1,-1,-1,-1,-1,-1,-1,-1,-1,-1,-1,-1,-1,-1,-1,-1,-1,-1,-1,-1,-1,-1,-1,-1,-1,-1,-1,-1,-1,-0.152450349227574,0.232642758670061,-0.232642758670061,0.319333606496431,-0.276896315947262,-1,-1,-1,-1,-1,-1,-1,-1,-1
27009,1,-1,-1,-1,-1,-1,-1,-1,-1,-1,-1,-1,-1,-1,-1,-1,-1,-1,-1,-1,-1,-1,-1,-1,-1,-1,-1,-1,-1,-1,-1,-0.159447134421046,-0.0217313276875889,-0.552064486262661,0.618515788695315,-0.241553279780603,-1,-1,-1,-1,-1,-1,-1,-1,-1
27049,1,-1,-1,-1,-1,-1,-1,-1,-1,-1,-1,-1,-1,-1,-1,-1,-1,-1,-1,-1,-1,-1,-1,-1,-1,-1,-1,-1,-1,-1,-1,0,0,0,-1,-1,-1,-1,-1,-1,-1,-1,-1,-1,-1
27008,1,-1,-1,-1,-1,-1,-1,-1,-1,-1,-1,-1,-1,-1,-1,-1,-1,-1,-1,-1,-1,-1,-1,-1,-1,-1,-1,-1,-1,-1,-1,0,0.385350881364017,-0.177693828993287,-0.177693828993287,0.342422680822206,-1,-1,-1,-1,-1,-1,-1,-1,-1
27046,1,-1,-1,-1,-1,-1,-1,-1,-1,-1,-1,-1,-1,-1,-1,-1,-1,-1,-1,-1,-1,-1,-1,-1,-1,-1,-1,-1,-1,-1,-1,-0.71120446075303,0.78837041556533,0,-0.78837041556533,0.552841968657781,-1,-1,-1,-1,-1,-1,-1,-1,-1
27005,1,-1,-1,-1,-1,-1,-1,-1,-1,-1,-1,-1,-1,-1,-1,-1,-1,-1,-1,-1,-1,-1,-1,-1,-1,-1,-1,-1,-1,-1,-1,-1,0.385350881364017,0.408040335576363,0.0643333045637716,0.0643333045637715,-1,-1,-1,-1,-1,-1,-1,-1,-1
27044,1,-1,-1,-1,-1,-1,-1,-1,-1,-1,-1,-1,-1,-1,-1,-1,-1,-1,-1,-1,-1,-1,-1,-1,-1,-1,-1,-1,-1,-1,-1,0,0.0843208857000359,0.115974538260341,0.115974538260341,-0.231949076520682,-1,-1,-1,-1,-1,-1,-1,-1,-1
27036,1,-1,-1,-1,-1,-1,-1,-1,-1,-1,-1,-1,-1,-1,-1,-1,-1,-1,-1,-1,-1,-1,-1,-1,-1,-1,-1,-1,-1,-1,-1,0,0,0,-1,-1,-1,-1,-1,-1,-1,-1,-1,-1,-1
27022,1,-1,-1,-1,-1,-1,-1,-1,-1,-1,-1,-1,-1,-1,-1,-1,-1,-1,-1,-1,-1,-1,-1,-1,-1,-1,-1,-1,-1,-1,-1,0.0421604428500179,0.0421604428500181,-0.0271788311612964,-0.0271788311612964,-1,-1,-1,-1,-1,-1,-1,-1,-1,-1
27019,1,-1,-1,-1,-1,-1,-1,-1,-1,-1,-1,-1,-1,-1,-1,-1,-1,-1,-1,-1,-1,-1,-1,-1,-1,-1,-1,-1,-1,-1,-1,0.131278914639319,0.312214162616495,0.293605977584774,-0.104225116098406,-0.0837263688626314,-1,-1,-1,-1,-1,-1,-1,-1,-1
26988,1,-1,-1,-1,-1,-1,-1,-1,-1,-1,-1,-1,-1,-1,-1,-1,-1,-1,-1,-1,-1,-1,-1,-1,-1,-1,-1,-1,-1,-1,-1,-0.0181613004490296,-0.0577712128017008,-0.0584966471877738,-0.246078629240857,0.248093920476183,-1,-1,-1,-1,-1,-1,-1,-1,-1
26941,1,-1,-1,-1,-1,-1,-1,-1,-1,-1,-1,-1,-1,-1,-1,-1,-1,-1,-1,-1,-1,-1,-1,-1,-1,-1,-1,-1,-1,-1,-1,-0.00988096251150128,-0.00090951757200497,0.0239121574054114,-0.00346053210950648,0.0366288953621611,-1,-1,-1,-1,-1,-1,-1,-1,-1
26683,1,-1,-1,-1,-1,-1,-1,-1,-1,-1,-1,-1,-1,-1,-1,-1,-1,-1,-1,-1,-1,-1,-1,-1,-1,-1,-1,-1,-1,-1,-1,-1,-1,-1,-1,-1,-1,0.152549986090505,0.298269829953162,-0.450819816043667,-1.74464852508433,2.39854872219404,-1.45445077868138,-1,-1
27018,1,-1,-1,-1,-1,-1,-1,-1,-1,-1,-1,-1,-1,-1,-1,-1,-1,-1,-1,-1,-1,-1,-1,-1,-1,-1,-1,-1,-1,-1,-1,0.184967659645376,-0.70656718608654,-0.0690809191432991,0.546202173862961,-0.778151250383644,-1,-1,-1,-1,-1,-1,-1,-1,-1
27015,1,-1,-1,-1,-1,-1,-1,-1,-1,-1,-1,-1,-1,-1,-1,-1,-1,-1,-1,-1,-1,-1,-1,-1,-1,-1,-1,-1,-1,-1,-1,0.192675440682008,0.192675440682009,-1,-1,-1,-1,-1,-1,-1,-1,-1,-1,-1,-1
27056,1,-1,-1,-1,-1,-1,-1,-1,-1,-1,-1,-1,-1,-1,-1,-1,-1,-1,-1,-1,-1,-1,-1,-1,-1,-1,-1,-1,-1,-1,-1,-1,-1,-1,-0.205809852981615,-0.205809852981615,-1,-1,-1,-1,-1,-1,-1,-1,-1
27013,1,-1,-1,-1,-1,-1,-1,-1,-1,-1,-1,-1,-1,-1,-1,-1,-1,-1,-1,-1,-1,-1,-1,-1,-1,-1,-1,-1,-1,-1,-1,0.316269962220718,-0.231949076520682,0.231949076520682,0.181054678587231,0.48365212187862,-1,-1,-1,-1,-1,-1,-1,-1,-1
27054,1,-1,-1,-1,-1,-1,-1,-1,-1,-1,-1,-1,-1,-1,-1,-1,-1,-1,-1,-1,-1,-1,-1,-1,-1,-1,-1,-1,-1,-1,-1,-1,0.293476857773535,-0.175141978098072,-0.175141978098073,-0.175141978098072,-1,-1,-1,-1,-1,-1,-1,-1,-1
27001,1,-1,-1,-1,-1,-1,-1,-1,-1,-1,-1,-1,-1,-1,-1,-1,-1,-1,-1,-1,-1,-1,-1,-1,-1,-1,-1,-1,-1,-1,-1,-0.259065494120445,0.0536848589627764,0.726367026760302,-0.451350463461238,0.202104691420599,-1,-1,-1,-1,-1,-1,-1,-1,-1
26956,1,-1,-1,-1,-1,-1,-1,-1,-1,-1,-1,-1,-1,-1,-1,-1,-1,-1,-1,-1,-1,-1,-1,-1,-1,-1,-1,-1,-1,-1,-1,-0.0939045028683312,-0.301029995663981,-0.316269962220718,0.78837041556533,-0.472100453344612,-1,-1,-1,-1,-1,-1,-1,-1,-1
26998,1,-1,-1,-1,-1,-1,-1,-1,-1,-1,-1,-1,-1,-1,-1,-1,-1,-1,-1,-1,-1,-1,-1,-1,-1,-1,-1,-1,-1,-1,-1,0.134278762862443,-0.510729855700743,0.17107045768063,-0.243670209950674,-0.243670209950674,-1,-1,-1,-1,-1,-1,-1,-1,-1
26951,1,-1,-1,-1,-1,-1,-1,-1,-1,-1,-1,-1,-1,-1,-1,-1,-1,-1,-1,-1,-1,-1,-1,-1,-1,-1,-1,-1,-1,-1,-1,0.149133545817963,0.0561159419789314,-0.00188414387455149,-0.605852980345101,-1,-1,-1,-1,-1,-1,-1,-1,-1,-1
26997,1,-1,-1,-1,-1,-1,-1,-1,-1,-1,-1,-1,-1,-1,-1,-1,-1,-1,-1,-1,-1,-1,-1,-1,-1,-1,-1,-1,-1,-1,-1,-0.0002892404248791,-0.0287043680021717,-0.258935363558206,-0.0131010236787242,0.156978823846551,-1,-1,-1,-1,-1,-1,-1,-1,-1
26947,1,-1,-1,-1,-1,-1,-1,-1,-1,-1,-1,-1,-1,-1,-1,-1,-1,-1,-1,-1,-1,-1,-1,-1,-1,-1,-1,-1,-1,-1,-1,0.334019870791431,-0.285334398135134,-0.0242641997353039,-0.0453551797566361,0.0196546879964699,-1,-1,-1,-1,-1,-1,-1,-1,-1
27076,1,-1,-1,-1,-1,-1,-1,-1,-1,-1,-1,-1,-1,-1,-1,-1,-1,-1,-1,-1,-1,-1,-1,-1,-1,-1,-1,-1,-1,-1,-1,-1,-1,-1,-1,0.0561159419789314,-1,-1,-1,-1,-1,-1,-1,-1,-1
26996,1,-1,-1,-1,-1,-1,-1,-1,-1,-1,-1,-1,-1,-1,-1,-1,-1,-1,-1,-1,-1,-1,-1,-1,-1,-1,-1,-1,-1,-1,-1,-0.198970004336019,-0.198970004336019,-1,-1,-1,-1,-1,-1,-1,-1,-1,-1,-1,-1
26992,1,-1,-1,-1,-1,-1,-1,-1,-1,-1,-1,-1,-1,-1,-1,-1,-1,-1,-1,-1,-1,-1,-1,-1,-1,-1,-1,-1,-1,-1,-1,0.167451604182513,-0.338147831351488,-0.0263746370947703,0.601476915185015,-0.371622510644145,-1,-1,-1,-1,-1,-1,-1,-1,-1
26944,1,-1,-1,-1,-1,-1,-1,-1,-1,-1,-1,-1,-1,-1,-1,-1,-1,-1,-1,-1,-1,-1,-1,-1,-1,-1,-1,-1,-1,-1,-1,-0.0939045028683312,-0.100343331887994,-0.100343331887994,-0.100343331887994,-0.316269962220718,-1,-1,-1,-1,-1,-1,-1,-1,-1
26673,1,-1,-1,-1,-1,-1,-1,-1,-1,-1,-1,-1,-1,-1,-1,-1,-1,-1,-1,-1,-1,-1,-1,-1,-1,-1,-1,-1,-1,-1,-1,-1,-1,-1,-1,-1,-1,-0.256062850147458,-0.370356487039949,0.301029995663981,0.176091259055681,-0.569875307956561,0.182930683585987,-1,-1
26989,1,-1,-1,-1,-1,-1,-1,-1,-1,-1,-1,-1,-1,-1,-1,-1,-1,-1,-1,-1,-1,-1,-1,-1,-1,-1,-1,-1,-1,-1,-1,2.06502487937646,-0.131292244733915,-1,-1,-1,-1,-1,-1,-1,-1,-1,-1,-1,-1
26986,1,-1,-1,-1,-1,-1,-1,-1,-1,-1,-1,-1,-1,-1,-1,-1,-1,-1,-1,-1,-1,-1,-1,-1,-1,-1,-1,-1,-1,-1,-1,0.349334675238536,0.359735656001808,0.0604807473813815,-0.214670164989233,-0.0219018414478298,-1,-1,-1,-1,-1,-1,-1,-1,-1
26985,1,-1,-1,-1,-1,-1,-1,-1,-1,-1,-1,-1,-1,-1,-1,-1,-1,-1,-1,-1,-1,-1,-1,-1,-1,-1,-1,-1,-1,-1,-1,-0.560095489784426,0.578578895478439,0.412180447786648,-0.968482948553935,1.08635983067475,-1,-1,-1,-1,-1,-1,-1,-1,-1
26935,1,-1,-1,-1,-1,-1,-1,-1,-1,-1,-1,-1,-1,-1,-1,-1,-1,-1,-1,-1,-1,-1,-1,-1,-1,-1,-1,-1,-1,-1,-1,0.484674392610108,-0.607080792703013,0.604577647549209,-0.38678775440972,0.384270098188474,-1,-1,-1,-1,-1,-1,-1,-1,-1
26965,1,-1,-1,-1,-1,-1,-1,-1,-1,-1,-1,-1,-1,-1,-1,-1,-1,-1,-1,-1,-1,-1,-1,-1,-1,-1,-1,-1,-1,-1,-1,-0.679118487403625,0.585580716933467,-0.289195626315249,0.183805395829121,-0.51881988880347,-1,-1,-1,-1,-1,-1,-1,-1,-1
26964,1,-1,-1,-1,-1,-1,-1,-1,-1,-1,-1,-1,-1,-1,-1,-1,-1,-1,-1,-1,-1,-1,-1,-1,-1,-1,-1,-1,-1,-1,-1,1.04370892788541,-0.416825352832411,-0.394934498532312,0.541923375883686,0.931689421932567,-1,-1,-1,-1,-1,-1,-1,-1,-1
26961,1,-1,-1,-1,-1,-1,-1,-1,-1,-1,-1,-1,-1,-1,-1,-1,-1,-1,-1,-1,-1,-1,-1,-1,-1,-1,-1,-1,-1,-1,-1,0.00779723783986225,0.203540021098243,0.00956634453393801,-0.24020875866743,0.0982240669058877,-1,-1,-1,-1,-1,-1,-1,-1,-1
26936,1,-1,-1,-1,-1,-1,-1,-1,-1,-1,-1,-1,-1,-1,-1,-1,-1,-1,-1,-1,-1,-1,-1,-1,-1,-1,-1,-1,-1,-1,-1,0.100670161881363,-0.348454645592119,0.0847137346475858,0.161178395385465,-0.0566394249193992,-1,-1,-1,-1,-1,-1,-1,-1,-1
26669,1,-1,-1,-1,-1,-1,-1,-1,-1,-1,-1,-1,-1,-1,-1,-1,-1,-1,-1,-1,-1,-1,-1,-1,-1,-1,-1,-1,-1,-1,-1,-1,-1,-1,-1,-1,-1,0.109144469425068,-0.255272505103306,0.0791812460476248,0.1249387366083,0.273001272063738,-0.8750612633917,-1,-1
26940,1,-1,-1,-1,-1,-1,-1,-1,-1,-1,-1,-1,-1,-1,-1,-1,-1,-1,-1,-1,-1,-1,-1,-1,-1,-1,-1,-1,-1,-1,-1,0.246798197559601,-0.674027582333626,0.301029995663981,0.0655015487564323,0.387389826338729,-1,-1,-1,-1,-1,-1,-1,-1,-1
26938,1,-1,-1,-1,-1,-1,-1,-1,-1,-1,-1,-1,-1,-1,-1,-1,-1,-1,-1,-1,-1,-1,-1,-1,-1,-1,-1,-1,-1,-1,-1,-0.54274599011198,0.603213496606094,-1.11394335230684,0.270961687941843,0.270961687941843,-1,-1,-1,-1,-1,-1,-1,-1,-1
26937,1,-1,-1,-1,-1,-1,-1,-1,-1,-1,-1,-1,-1,-1,-1,-1,-1,-1,-1,-1,-1,-1,-1,-1,-1,-1,-1,-1,-1,-1,-1,0.597863876734354,-0.152499218134179,-0.698970004336019,0.150514997831991,0.150514997831991,-1,-1,-1,-1,-1,-1,-1,-1,-1
27047,1,-1,-1,-1,-1,-1,-1,-1,-1,-1,-1,-1,-1,-1,-1,-1,-1,-1,-1,-1,-1,-1,-1,-1,-1,-1,-1,-1,-1,-1,-1,-1,0.021080221425009,0.0210802214250089,0.021080221425009,0.0210802214250091,-1,-1,-1,-1,-1,-1,-1,-1,-1
27045,1,-1,-1,-1,-1,-1,-1,-1,-1,-1,-1,-1,-1,-1,-1,-1,-1,-1,-1,-1,-1,-1,-1,-1,-1,-1,-1,-1,-1,-1,-1,-1,0,0,-1,-1,-1,-1,-1,-1,-1,-1,-1,-1,-1
27004,1,-1,-1,-1,-1,-1,-1,-1,-1,-1,-1,-1,-1,-1,-1,-1,-1,-1,-1,-1,-1,-1,-1,-1,-1,-1,-1,-1,-1,-1,-1,-1,-1,-1,0.0299632233774432,0.522878745280338,-1,-1,-1,-1,-1,-1,-1,-1,-1
27041,1,-1,-1,-1,-1,-1,-1,-1,-1,-1,-1,-1,-1,-1,-1,-1,-1,-1,-1,-1,-1,-1,-1,-1,-1,-1,-1,-1,-1,-1,-1,-1,0.24517217819898,-0.0741017205183498,0.145405415241148,0.145405415241148,-1,-1,-1,-1,-1,-1,-1,-1,-1
27028,1,-1,-1,-1,-1,-1,-1,-1,-1,-1,-1,-1,-1,-1,-1,-1,-1,-1,-1,-1,-1,-1,-1,-1,-1,-1,-1,-1,-1,-1,-1,-1,-0.0469522514341656,-0.0469522514341656,-0.587336734507256,0.649983543645145,-1,-1,-1,-1,-1,-1,-1,-1,-1
27016,1,-1,-1,-1,-1,-1,-1,-1,-1,-1,-1,-1,-1,-1,-1,-1,-1,-1,-1,-1,-1,-1,-1,-1,-1,-1,-1,-1,-1,-1,-1,-1,-0.704049529865294,-0.0843208857000359,0.0421604428500179,0.0421604428500181,-1,-1,-1,-1,-1,-1,-1,-1,-1
27002,1,-1,-1,-1,-1,-1,-1,-1,-1,-1,-1,-1,-1,-1,-1,-1,-1,-1,-1,-1,-1,-1,-1,-1,-1,-1,-1,-1,-1,-1,-1,-1,-0.132625565274591,-1,-1,-1,-1,-1,-1,-1,-1,-1,-1,-1,-1
26957,1,-1,-1,-1,-1,-1,-1,-1,-1,-1,-1,-1,-1,-1,-1,-1,-1,-1,-1,-1,-1,-1,-1,-1,-1,-1,-1,-1,-1,-1,-1,-1,-0.316269962220718,0.203248939998084,0.203248939998084,0.203248939998084,-1,-1,-1,-1,-1,-1,-1,-1,-1
27079,1,-1,-1,-1,-1,-1,-1,-1,-1,-1,-1,-1,-1,-1,-1,-1,-1,-1,-1,-1,-1,-1,-1,-1,-1,-1,-1,-1,-1,-1,-1,-1,-1,0.17107045768063,-0.201509767100656,-0.201509767100656,-1,-1,-1,-1,-1,-1,-1,-1,-1
27059,1,-1,-1,-1,-1,-1,-1,-1,-1,-1,-1,-1,-1,-1,-1,-1,-1,-1,-1,-1,-1,-1,-1,-1,-1,-1,-1,-1,-1,-1,-1,-1,-1,0.0281069619000119,0.0281069619000121,0.0281069619000119,-1,-1,-1,-1,-1,-1,-1,-1,-1
27000,1,-1,-1,-1,-1,-1,-1,-1,-1,-1,-1,-1,-1,-1,-1,-1,-1,-1,-1,-1,-1,-1,-1,-1,-1,-1,-1,-1,-1,-1,-1,-1,-1,0.0249424220023924,-0.547108624904838,0.452716268118028,-1,-1,-1,-1,-1,-1,-1,-1,-1
26999,1,-1,-1,-1,-1,-1,-1,-1,-1,-1,-1,-1,-1,-1,-1,-1,-1,-1,-1,-1,-1,-1,-1,-1,-1,-1,-1,-1,-1,-1,-1,-1,-1,-0.316269962220718,0.466655821041497,-1,-1,-1,-1,-1,-1,-1,-1,-1,-1
27037,1,-1,-1,-1,-1,-1,-1,-1,-1,-1,-1,-1,-1,-1,-1,-1,-1,-1,-1,-1,-1,-1,-1,-1,-1,-1,-1,-1,-1,-1,-1,-1,-1,-1,0.0421604428500179,0.0421604428500181,-1,-1,-1,-1,-1,-1,-1,-1,-1
27031,1,-1,-1,-1,-1,-1,-1,-1,-1,-1,-1,-1,-1,-1,-1,-1,-1,-1,-1,-1,-1,-1,-1,-1,-1,-1,-1,-1,-1,-1,-1,-1,-1,-1,-0.386936226202184,-0.386936226202184,-1,-1,-1,-1,-1,-1,-1,-1,-1
26829,1,-1,-1,-1,-1,-1,-1,-1,-1,-1,-1,-1,-1,-1,-1,-1,-1,-1,-1,-1,-1,-1,-1,-1,-1,-1,-1,-1,-1,-1,-1,-1,-1,-1,0.00251813758976449,0.00251813758969299,0.00251813758960284,0.00251813758956287,0.00251813758957664,0.00251813758960595,0.00251813758958641,0.00251813758949337,0.00251813758936126,0.00251813758927022,-1
26647,1,-1,-1,-1,-1,-1,-1,-1,-1,-1,-1,-1,-1,-1,-1,-1,-1,-1,-1,-1,-1,-1,-1,-1,-1,-1,-1,-1,-1,-1,-1,-1,-1,-1,-1,-1,0.0304582442997696,0.014767824775453,-0.013340099123605,-0.0446077046826139,-0.0696099524972138,-0.0840646591561054,-0.0895844302585505,-0.0906575831266183,-1
27048,1,-1,-1,-1,-1,-1,-1,-1,-1,-1,-1,-1,-1,-1,-1,-1,-1,-1,-1,-1,-1,-1,-1,-1,-1,-1,-1,-1,-1,-1,-1,-1,-1,-1,-1,0.567549140199799,-1,-1,-1,-1,-1,-1,-1,-1,-1
27007,1,-1,-1,-1,-1,-1,-1,-1,-1,-1,-1,-1,-1,-1,-1,-1,-1,-1,-1,-1,-1,-1,-1,-1,-1,-1,-1,-1,-1,-1,-1,-1,-1,-1,-1,-0.0372480574196294,-1,-1,-1,-1,-1,-1,-1,-1,-1
27006,1,-1,-1,-1,-1,-1,-1,-1,-1,-1,-1,-1,-1,-1,-1,-1,-1,-1,-1,-1,-1,-1,-1,-1,-1,-1,-1,-1,-1,-1,-1,-1,-1,-1,-1,-0.0372480574196294,-1,-1,-1,-1,-1,-1,-1,-1,-1
9539,1,-1,-1,-1,-1,-1,-1,-1,-1,-1,-1,-1,-1,-1,-1,-1,-1,-1,-1,-1,-1,-1,-1,-1,-1,-1,-1,-1,-1,-1,-1,-1,-1,-1,-1,-1,0.378916771358607,-0.57080229759752,-0.255272505103306,-1,-1,-1,-1,-1,-1
9538,1,-1,-1,-1,-1,-1,-1,-1,-1,-1,-1,-1,-1,-1,-1,-1,-1,-1,-1,-1,-1,-1,-1,-1,-1,-1,-1,-1,-1,-1,-1,-1,-1,-1,-1,-1,-0.212392508621915,-0.233129760026045,-1.67669360962487,-1,-1,-1,-1,-1,-1
9537,1,-1,-1,-1,-1,-1,-1,-1,-1,-1,-1,-1,-1,-1,-1,-1,-1,-1,-1,-1,-1,-1,-1,-1,-1,-1,-1,-1,-1,-1,-1,-1,-1,-1,-1,-1,0.0626870681860665,-0.40028122448694,-0.258571556641096,-1,-1,-1,-1,-1,-1
26682,1,-1,-1,-1,-1,-1,-1,-1,-1,-1,-1,-1,-1,-1,-1,-1,-1,-1,-1,-1,-1,-1,-1,-1,-1,-1,-1,-1,-1,-1,-1,-1,-1,-1,-1,-1,-1,0.0511525224473813,-0.477121254719662,-1,-1,0,0,-1,-1
26674,1,-1,-1,-1,-1,-1,-1,-1,-1,-1,-1,-1,-1,-1,-1,-1,-1,-1,-1,-1,-1,-1,-1,-1,-1,-1,-1,-1,-1,-1,-1,-1,-1,-1,-1,-1,-1,0.610332517293952,-0.724275869600789,-0.301029995663981,0.477121254719662,0.315270434778591,-0.260912772455999,-1,-1
26666,1,-1,-1,-1,-1,-1,-1,-1,-1,-1,-1,-1,-1,-1,-1,-1,-1,-1,-1,-1,-1,-1,-1,-1,-1,-1,-1,-1,-1,-1,-1,-1,-1,-1,-1,-1,-1,-0.102111206693864,0.0979552469227063,-0.204119982655925,0.178312719049639,0.00440911890505502,0.194696503572741,-1,-1
26587,1,-1,-1,-1,-1,-1,-1,-1,-1,-1,-1,-1,-1,-1,-1,-1,-1,-1,-1,-1,-1,-1,-1,-1,-1,-1,-1,-1,-1,-1,-1,-1,-1,-1,-1,-1,-1,0.492438012803768,-1,-1,-1,-1,-1,-1,-1
27258,1,-1,-1,-1,-1,-1,-1,-1,-1,-1,-1,-1,-1,-1,-1,-1,-1,-1,-1,-1,-1,-1,-1,-1,-1,-1,-1,-1,-1,-1,-1,-1,-1,-1,-1,-1,-1,-1,-0.975640654140555,0.823958086982697,0.823958086982698,-1,-1,-1,-1
27257,1,-1,-1,-1,-1,-1,-1,-1,-1,-1,-1,-1,-1,-1,-1,-1,-1,-1,-1,-1,-1,-1,-1,-1,-1,-1,-1,-1,-1,-1,-1,-1,-1,-1,-1,-1,-1,-1,-0.0774509799928715,-0.0774509799928715,1.31376681706691,-1,-1,-1,-1
27256,1,-1,-1,-1,-1,-1,-1,-1,-1,-1,-1,-1,-1,-1,-1,-1,-1,-1,-1,-1,-1,-1,-1,-1,-1,-1,-1,-1,-1,-1,-1,-1,-1,-1,-1,-1,-1,-1,0.618765684830815,-0.0638393869871643,-0.0638393869871643,-1,-1,-1,-1
27252,1,-1,-1,-1,-1,-1,-1,-1,-1,-1,-1,-1,-1,-1,-1,-1,-1,-1,-1,-1,-1,-1,-1,-1,-1,-1,-1,-1,-1,-1,-1,-1,-1,-1,-1,-1,-1,-1,1.7160033436348,-0.147801619567804,-1.26717172840301,-1,-1,-1,-1
27255,1,-1,-1,-1,-1,-1,-1,-1,-1,-1,-1,-1,-1,-1,-1,-1,-1,-1,-1,-1,-1,-1,-1,-1,-1,-1,-1,-1,-1,-1,-1,-1,-1,-1,-1,-1,-1,-1,-1,0.934498451243568,-1.33243845991561,-1,-1,-1,-1
27254,1,-1,-1,-1,-1,-1,-1,-1,-1,-1,-1,-1,-1,-1,-1,-1,-1,-1,-1,-1,-1,-1,-1,-1,-1,-1,-1,-1,-1,-1,-1,-1,-1,-1,-1,-1,-1,-1,-1,-1,-1.17609125905568,1.69897000433602,-1,-1,-1
27253,1,-1,-1,-1,-1,-1,-1,-1,-1,-1,-1,-1,-1,-1,-1,-1,-1,-1,-1,-1,-1,-1,-1,-1,-1,-1,-1,-1,-1,-1,-1,-1,-1,-1,-1,-1,-1,-1,-1,-1,-0.152416907231492,-1,-1,-1,-1
27251,1,-1,-1,-1,-1,-1,-1,-1,-1,-1,-1,-1,-1,-1,-1,-1,-1,-1,-1,-1,-1,-1,-1,-1,-1,-1,-1,-1,-1,-1,-1,-1,-1,-1,-1,-1,-1,-1,0.641253712386249,-0.817344971441931,1.59696343430858,-1,-1,-1,-1
27249,1,-1,-1,-1,-1,-1,-1,-1,-1,-1,-1,-1,-1,-1,-1,-1,-1,-1,-1,-1,-1,-1,-1,-1,-1,-1,-1,-1,-1,-1,-1,-1,-1,-1,-1,-1,-1,-1,-0.564271430438563,-0.109144469425068,0.853871964321762,0.793790384690819,-1,-1,-1
27248,1,-1,-1,-1,-1,-1,-1,-1,-1,-1,-1,-1,-1,-1,-1,-1,-1,-1,-1,-1,-1,-1,-1,-1,-1,-1,-1,-1,-1,-1,-1,-1,-1,-1,-1,-1,-1,-1,-0.0167702102498932,-0.322048346303488,0.826235483894706,-0.499087730879861,-1,-1,-1
27247,1,-1,-1,-1,-1,-1,-1,-1,-1,-1,-1,-1,-1,-1,-1,-1,-1,-1,-1,-1,-1,-1,-1,-1,-1,-1,-1,-1,-1,-1,-1,-1,-1,-1,-1,-1,-1,-1,-0.00440911890505502,-0.171682140150626,-0.421603926869831,-1,-1,-1,-1
27246,1,-1,-1,-1,-1,-1,-1,-1,-1,-1,-1,-1,-1,-1,-1,-1,-1,-1,-1,-1,-1,-1,-1,-1,-1,-1,-1,-1,-1,-1,-1,-1,-1,-1,-1,-1,-1,-1,0.930578591241531,-0.901933409792001,1.08071857325255,-0.86632570601579,-1,-1,-1
27245,1,-1,-1,-1,-1,-1,-1,-1,-1,-1,-1,-1,-1,-1,-1,-1,-1,-1,-1,-1,-1,-1,-1,-1,-1,-1,-1,-1,-1,-1,-1,-1,-1,-1,-1,-1,-1,-1,0.818022762421336,-1.45484486000851,1.54199503572741,-1.20620293380422,-1,-1,-1
27242,1,-1,-1,-1,-1,-1,-1,-1,-1,-1,-1,-1,-1,-1,-1,-1,-1,-1,-1,-1,-1,-1,-1,-1,-1,-1,-1,-1,-1,-1,-1,-1,-1,-1,-1,-1,-1,-1,-1.02118929906994,0.0413926851582251,0.213879819945081,0.735953570589189,-1,-1,-1
27241,1,-1,-1,-1,-1,-1,-1,-1,-1,-1,-1,-1,-1,-1,-1,-1,-1,-1,-1,-1,-1,-1,-1,-1,-1,-1,-1,-1,-1,-1,-1,-1,-1,-1,-1,-1,-1,-1,0.954242509439325,0.0384582518191756,-1,-1,-1,-1,-1
27240,1,-1,-1,-1,-1,-1,-1,-1,-1,-1,-1,-1,-1,-1,-1,-1,-1,-1,-1,-1,-1,-1,-1,-1,-1,-1,-1,-1,-1,-1,-1,-1,-1,-1,-1,-1,-1,-1,-0.204119982655925,0.346787486224656,-0.823908740944319,-1,-1,-1,-1
27239,1,-1,-1,-1,-1,-1,-1,-1,-1,-1,-1,-1,-1,-1,-1,-1,-1,-1,-1,-1,-1,-1,-1,-1,-1,-1,-1,-1,-1,-1,-1,-1,-1,-1,-1,-1,-1,-1,0.533141820727659,0.281221602310429,0.518513939877888,-0.740362689494244,-1,-1,-1
26867,1,-1,-1,-1,-1,-1,-1,-1,-1,-1,-1,-1,-1,-1,-1,-1,-1,-1,-1,-1,-1,-1,-1,-1,-1,-1,-1,-1,-1,-1,-1,-1,-1,-1,-1,-1,-1,-1,-2.10780317181504,-0.194173052331836,-1,-1,-1,-1,-1
26699,1,-1,-1,-1,-1,-1,-1,-1,-1,-1,-1,-1,-1,-1,-1,-1,-1,-1,-1,-1,-1,-1,-1,-1,-1,-1,-1,-1,-1,-1,-1,-1,-1,-1,-1,-1,-1,-1,-1.76312882361445,-0.534793455358595,-1,-1,-1,-1,-1
27250,1,-1,-1,-1,-1,-1,-1,-1,-1,-1,-1,-1,-1,-1,-1,-1,-1,-1,-1,-1,-1,-1,-1,-1,-1,-1,-1,-1,-1,-1,-1,-1,-1,-1,-1,-1,-1,-1,-1,0.189696295115463,0.189696295115463,-0.729738765302291,-1,-1,-1
26907,1,-1,-1,-1,-1,-1,-1,-1,-1,-1,-1,-1,-1,-1,-1,-1,-1,-1,-1,-1,-1,-1,-1,-1,-1,-1,-1,-1,-1,-1,-1,-1,-1,-1,-1,-1,-1,-1,-0.467314188407361,-1,-1,-1,-1,-1,-1
26878,1,-1,-1,-1,-1,-1,-1,-1,-1,-1,-1,-1,-1,-1,-1,-1,-1,-1,-1,-1,-1,-1,-1,-1,-1,-1,-1,-1,-1,-1,-1,-1,-1,-1,-1,-1,-1,-1,-1.38290895019516,-1,-1,-1,-1,-1,-1
26869,1,-1,-1,-1,-1,-1,-1,-1,-1,-1,-1,-1,-1,-1,-1,-1,-1,-1,-1,-1,-1,-1,-1,-1,-1,-1,-1,-1,-1,-1,-1,-1,-1,-1,-1,-1,-1,-1,-1.68811368782843,-0.60842201146503,-1,-1,-1,-1,-1
26863,1,-1,-1,-1,-1,-1,-1,-1,-1,-1,-1,-1,-1,-1,-1,-1,-1,-1,-1,-1,-1,-1,-1,-1,-1,-1,-1,-1,-1,-1,-1,-1,-1,-1,-1,-1,-1,-1,0.459616099061276,-0.61733076564872,-1,-1,-1,-1,-1
26848,1,-1,-1,-1,-1,-1,-1,-1,-1,-1,-1,-1,-1,-1,-1,-1,-1,-1,-1,-1,-1,-1,-1,-1,-1,-1,-1,-1,-1,-1,-1,-1,-1,-1,-1,-1,-1,-1,-0.324136554733407,-0.68969338850966,-1,-1,-1,-1,-1
26847,1,-1,-1,-1,-1,-1,-1,-1,-1,-1,-1,-1,-1,-1,-1,-1,-1,-1,-1,-1,-1,-1,-1,-1,-1,-1,-1,-1,-1,-1,-1,-1,-1,-1,-1,-1,-1,-1,0.337805826789785,-1,-1,-1,-1,-1,-1
26846,1,-1,-1,-1,-1,-1,-1,-1,-1,-1,-1,-1,-1,-1,-1,-1,-1,-1,-1,-1,-1,-1,-1,-1,-1,-1,-1,-1,-1,-1,-1,-1,-1,-1,-1,-1,-1,-1,0.138876616932184,-0.0836777848985478,-1,-1,-1,-1,-1
26844,1,-1,-1,-1,-1,-1,-1,-1,-1,-1,-1,-1,-1,-1,-1,-1,-1,-1,-1,-1,-1,-1,-1,-1,-1,-1,-1,-1,-1,-1,-1,-1,-1,-1,-1,-1,-1,-1,-0.481389934470199,-0.0218111599518651,-1,-1,-1,-1,-1
26713,1,-1,-1,-1,-1,-1,-1,-1,-1,-1,-1,-1,-1,-1,-1,-1,-1,-1,-1,-1,-1,-1,-1,-1,-1,-1,-1,-1,-1,-1,-1,-1,-1,-1,-1,-1,-1,-1,-1.27638598460568,-1,-1,-1,-1,-1,-1
26712,1,-1,-1,-1,-1,-1,-1,-1,-1,-1,-1,-1,-1,-1,-1,-1,-1,-1,-1,-1,-1,-1,-1,-1,-1,-1,-1,-1,-1,-1,-1,-1,-1,-1,-1,-1,-1,-1,-2.2039337477793,-0.0987105713065189,-1,-1,-1,-1,-1
26704,1,-1,-1,-1,-1,-1,-1,-1,-1,-1,-1,-1,-1,-1,-1,-1,-1,-1,-1,-1,-1,-1,-1,-1,-1,-1,-1,-1,-1,-1,-1,-1,-1,-1,-1,-1,-1,-1,-0.401421882558098,-0.5655431575022,-1,-1,-1,-1,-1
26708,1,-1,-1,-1,-1,-1,-1,-1,-1,-1,-1,-1,-1,-1,-1,-1,-1,-1,-1,-1,-1,-1,-1,-1,-1,-1,-1,-1,-1,-1,-1,-1,-1,-1,-1,-1,-1,-1,0.7594507517174,-1.56863623584101,-1,-1,-1,-1,-1
26707,1,-1,-1,-1,-1,-1,-1,-1,-1,-1,-1,-1,-1,-1,-1,-1,-1,-1,-1,-1,-1,-1,-1,-1,-1,-1,-1,-1,-1,-1,-1,-1,-1,-1,-1,-1,-1,-1,0.806279026209634,-1,-1,-1,-1,-1,-1
26706,1,-1,-1,-1,-1,-1,-1,-1,-1,-1,-1,-1,-1,-1,-1,-1,-1,-1,-1,-1,-1,-1,-1,-1,-1,-1,-1,-1,-1,-1,-1,-1,-1,-1,-1,-1,-1,-1,-0.122870922864436,0.167120331124066,-1,-1,-1,-1,-1
26705,1,-1,-1,-1,-1,-1,-1,-1,-1,-1,-1,-1,-1,-1,-1,-1,-1,-1,-1,-1,-1,-1,-1,-1,-1,-1,-1,-1,-1,-1,-1,-1,-1,-1,-1,-1,-1,-1,-0.101514761831551,-1.16750125800563,-1,-1,-1,-1,-1
26703,1,-1,-1,-1,-1,-1,-1,-1,-1,-1,-1,-1,-1,-1,-1,-1,-1,-1,-1,-1,-1,-1,-1,-1,-1,-1,-1,-1,-1,-1,-1,-1,-1,-1,-1,-1,-1,-1,-1.78394909601367,-1,-1,-1,-1,-1,-1
26702,1,-1,-1,-1,-1,-1,-1,-1,-1,-1,-1,-1,-1,-1,-1,-1,-1,-1,-1,-1,-1,-1,-1,-1,-1,-1,-1,-1,-1,-1,-1,-1,-1,-1,-1,-1,-1,-1,-1.50654010781845,-0.785489359895999,-1,-1,-1,-1,-1
26701,1,-1,-1,-1,-1,-1,-1,-1,-1,-1,-1,-1,-1,-1,-1,-1,-1,-1,-1,-1,-1,-1,-1,-1,-1,-1,-1,-1,-1,-1,-1,-1,-1,-1,-1,-1,-1,-1,-1.34429416415739,-0.941833251457505,-1,-1,-1,-1,-1
27238,1,-1,-1,-1,-1,-1,-1,-1,-1,-1,-1,-1,-1,-1,-1,-1,-1,-1,-1,-1,-1,-1,-1,-1,-1,-1,-1,-1,-1,-1,-1,-1,-1,-1,-1,-1,-1,-1,-1,-0.282135715219281,-0.282135715219281,-0.176091259055681,-1,-1,-1
19383,1,-1,-1,-1,-1,-1,-1,-1,-1,-1,-1,-1,-1,-1,-1,-1,-1,-1,-1,-1,-1,-1,-1,-1,-1,-1,-1,-1,-1,-1,-1,-1,-1,-1,-1,-1,-1,-1,-1,-1,-1,0.850667727462078,0.169213454709528,-0.0169387320700208,-1
