"LPI_final" "CI_low" "CI_high"
"1970" 1 1 1
"1971" -99 NA NA
"1972" -99 NA NA
"1973" -99 NA NA
"1974" -99 NA NA
"1975" 1.00275763465628 1.00275763465628 1.00275763465628
"1976" 1.00552287386147 1.00552287386147 1.00552287386147
"1977" 1.00829573858611 1.00829573858611 1.00829573858611
"1978" 0.98496635991222 0.98496635991222 0.98496635991222
"1979" 1.13190655526769 1.13190655526769 1.13190655526769
"1980" 1.30076772365318 1.30076772365318 1.30076772365318
"1981" 1.35887849011039 1.35887849011039 1.35887849011039
"1982" 1.41958530897329 1.41958530897329 1.41958530897329
"1983" 1.86536537487696 1.47067793381426 2.36597551495548
"1984" 1.94338236657769 1.52360944519248 2.47880783007876
"1985" 1.94588787966225 1.47447253254353 2.59011473641192
"1986" 1.88175836082624 1.43302735699179 2.49159202594594
"1987" 1.69190456200717 1.20024145923279 2.44694575364494
"1988" 1.52120543558195 0.996289233140647 2.23116907158039
"1989" 1.36907914171449 0.880784355321359 2.05287447243382
"1990" 1.24794627656082 0.799378841479921 1.84369340678384
"1991" 1.1276050358679 0.724015621071643 1.75152197874504
"1992" 1.01915342937013 0.670446905536719 1.6730888893208
"1993" 0.75168015615793 0.41210266476734 1.43559024349019
"1994" 0.716855709594431 0.402147302486552 1.39747408976853
"1995" 0.768771974489989 0.422338141028488 1.51692577258687
"1996" 0.75740790006885 0.418161860736699 1.53936667693925
"1997" 0.747115459386087 0.404046149630072 1.48049548338757
"1998" 0.72318092894871 0.383295375527415 1.44166786243458
"1999" 0.703578181288037 0.389640863732422 1.37029666856619
"2000" 0.716050177539276 0.390291075986101 1.4086970209624
"2001" 0.743893719289019 0.410124197549157 1.49344637669366
"2002" 0.697552965402012 0.384575568747859 1.38262752043195
"2003" 0.688105285894121 0.385980880510915 1.35714771399511
"2004" 0.669002718789354 0.371141195924511 1.32501286124518
"2005" 0.638089784155789 0.360438455964423 1.23654826556817
"2006" 0.634154388655018 0.337929875062342 1.28591563871767
"2007" 0.604858843751831 0.323941167278103 1.22651117821135
"2008" 0.595122528787687 0.323116228570953 1.21735589582225
"2009" 0.627017037029658 0.340433054462697 1.28259786831455
"2010" 0.620493160343801 0.336890976439386 1.26925291939567
"2011" -99 NA NA
"2012" -99 NA NA
"2013" -99 NA NA
"2014" -99 NA NA
"2015" -99 NA NA
"2016" -99 NA NA
"2017" -99 NA NA
"2018" -99 NA NA
"2019" -99 NA NA
