"LPI_final" "CI_low" "CI_high"
"1970" 1 1 1
"1971" 0.971749038125117 0.946401370179295 0.997154831953417
"1972" 0.960509420272199 0.912983055393491 1.00577148672151
"1973" 0.950686833892352 0.895083175301921 1.01320815574904
"1974" 0.935768383947012 0.873457500815355 1.00894124366071
"1975" 0.916538783560116 0.847735112848425 0.992456677415628
"1976" 0.883163544785064 0.814389205404927 0.969768653165811
"1977" 0.867963031059167 0.791568507119375 0.95276418680766
"1978" 0.850549292856012 0.764071096614892 0.946214463548741
"1979" 0.817710782947701 0.722626323962783 0.911383313236216
"1980" 0.778098545907506 0.688143012269927 0.870736358979324
"1981" 0.760731371371432 0.672160916249101 0.875807299019904
"1982" 0.752064910613761 0.652460941781026 0.868333724369685
"1983" 0.748060693219124 0.63870567858217 0.870369497003506
"1984" 0.733331710765111 0.62108210537727 0.875098038587423
"1985" 0.70967792112533 0.576186052485124 0.858239547030527
"1986" 0.690641171246401 0.515852679911259 0.838393109523094
"1987" 0.628336146068984 0.445549686352054 0.87337134355283
"1988" 0.595450334672138 0.400486068452531 0.87237480416061
"1989" 0.595218145814582 0.401451517230449 0.913318743696923
"1990" 0.61909936464221 0.407214967315656 0.999249949865572
"1991" 0.464280020843669 0.251134047346844 0.851827852742007
"1992" 0.396484165599238 0.201567861730628 0.769896440112813
"1993" 0.455508503004704 0.204355521997335 0.938553899396527
"1994" 0.306066215684879 0.124658723760703 0.772731030633397
"1995" 0.335448216051885 0.132032347090983 0.83673325648353
"1996" 0.301399204585141 0.113526585564168 0.811502290553942
"1997" 0.24494610116803 0.0962556777661266 0.712768044011812
"1998" 0.222609823006332 0.0787646848974093 0.674472608884661
"1999" 0.211267141557389 0.0655042430627732 0.605243763480723
"2000" 0.168192943333696 0.0483481482696 0.550218559208007
"2001" 0.166443366820929 0.0489103898980068 0.573250100834518
"2002" 0.176416521515161 0.0514698368742888 0.585105159046737
"2003" 0.208841067336926 0.0617632679181759 0.647539692225094
"2004" 0.256944915483752 0.0698319675717482 0.840904225233902
"2005" 0.227807077157481 0.0589980010062999 0.779275637335947
"2006" 0.24134309203462 0.0614554425377733 0.86614175527856
"2007" 0.221020110136842 0.0538559602807603 0.91510604160762
"2008" 0.233566925997401 0.0549914848488275 1.01848324882663
"2009" 0.198546242516407 0.0451419961350494 0.850248207242048
"2010" 0.149261801740176 0.0312897976966262 0.566695788216394
"2011" 0.13155973632842 0.0308519403840303 0.554194664826649
"2012" 0.159993741371295 0.0381409109272311 0.703891073904736
"2013" 0.172504176164126 0.0436543649670864 0.749171031199015
"2014" 0.336988898289455 0.0927775816507243 1.21983389104947
"2015" 0.395906160641029 0.106729243802144 1.43310285554387
"2016" -99 NA NA
"2017" -99 NA NA
"2018" -99 NA NA
"2019" -99 NA NA
