population_id,1970,1971,1972,1973,1974,1975,1976,1977,1978,1979,1980,1981,1982,1983,1984,1985,1986,1987,1988,1989,1990,1991,1992,1993,1994,1995,1996,1997,1998,1999,2000,2001,2002,2003,2004,2005,2006,2007,2008,2009,2010,2011,2012,2013,2014,2015,2016,2017
720,1,0.013451836819478,0.013451836819478,0.013451836819478,0.013451836819478,0.0134518368194783,0.0134518368194778,0.0134518368194783,0.013451836819478,0.013451836819478,0.013451836819478,0.013451836819478,0.013451836819478,0.013451836819478,0.0134518368194783,-1,-1,-1,-1,-1,-1,-1,-1,-1,-1,-1,-1,-1,-1,-1,-1,-1,-1,-1,-1,-1,-1,-1,-1,-1,-1,-1,-1,-1,-1,-1,-1,-1
719,1,0.0226303044890868,0.0226303044890865,0.0226303044890865,0.0226303044890868,0.0226303044890865,0.0226303044890868,0.0226303044890865,0.0226303044890868,0.0226303044890865,0.0226303044890868,0.0226303044890865,0.0226303044890868,0.0226303044890865,0.0226303044890868,-1,-1,-1,-1,-1,-1,-1,-1,-1,-1,-1,-1,-1,-1,-1,-1,-1,-1,-1,-1,-1,-1,-1,-1,-1,-1,-1,-1,-1,-1,-1,-1,-1
718,1,-0.00326839218290531,-0.00326839218290542,-0.00326839218290531,-0.00326839218290542,-0.00326839218290542,-0.00326839218290531,-0.00326839218290531,-0.00326839218290542,-0.00326839218290531,-0.00326839218290531,-0.00326839218290542,-0.00326839218290542,-0.00326839218290531,-0.00326839218290542,-1,-1,-1,-1,-1,-1,-1,-1,-1,-1,-1,-1,-1,-1,-1,-1,-1,-1,-1,-1,-1,-1,-1,-1,-1,-1,-1,-1,-1,-1,-1,-1,-1
717,1,-0.016319952036812,-0.0163199520368122,-0.016319952036812,-0.016319952036812,-0.0163199520368122,-0.016319952036812,-0.016319952036812,-0.0163199520368122,-0.016319952036812,-0.0163199520368122,-0.016319952036812,-0.016319952036812,-0.0163199520368122,-0.016319952036812,-1,-1,-1,-1,-1,-1,-1,-1,-1,-1,-1,-1,-1,-1,-1,-1,-1,-1,-1,-1,-1,-1,-1,-1,-1,-1,-1,-1,-1,-1,-1,-1,-1
716,1,0.00380325085380173,0.00380325085380195,0.00380325085380173,0.00380325085380173,0.00380325085380195,0.00380325085380173,0.00380325085380173,0.00380325085380173,0.00380325085380173,0.00380325085380195,0.00380325085380173,0.00380325085380173,0.00380325085380195,0.00380325085380173,-1,-1,-1,-1,-1,-1,-1,-1,-1,-1,-1,-1,-1,-1,-1,-1,-1,-1,-1,-1,-1,-1,-1,-1,-1,-1,-1,-1,-1,-1,-1,-1,-1
715,1,0.00161885604542444,0.00161885604542467,0.00161885604542444,0.00161885604542467,0.00161885604542444,0.00161885604542467,0.00161885604542444,0.00161885604542467,0.00161885604542444,0.00161885604542467,0.00161885604542444,0.00161885604542467,0.00161885604542444,0.00161885604542467,-1,-1,-1,-1,-1,-1,-1,-1,-1,-1,-1,-1,-1,-1,-1,-1,-1,-1,-1,-1,-1,-1,-1,-1,-1,-1,-1,-1,-1,-1,-1,-1,-1
714,1,-0.118391485612001,-0.118391485612001,-0.118391485612001,-0.118391485612001,-0.118391485612001,-0.118391485612001,-0.118391485612001,-0.118391485612001,-0.118391485612001,-0.118391485612001,-0.118391485612001,-0.118391485612001,-0.118391485612001,-0.118391485612001,-1,-1,-1,-1,-1,-1,-1,-1,-1,-1,-1,-1,-1,-1,-1,-1,-1,-1,-1,-1,-1,-1,-1,-1,-1,-1,-1,-1,-1,-1,-1,-1,-1
713,1,0.0448849235750223,0.0448849235750223,0.0448849235750223,0.0448849235750222,0.0448849235750223,0.0448849235750223,0.0448849235750223,0.0448849235750222,0.0448849235750223,0.0448849235750224,0.0448849235750222,0.0448849235750222,0.0448849235750224,0.0448849235750222,-1,-1,-1,-1,-1,-1,-1,-1,-1,-1,-1,-1,-1,-1,-1,-1,-1,-1,-1,-1,-1,-1,-1,-1,-1,-1,-1,-1,-1,-1,-1,-1,-1
712,1,-0.0523138399873551,-0.0523138399873548,-0.0523138399873548,-0.0523138399873548,-0.0523138399873551,-0.0523138399873548,-0.0523138399873548,-0.0523138399873548,-0.0523138399873551,-0.0523138399873548,-0.0523138399873548,-0.0523138399873548,-0.0523138399873551,-0.0523138399873548,-1,-1,-1,-1,-1,-1,-1,-1,-1,-1,-1,-1,-1,-1,-1,-1,-1,-1,-1,-1,-1,-1,-1,-1,-1,-1,-1,-1,-1,-1,-1,-1,-1
711,1,-0.015365383354099,-0.0153653833540992,-0.0153653833540992,-0.015365383354099,-0.0153653833540992,-0.0153653833540992,-0.0153653833540992,-0.015365383354099,-0.0153653833540992,-0.0153653833540992,-0.015365383354099,-0.0153653833540992,-0.0153653833540992,-0.0153653833540992,-1,-1,-1,-1,-1,-1,-1,-1,-1,-1,-1,-1,-1,-1,-1,-1,-1,-1,-1,-1,-1,-1,-1,-1,-1,-1,-1,-1,-1,-1,-1,-1,-1
710,1,0.0295322982035919,0.0295322982035917,0.0295322982035917,0.0295322982035919,0.0295322982035917,0.0295322982035919,0.0295322982035917,0.0295322982035917,0.0295322982035919,0.0295322982035917,0.0295322982035917,0.0295322982035919,0.0295322982035917,0.0295322982035919,-1,-1,-1,-1,-1,-1,-1,-1,-1,-1,-1,-1,-1,-1,-1,-1,-1,-1,-1,-1,-1,-1,-1,-1,-1,-1,-1,-1,-1,-1,-1,-1,-1
709,1,0.0093095548925004,0.00930955489250063,0.0093095548925004,0.0093095548925004,0.00930955489250063,0.0093095548925004,0.0093095548925004,0.0093095548925004,0.0093095548925004,0.0093095548925004,0.0093095548925004,0.0093095548925004,0.0093095548925004,0.00930955489250063,-1,-1,-1,-1,-1,-1,-1,-1,-1,-1,-1,-1,-1,-1,-1,-1,-1,-1,-1,-1,-1,-1,-1,-1,-1,-1,-1,-1,-1,-1,-1,-1,-1
708,1,0.0152771299960772,0.0152771299960772,0.015277129996077,0.0152771299960772,0.0152771299960774,0.0152771299960772,0.0152771299960772,0.0152771299960772,0.0152771299960772,0.0152771299960772,0.0152771299960772,0.0152771299960772,0.0152771299960772,0.0152771299960772,-1,-1,-1,-1,-1,-1,-1,-1,-1,-1,-1,-1,-1,-1,-1,-1,-1,-1,-1,-1,-1,-1,-1,-1,-1,-1,-1,-1,-1,-1,-1,-1,-1
707,1,-0.00692214378628986,-0.00692214378628964,-0.00692214378628986,-0.00692214378628964,-0.00692214378628964,-0.00692214378628986,-0.00692214378628986,-0.00692214378628964,-0.00692214378628986,-0.00692214378628964,-0.00692214378628986,-0.00692214378628964,-0.00692214378628964,-0.00692214378628986,-1,-1,-1,-1,-1,-1,-1,-1,-1,-1,-1,-1,-1,-1,-1,-1,-1,-1,-1,-1,-1,-1,-1,-1,-1,-1,-1,-1,-1,-1,-1,-1,-1
706,1,0.00172383426547995,0.00172383426547995,0.00172383426547995,0.00172383426547995,0.00172383426547995,0.00172383426547995,0.00172383426547995,0.00172383426547995,0.00172383426547995,0.00172383426547995,0.00172383426547995,0.00172383426547995,0.00172383426547995,0.00172383426547995,-1,-1,-1,-1,-1,-1,-1,-1,-1,-1,-1,-1,-1,-1,-1,-1,-1,-1,-1,-1,-1,-1,-1,-1,-1,-1,-1,-1,-1,-1,-1,-1,-1
705,1,-0.0158463392583112,-0.015846339258311,-0.0158463392583112,-0.0158463392583112,-0.015846339258311,-0.0158463392583112,-0.0158463392583112,-0.015846339258311,-0.0158463392583112,-0.0158463392583112,-0.015846339258311,-0.0158463392583112,-0.0158463392583112,-0.015846339258311,-1,-1,-1,-1,-1,-1,-1,-1,-1,-1,-1,-1,-1,-1,-1,-1,-1,-1,-1,-1,-1,-1,-1,-1,-1,-1,-1,-1,-1,-1,-1,-1,-1
704,1,0.0173598606204496,0.0173598606204496,0.0173598606204496,0.0173598606204497,0.0173598606204496,0.0173598606204496,0.0173598606204496,0.0173598606204496,0.0173598606204496,0.0173598606204496,0.0173598606204497,0.0173598606204496,0.0173598606204496,0.0173598606204496,-1,-1,-1,-1,-1,-1,-1,-1,-1,-1,-1,-1,-1,-1,-1,-1,-1,-1,-1,-1,-1,-1,-1,-1,-1,-1,-1,-1,-1,-1,-1,-1,-1
703,1,0.0430042850948544,0.0430042850948544,0.0430042850948545,0.0430042850948544,0.0430042850948544,0.0430042850948544,0.0430042850948544,0.0430042850948544,0.0430042850948545,0.0430042850948545,0.0430042850948544,0.0430042850948544,0.0430042850948544,0.0430042850948544,-1,-1,-1,-1,-1,-1,-1,-1,-1,-1,-1,-1,-1,-1,-1,-1,-1,-1,-1,-1,-1,-1,-1,-1,-1,-1,-1,-1,-1,-1,-1,-1,-1
702,1,0.00559949911086077,0.00559949911086077,0.00559949911086077,0.00559949911086088,0.00559949911086077,0.00559949911086077,0.00559949911086088,0.00559949911086066,0.00559949911086077,0.00559949911086088,0.00559949911086088,0.00559949911086066,0.00559949911086088,0.00559949911086077,-1,-1,-1,-1,-1,-1,-1,-1,-1,-1,-1,-1,-1,-1,-1,-1,-1,-1,-1,-1,-1,-1,-1,-1,-1,-1,-1,-1,-1,-1,-1,-1,-1
701,1,-0.034080089622833,-0.034080089622833,-0.034080089622833,-0.034080089622833,-0.034080089622833,-0.0340800896228329,-0.034080089622833,-0.034080089622833,-0.034080089622833,-0.034080089622833,-0.034080089622833,-0.034080089622833,-0.034080089622833,-0.034080089622833,-1,-1,-1,-1,-1,-1,-1,-1,-1,-1,-1,-1,-1,-1,-1,-1,-1,-1,-1,-1,-1,-1,-1,-1,-1,-1,-1,-1,-1,-1,-1,-1,-1
700,1,-0.0663870661224495,-0.0663870661224495,-0.0663870661224495,-0.0663870661224494,-0.0663870661224495,-0.0663870661224495,-0.0663870661224495,-0.0663870661224495,-0.0663870661224495,-0.0663870661224495,-0.0663870661224495,-0.0663870661224494,-0.0663870661224496,-0.0663870661224494,-1,-1,-1,-1,-1,-1,-1,-1,-1,-1,-1,-1,-1,-1,-1,-1,-1,-1,-1,-1,-1,-1,-1,-1,-1,-1,-1,-1,-1,-1,-1,-1,-1
699,1,-0.0145799987611375,-0.0145799987611375,-0.0145799987611375,-0.0145799987611375,-0.0145799987611375,-0.0145799987611375,-0.0145799987611375,-0.0145799987611375,-0.0145799987611375,-0.0145799987611375,-0.0145799987611375,-0.0145799987611375,-0.0145799987611375,-0.0145799987611375,-1,-1,-1,-1,-1,-1,-1,-1,-1,-1,-1,-1,-1,-1,-1,-1,-1,-1,-1,-1,-1,-1,-1,-1,-1,-1,-1,-1,-1,-1,-1,-1,-1
698,1,-0.0104377168341598,-0.0104377168341598,-0.0104377168341598,-0.0104377168341598,-0.0104377168341598,-0.0104377168341598,-0.0104377168341598,-0.0104377168341598,-0.0104377168341598,-0.0104377168341601,-0.0104377168341598,-0.0104377168341598,-0.0104377168341598,-0.0104377168341598,-1,-1,-1,-1,-1,-1,-1,-1,-1,-1,-1,-1,-1,-1,-1,-1,-1,-1,-1,-1,-1,-1,-1,-1,-1,-1,-1,-1,-1,-1,-1,-1,-1
697,1,-0.0616051525774057,-0.0616051525774055,-0.0616051525774057,-0.0616051525774057,-0.0616051525774057,-0.0616051525774055,-0.0616051525774057,-0.0616051525774057,-0.0616051525774057,-0.0616051525774055,-0.0616051525774057,-0.0616051525774057,-0.0616051525774057,-0.0616051525774057,-1,-1,-1,-1,-1,-1,-1,-1,-1,-1,-1,-1,-1,-1,-1,-1,-1,-1,-1,-1,-1,-1,-1,-1,-1,-1,-1,-1,-1,-1,-1,-1,-1
696,1,-0.0215021425474271,-0.0215021425474273,-0.0215021425474271,-0.0215021425474273,-0.0215021425474271,-0.0215021425474273,-0.0215021425474272,-0.0215021425474272,-0.0215021425474273,-0.0215021425474272,-0.0215021425474272,-0.0215021425474271,-0.0215021425474272,-0.0215021425474273,-1,-1,-1,-1,-1,-1,-1,-1,-1,-1,-1,-1,-1,-1,-1,-1,-1,-1,-1,-1,-1,-1,-1,-1,-1,-1,-1,-1,-1,-1,-1,-1,-1
695,1,-0.0365630972127768,-0.0365630972127766,-0.0365630972127768,-0.0365630972127766,-0.0365630972127768,-0.0365630972127766,-0.0365630972127768,-0.0365630972127766,-0.0365630972127768,-0.0365630972127768,-0.0365630972127766,-0.0365630972127767,-0.0365630972127767,-0.0365630972127768,-1,-1,-1,-1,-1,-1,-1,-1,-1,-1,-1,-1,-1,-1,-1,-1,-1,-1,-1,-1,-1,-1,-1,-1,-1,-1,-1,-1,-1,-1,-1,-1,-1
672,1,-0.0551063357423209,-0.0984192628508536,-0.0931187562447042,-0.0746502719523934,-0.0702068358992569,-0.0525013733778614,-0.025400955927722,-0.0479704335473794,-0.114057885046447,-0.118355145100435,-0.0222471166457932,0.0542783218470877,0.00684670368231344,-0.087445742993864,-0.0967713784003621,-0.0351097753816562,-0.000330403125465173,0.0025877159528529,0.0192473262895164,0.0068726862894839,-0.072277773305749,-0.084230882572445,0.114171845476604,0.37091422128588,0.371049749357387,0.11043097106334,-0.0571689357248795,0.0454837819390741,0.143264653816303,-0.0298763727899312,-0.284217289228085,-1,-1,-1,-1,-1,-1,-1,-1,-1,-1,-1,-1,-1,-1,-1,-1
671,1,0.00255281663475193,0.0238785089086742,0.0379932756375856,0.0243992040589001,-0.0035070861550679,-0.0183813581250605,-0.0093093369317343,0.0126286973455003,0.0294778185328775,0.0334060831138097,0.0328309277386365,0.0397810581756948,0.0486685349470342,0.0385573727120909,0.00650704397312785,-0.0161862187864621,-0.00305793815278044,0.0226692492994967,0.0153939750653622,-0.019818163004818,-0.0228947196715161,0.030880783175584,0.0742120091628238,0.0277943209861262,-0.0778349000187648,-0.117354099651039,-0.0259687863110409,0.104325273614769,0.126004658319606,0.0161083079806432,-0.0979453849737879,-1,-1,-1,-1,-1,-1,-1,-1,-1,-1,-1,-1,-1,-1,-1,-1
673,1,-0.0411954370472158,-0.0411954370472158,-0.0411954370472163,-0.0411954370472158,-0.0411954370472161,-0.0411954370472158,-0.0411954370472158,-0.0411954370472161,-0.0411954370472158,-0.0411954370472161,-0.0411954370472158,-0.0411954370472158,-0.0411954370472161,-0.0411954370472158,-0.0411954370472161,0.0352669644024102,0.0352669644024102,0.0352669644024102,0.0352669644024102,0.0352669644024102,0.0352669644024102,0.0352669644024102,0.0352669644024102,0.0352669644024102,0.0352669644024102,0.0352669644024102,0.0352669644024102,0.0352669644024102,0.0352669644024102,0.0352669644024102,0.03526696440241,-1,-1,-1,-1,-1,-1,-1,-1,-1,-1,-1,-1,-1,-1,-1,-1
670,1,-1,0.0762104849736152,0.0762104849736152,0.0762104849736152,0.0762104849736152,0.0762104849736152,0.0762104849736156,0.0762104849736152,0.0762104849736147,0.0762104849736156,0.0762104849736156,0.0762104849736147,0.0762104849736156,0.0762104849736147,0.0762104849736156,0.0351411069134127,0.0351411069134135,0.0351411069134135,0.0351411069134127,0.0351411069134135,0.0351411069134127,0.0351411069134135,0.0351411069134127,0.0351411069134135,-1,-1,-1,-1,-1,-1,-1,-1,-1,-1,-1,-1,-1,-1,-1,-1,-1,-1,-1,-1,-1,-1,-1
3503,1,-1,-1,-1,-1,0.144975651423839,0.135691300382037,0.118789109737771,0.0986814954344291,0.0794223121998932,0.0628584019849637,0.0493821520138327,0.0395436284155309,0.0344107413149854,-1,-1,-1,-1,-1,-1,-1,-1,-1,-1,-1,-1,-1,-1,-1,-1,-1,-1,-1,-1,-1,-1,-1,-1,-1,-1,-1,-1,-1,-1,-1,-1,-1,-1
3502,1,-1,-1,-1,-1,-0.046434570848509,-0.00250553323097691,0.0437207256780567,0.0461961707043472,0.00245349376006665,-0.0447503466877972,-0.0507906386716876,-0.0136352628988314,0.0249626281612301,-1,-1,-1,-1,-1,-1,-1,-1,-1,-1,-1,-1,-1,-1,-1,-1,-1,-1,-1,-1,-1,-1,-1,-1,-1,-1,-1,-1,-1,-1,-1,-1,-1,-1
17774,1,-1,-1,-1,-1,-1,0.10649218306807,0.10649218306807,0.10649218306807,0.10649218306807,0.0639067939985788,0.0639067939985787,0.0639067939985788,0.0639067939985786,-0.0125891273080205,0.0153664917807139,0.0153664917807139,0.0153664917807139,0.0153664917807139,0.015366491780714,0.0153664917807139,0.015366491780714,0.0153664917807139,0.0153664917807139,0.015366491780714,0.0153664917807138,0.015366491780714,0.0153664917807139,-0.0282566782150372,-0.028256678215037,-0.0146780154558127,-0.0309337142436508,0.051637767880485,0.0516377678804851,0.0249181803886993,0.0249181803886992,0.0249181803886994,0.00525574533912532,0.00525574533912554,-1,-1,-1,-1,-1,-1,-1,-1,-1
17770,1,-1,-1,-1,-1,-1,-0.000699586888029236,-0.00069958688802646,-0.000699586888024295,-0.000699586888029624,-0.000699586888042947,-0.000699586888061154,-0.000699586888077253,-0.000699586888090353,-0.000699586888100456,-0.000699586888109616,-0.000699586888118664,-0.000699586888130543,-0.000699586888148473,-0.000699586888180725,-0.00069958688823285,-0.00069958688830607,-0.000699586888390336,-0.000699586888474268,-0.000699586888543657,-0.000699586888590287,-0.000699586888614268,-0.000699586888623094,-0.000699586888627646,-0.000699586888638692,-0.000699586888656234,-0.000699586888677384,-0.00069958688869548,-0.000699586888708137,-0.000699586888716797,-0.000699586888720571,-0.000699586888719017,-0.000699586888714687,-0.000699586888711801,-1,-1,-1,-1,-1,-1,-1,-1,-1
17769,1,-1,-1,-1,-1,-1,-0.00978985821175249,-0.00972369648376736,-0.00956143721617808,-0.00912687317343874,-0.00792607026192094,-0.00528485704945192,-0.000777888267712523,0.00543504666737615,0.0125968559205605,0.0195205210528568,0.0247489328958008,0.0268193521746516,0.0248328955435949,0.0191242518902054,0.0114205815288433,0.00413593243831001,-0.000757675508779032,-0.00240817435765694,-0.000932524288828063,0.00307198076854087,0.00867447082997808,0.0144356927989985,0.018566223011904,0.0197391012760665,0.017922431022162,0.0142397453482688,0.00990300069785266,0.00516048324930429,-6.15839133267793e-05,-0.00605830845382205,-0.0129034672881285,-0.0198145219399384,-0.0236613185039952,-1,-1,-1,-1,-1,-1,-1,-1,-1
3511,1,-1,-1,-1,-1,-1,0.138210492164445,0.138210492164445,0.138210492164445,0.138210492164445,0.0179705018265315,0.017970501826531,0.0179705018265315,0.0179705018265315,-1,-1,-1,-1,-1,-1,-1,-1,-1,-1,-1,-1,-1,-1,-1,-1,-1,-1,-1,-1,-1,-1,-1,-1,-1,-1,-1,-1,-1,-1,-1,-1,-1,-1
3510,1,-1,-1,-1,-1,-1,0.0108664234452727,0.0108664234452727,0.0108664234452724,0.0108664234452727,0.0387254899964358,0.0387254899964358,0.0387254899964358,0.0387254899964358,-1,-1,-1,-1,-1,-1,-1,-1,-1,-1,-1,-1,-1,-1,-1,-1,-1,-1,-1,-1,-1,-1,-1,-1,-1,-1,-1,-1,-1,-1,-1,-1,-1,-1
3509,1,-1,-1,-1,-1,-1,-0.00517237228999479,-0.00517237228999479,-0.00517237228999479,-0.00517237228999479,-0.00517237228999479,-0.00517237228999479,-0.0696359281413945,0.378634853476651,-1,-1,-1,-1,-1,-1,-1,-1,-1,-1,-1,-1,-1,-1,-1,-1,-1,-1,-1,-1,-1,-1,-1,-1,-1,-1,-1,-1,-1,-1,-1,-1,-1,-1
3508,1,-1,-1,-1,-1,-1,-0.602059991327962,0.318080836479775,0.318080836479775,0.318080836479775,-0.0880456295278406,-0.0880456295278407,0.0669467896306132,-0.0669467896306132,-1,-1,-1,-1,-1,-1,-1,-1,-1,-1,-1,-1,-1,-1,-1,-1,-1,-1,-1,-1,-1,-1,-1,-1,-1,-1,-1,-1,-1,-1,-1,-1,-1,-1
3507,1,-1,-1,-1,-1,-1,-0.234083206033368,0.13672482169635,0.13672482169635,0.13672482169635,0.0117405479247616,0.0117405479247612,-0.048304679574555,0.149762320333332,-1,-1,-1,-1,-1,-1,-1,-1,-1,-1,-1,-1,-1,-1,-1,-1,-1,-1,-1,-1,-1,-1,-1,-1,-1,-1,-1,-1,-1,-1,-1,-1,-1,-1
3506,1,-1,-1,-1,-1,-1,0.0532455119532251,-0.0170333392987805,0.127636252551653,0.127636252551653,-0.160387026929869,-0.160387026929869,0.151861379431181,0.0140107144428145,-1,-1,-1,-1,-1,-1,-1,-1,-1,-1,-1,-1,-1,-1,-1,-1,-1,-1,-1,-1,-1,-1,-1,-1,-1,-1,-1,-1,-1,-1,-1,-1,-1,-1
17779,1,-1,-1,-1,-1,-1,-1,0.0231392120106682,0.0240366836136613,0.0257701747025102,0.0277793117363721,0.0291423851118637,0.0289937303404678,0.0269373826451979,0.0232270298782934,0.018600147757207,0.0137942625896304,0.00902532850796722,0.00461057099423512,0.000908092027322616,-0.00169772670332397,-0.00291357640513207,-0.0027114249382944,-0.00130066303733412,0.00112490864747561,0.00458280751688922,0.00915709037088103,0.0145816857704065,0.0199598260227332,0.024174471853277,0.0269852224756559,0.0283920778898694,0.0285050146213013,0.0279184070127924,0.0273601045549479,0.0269845754890742,0.0267918198151733,0.0267818375332431,0.026895367892948,-1,-1,-1,-1,-1,-1,-1,-1,-1
17775,1,-1,-1,-1,-1,-1,-1,0.0152838318834264,0.0152284261824857,0.0152015477305682,0.0153007672513357,0.0155442047343744,0.0158703763749402,0.0162027491081757,0.0164738852963359,0.0165861103776825,0.0164177295696544,0.0159309111604127,0.0150965058706042,0.0139960835876561,0.0127786531598059,0.0115289176983669,0.0102291438029446,0.00886043646560064,0.00750643790919731,0.00630897015245224,0.00530841022822426,0.0043559484142458,0.00321878591496322,0.00176529855723839,3.51686484469371e-05,-0.00167732703853801,-0.00310652042009474,-0.00417984227376544,-0.00493945144676911,-0.00557685066907077,-0.00613991562316052,-0.00660030779658477,-0.0068446731395248,-1,-1,-1,-1,-1,-1,-1,-1,-1
3501,1,-1,-1,-1,-1,-1,-1,0.0258935847037086,0.025893584703522,0.0258935847026593,0.0258935847006052,0.0258935846974786,0.02589358469429,0.0258935846923642,-1,-1,-1,-1,-1,-1,-1,-1,-1,-1,-1,-1,-1,-1,-1,-1,-1,-1,-1,-1,-1,-1,-1,-1,-1,-1,-1,-1,-1,-1,-1,-1,-1,-1
3500,1,-1,-1,-1,-1,-1,-1,0.0269083247183053,0.0269083247178163,0.0269083247169379,0.0269083247159245,0.0269083247150372,0.0269083247144288,0.0269083247141428,-1,-1,-1,-1,-1,-1,-1,-1,-1,-1,-1,-1,-1,-1,-1,-1,-1,-1,-1,-1,-1,-1,-1,-1,-1,-1,-1,-1,-1,-1,-1,-1,-1,-1
17777,1,-1,-1,-1,-1,-1,-1,-1,-0.160296991872449,0.168265921543725,0.0604771358863311,0.0604771358863312,0.0604771358863311,0.0604771358863311,0,0,0,0,0.118099312077994,0.00785221319249985,0.00785221319249985,0.00785221319249974,0.00785221319249985,0.00785221319249996,0.00785221319249985,0.00785221319249985,0.0656432534386657,-0.0439240037454295,-0.127837264488116,0.191331225612418,-0.0187004986662432,0.0948203803547998,0.00486026075445034,-0.131197692555315,0.0681459468082259,-0.141206349322753,0.0568854636227173,-0.114719571426614,-1,-1,-1,-1,-1,-1,-1,-1,-1,-1
17776,1,-1,-1,-1,-1,-1,-1,-1,-0.0393706918992744,0.168630802290217,0.0215896789269256,0.0215896789269256,0.0215896789269256,0.0215896789269256,0.0215896789269255,-0.0057001389951718,-0.00570013899517186,-0.00570013899517174,0.076557102221476,0.00672450635121519,0.00672450635121524,0.00672450635121513,0.00672450635121524,0.00672450635121519,0.00672450635121524,0.00672450635121513,-0.0242836562292703,-0.0169778419526051,0.00998422090660095,-0.263241434774581,0.355615693949756,-0.165951627704801,0.0163904161881694,-0.0386668108993216,0.123176890452013,-0.223617772355203,-0.0334733948153066,-0.0334733948153066,-1,-1,-1,-1,-1,-1,-1,-1,-1,-1
17773,1,-1,-1,-1,-1,-1,-1,-1,0.00546942576019555,-0.00812645923471944,-0.0201813484534725,-0.0126873145318956,0.0156384719868435,0.0483764071712416,0.0680003469341204,0.0694716715262678,0.059165872802881,0.0451172066240026,0.0294930326848458,0.0146808858317025,0.00272091481199999,-0.00600200969803411,-0.011487887698394,-0.0137367191890807,-0.0127485041700978,-0.00852324264144322,-0.00261855511701736,-0.00107481279528754,-0.0031964924648773,-0.00165011600157472,0.00926390812499889,0.0269178346919404,0.0416812359718859,0.0447629842592636,0.034849279788973,0.0180314269454458,0.0027172262405275,-0.00545142544267041,-1,-1,-1,-1,-1,-1,-1,-1,-1,-1
17768,1,-1,-1,-1,-1,-1,-1,-1,0.0194487927302614,0.0211878204739998,0.0231208232819161,0.0248615379841212,0.0264099645806091,0.0277661030713862,0.0289299534564457,0.0297283007482161,0.0295103679253773,0.028355697706984,0.0266096967604548,0.0240610426184845,0.0199215877124739,0.0136407442641541,0.00577540944924126,-0.00197452067533399,-0.00769550216448145,-0.0103642144292191,-0.0101671782358936,-0.00785175200818089,-0.00387464027895545,0.00175855003053438,0.00888536830276232,0.0163727599924054,0.021919304561675,0.0229078400626872,0.0179954522379132,0.00827078594016217,-0.00299640991262262,-0.0123824118639707,-0.0190446354335283,-0.0224432287075246,-1,-1,-1,-1,-1,-1,-1,-1
18257,1,-1,-1,-1,-1,-1,-1,-1,-1,-0.016228189761881,-0.0162281897618809,-0.016228189761881,-0.0162281897618809,-0.016228189761881,-0.0162281897618809,-0.062361447728828,0.332173742576601,0.0476045724811405,-0.00265765711199489,-0.0539869259339449,-0.0921782007954972,0.135131105847561,0.0936593942441977,-0.0992110881038539,0.0340334380708636,0.0815758740495187,-0.0473948395109689,0.121881766727783,-0.102007828394269,0.0539607599293197,0.0539607599293196,0.0202103568499107,0.111273209136452,-0.0240071001497708,-0.0240071001497707,0.0284633236555987,0.0284633236555984,0.0284633236555986,-0.0409682345315729,-0.0409682345315731,0.014870270655178,0.0148702706551781,0.0300587066837538,0.0300587066837535,-1,-1,-1,-1
17780,1,-1,-1,-1,-1,-1,-1,-1,-1,0.331153150725023,0.0362567138385789,0.0362567138385789,0.0362567138385789,0.0362567138385789,0.0362567138385789,-0.103911215165313,-0.103911215165313,0.0995198210807865,0.119942689115208,-0.00337153609786844,-0.00337153609786844,-0.00337153609786833,-0.00337153609786844,-0.00337153609786844,-0.00337153609786844,-0.00337153609786833,0.109312865891661,-0.0149874942221951,-0.0104951890467424,-0.0488932044135337,0.0860042793234925,-0.190676057497362,0.156057353742971,0.114086707476286,-0.0614868800125471,-0.319585203372195,0.00228578153724179,0.00228578153724157,-1,-1,-1,-1,-1,-1,-1,-1,-1,-1
17772,1,-1,-1,-1,-1,-1,-1,-1,-1,0.0183783569535058,0.0217384731734158,0.028458705613281,0.0385390542730315,0.0519795191527254,0.0687801002523496,0.0822367511583554,0.067357189553513,0.031507244986568,0.00763177076574861,0.0156189832169801,0.0409771339217733,0.0513719660715619,0.0320185972829727,0.00142814359170507,-0.00933992931229211,0.00875075541463177,0.0319905875634351,0.0291529315395206,-0.00395280225705752,-0.0376148282329611,-0.0379829788929837,-0.00343840537722295,0.0383934516934789,0.0568546830800571,0.0490216283552332,0.0372987806678456,0.0274445147854285,0.0194588307079437,0.0135400566572809,0.0104815055210046,-1,-1,-1,-1,-1,-1,-1,-1
817,1,-1,-1,-1,-1,-1,-1,-1,-1,-1,-1,0.0103149729356748,0.0103149729356748,0.0103149729356744,0.0103149729356748,0.0103149729356748,0.0258613838186248,0.0258613838186252,0.0258613838186248,0.0258613838186248,0.0258613838186252,-1,-1,-1,-1,-1,-1,-1,-1,-1,-1,-1,-1,-1,-1,-1,-1,-1,-1,-1,-1,-1,-1,-1,-1,-1,-1,-1
5178,1,-1,-1,-1,-1,-1,-1,-1,-1,-1,-1,-1,-1,0.015821710752133,0.0158217107521743,0.0158217107519105,0.0158217107510397,0.015821710749671,0.0158217107481786,0.0158217107466805,0.0158217107452745,0.0158217107439311,0.0158217107426455,0.0158217107415846,0.0158217107409651,0.0158217107407992,0.0158217107408445,-1,-1,-1,-1,-1,-1,-1,-1,-1,-1,-1,-1,-1,-1,-1,-1,-1,-1,-1,-1,-1
5179,1,-1,-1,-1,-1,-1,-1,-1,-1,-1,-1,-1,-1,-1,0.0236943008352795,0.0236943008354691,0.0236943008357984,0.0236943008361237,0.0236943008362854,0.0236943008362457,0.0236943008359772,0.0236943008355275,0.023694300835005,0.0236943008345332,0.0236943008341972,0.0236943008340165,0.0236943008339543,-1,-1,-1,-1,-1,-1,-1,-1,-1,-1,-1,-1,-1,-1,-1,-1,-1,-1,-1,-1,-1
17778,1,-1,-1,-1,-1,-1,-1,-1,-1,-1,-1,-1,-1,-1,-1,0.0122776934603948,0.0911213652917955,0.0914781749446339,0.0514836657969385,0.0444632763029918,0.0444632763029921,0.044463276302992,0.044463276302992,0.157938996711225,0.0336952743966399,0.00895484265292645,-0.0647978763798394,0.11954638422025,-0.0686321055014298,-0.00658072302898538,-0.00658072302898538,-0.0481659864239501,0.0825348880552126,0.026301294421307,0.026301294421307,-0.0106787440001028,-0.0106787440001028,-0.0106787440001028,-0.0045495848447743,-0.00454958484477452,-1,-1,-1,-1,-1,-1,-1,-1
18343,1,-1,-1,-1,-1,-1,-1,-1,-1,-1,-1,-1,-1,-1,-1,-1,-1,-1,0.436119649715648,-1,-1,-1,-1,-1,-1,-1,-1,-1,-1,-1,-1,-1,-1,-1,-1,-1,-1,-1,-1,-1,-1,-1,-1,-1,-1,-1,-1,-1
5180,1,-1,-1,-1,-1,-1,-1,-1,-1,-1,-1,-1,-1,-1,-1,-1,-1,-1,-1,0.0247972397516976,0.0247972397514375,0.0247972397508582,0.0247972397499521,0.0247972397488054,0.0247972397476124,0.0247972397466492,0.0247972397461396,-1,-1,-1,-1,-1,-1,-1,-1,-1,-1,-1,-1,-1,-1,-1,-1,-1,-1,-1,-1,-1
17767,1,-1,-1,-1,-1,-1,-1,-1,-1,-1,-1,-1,-1,-1,-1,-1,-1,-1,-1,-1,-1,0.308053779190944,0.0291883891274822,0.285854415904344,0.285854415904344,-0.0339590743757533,-0.0339590743757532,-0.00239565973851408,-0.00239565973851397,-1,-1,-1,-1,-1,-1,-1,-1,-1,-1,-1,-1,-1,-1,-1,-1,-1,-1,-1
17766,1,-1,-1,-1,-1,-1,-1,-1,-1,-1,-1,-1,-1,-1,-1,-1,-1,-1,-1,-1,-1,0.602059991327962,0,-0.0501716659439969,-0.0501716659439969,-0.0501716659439969,-0.0501716659439969,-0.0501716659439969,-0.0501716659439969,-1,-1,-1,-1,-1,-1,-1,-1,-1,-1,-1,-1,-1,-1,-1,-1,-1,-1,-1
17765,1,-1,-1,-1,-1,-1,-1,-1,-1,-1,-1,-1,-1,-1,-1,-1,-1,-1,-1,-1,-1,-0.221414237842339,0.125481265700594,-0.0504432700662483,-0.0504432700662482,-0.0504432700662483,-0.0504432700662482,-0.0504432700662483,-0.0504432700662482,-1,-1,-1,-1,-1,-1,-1,-1,-1,-1,-1,-1,-1,-1,-1,-1,-1,-1,-1
17764,1,-1,-1,-1,-1,-1,-1,-1,-1,-1,-1,-1,-1,-1,-1,-1,-1,-1,-1,-1,-1,2.09034234164652,0.0691130510566705,-0.101510779408795,-0.101510779408795,-0.101510779408795,-0.101510779408795,-0.101510779408795,-0.101510779408795,-1,-1,-1,-1,-1,-1,-1,-1,-1,-1,-1,-1,-1,-1,-1,-1,-1,-1,-1
17763,1,-1,-1,-1,-1,-1,-1,-1,-1,-1,-1,-1,-1,-1,-1,-1,-1,-1,-1,-1,-1,0.0882609038995432,0.157390760389438,-0.135417605153615,-0.135417605153615,0.111571609984678,0.111571609984678,-0.246457760951447,-0.246457760951447,-1,-1,-1,-1,-1,-1,-1,-1,-1,-1,-1,-1,-1,-1,-1,-1,-1,-1,-1
17762,1,-1,-1,-1,-1,-1,-1,-1,-1,-1,-1,-1,-1,-1,-1,-1,-1,-1,-1,-1,-1,-0.544068044350276,0.602059991327962,-0.0501716659439968,-0.0501716659439969,-0.0501716659439968,-0.0501716659439969,-0.0501716659439968,-0.0501716659439969,-1,-1,-1,-1,-1,-1,-1,-1,-1,-1,-1,-1,-1,-1,-1,-1,-1,-1,-1
5193,1,-1,-1,-1,-1,-1,-1,-1,-1,-1,-1,-1,-1,-1,-1,-1,-1,-1,-1,-1,-1,0.000548587555454755,0.000548587554834959,0.000548587553872375,0.000548587553059879,0.000548587552709603,0.000548587552813305,0.000548587553229812,0.000548587553852571,0.000548587554596233,0.000548587555368928,0.000548587555846955,-1,-1,-1,-1,-1,-1,-1,-1,-1,-1,-1,-1,-1,-1,-1,-1
4811,1,-1,-1,-1,-0.0349485002168008,-0.0349485002168008,-0.0349485002168013,-0.0349485002168008,-0.0349485002168008,-0.0349485002168008,-0.0349485002168008,-0.0349485002168013,-0.0349485002168008,-0.0349485002168008,-0.0349485002168008,-0.0349485002168008,-0.0349485002168013,-0.0349485002168008,-0.0349485002168008,-0.0349485002168008,-0.0349485002168008,-0.0349485002168013,-0.0349485002168008,-0.0349485002168008,-0.0602059991327963,-0.0602059991327963,-0.0602059991327963,-0.0602059991327959,-0.0602059991327963,-0.0602059991327963,-0.0602059991327961,-0.0602059991327963,-0.0602059991327961,-0.0602059991327963,-1,-1,-1,-1,-1,-1,-1,-1,-1,-1,-1,-1,-1,-1
4810,1,-1,-1,-1,-1,-1,-1,-1,-1,-1,-1,-1,-1,-1,-1,-1,-1,-1,-1,-1,-1,-1,-1,-1,-0.0698970004336019,-0.0698970004336019,-0.0698970004336017,-0.0698970004336021,-0.0698970004336017,-0.0698970004336019,-0.0698970004336019,-0.0698970004336019,-0.0698970004336019,-0.0698970004336018,-1,-1,-1,-1,-1,-1,-1,-1,-1,-1,-1,-1,-1,-1
18255,1,-1,-1,-1,-1,-1,-1,-1,-1,-0.128654685842678,-0.118274946849909,-0.0975154688644725,-0.0663762518862334,-0.0248572959153052,0.0270413990483861,0.0876634540171857,0.145539611899927,0.174924741706478,0.152813276657005,0.0846568187456607,0.00956615400387872,-0.0267718554751451,-0.0093520940579242,0.0343734414831846,0.0605806816253789,0.0482329144788926,0.0139522055043078,-0.00966501664028097,-0.00805717075702783,0.00343838612797526,0.000711704455107764,-0.018837175573035,-0.041638087514316,-0.0532442031470939,-0.0527098834607021,-0.0450764807402123,-0.0483642211770051,-0.0670781613188832,-0.0925980835186643,-0.0904431171874635,-0.0583337086009038,-0.0216325134506381,0.00778589760187273,-1,-1,-1,-1,-1
7805,1,-1,-1,-1,-1,-1,-1,-1,-1,-1,-1,-1,-1,-1,-1,-1,-1,-1,-1,-1,-1,-1,-1,-1,-1,-1,-1,-1,-1,-1,-1,-1,-1,-1,-1,-1,-0.0301479509436255,-0.0301479509436255,-1,-1,-1,-1,-1,-1,-1,-1,-1,-1
7804,1,-1,-1,-1,-1,-1,-1,-1,-1,-1,-1,-1,-1,-1,-1,-1,-1,-1,-1,-1,-1,-1,-1,-1,-1,-1,-1,-1,-1,-1,-1,-1,-1,-1,-1,-1,-0.0315258728735444,-0.0315258728735446,-1,-1,-1,-1,-1,-1,-1,-1,-1,-1
7803,1,-1,-1,-1,-1,-1,-1,-1,-1,-1,-1,-1,-1,-1,-1,-1,-1,-1,-1,-1,-1,-1,-1,-1,-1,-1,-1,-1,-1,-1,-1,-1,-1,-1,-1,-1,-0.265739458521128,-0.265739458521127,-1,-1,-1,-1,-1,-1,-1,-1,-1,-1
7802,1,-1,-1,-1,-1,-1,-1,-1,-1,-1,-1,-1,-1,-1,-1,-1,-1,-1,-1,-1,-1,-1,-1,-1,-1,-1,-1,-1,-1,-1,-1,-1,-1,-1,-1,-1,-0.248662320403975,-0.248662320403975,-1,-1,-1,-1,-1,-1,-1,-1,-1,-1
818,1,-1,-1,-1,-1,-1,-1,-1,-1,-1,-1,0.124092692417845,0.124092692417845,0.124092692417845,0.124092692417845,0.124092692417845,-0.00476161881262227,-0.00476161881262183,-0.00476161881262227,-0.00476161881262183,-0.00476161881262227,-1,-1,-1,-1,-1,-1,-1,-1,-1,-1,-1,-1,-1,-1,-1,-1,-1,-1,-1,-1,-1,-1,-1,-1,-1,-1,-1
11215,1,-1,-1,-1,-1,-1,-1,-1,-1,-1,-1,-1,-1,-1,-1,-1,-1,-1,-1,-1,-1,-1,-1,-1,-1,-1,-1,-1,-0.0486788780405361,-0.0486788780405356,-0.0486788780405356,-0.0486788780405361,-0.0486788780405356,-0.0486788780405356,-0.0486788780405361,-0.0486788780405356,-0.0486788780405361,-1,-1,-1,-1,-1,-1,-1,-1,-1,-1,-1
19831,1,-1,-1,-1,-1,-1,-1,-1,-1,-1,-1,-1,-1,-1,-1,-1,-1,-1,-1,-1,-1,-1,-1,-1,-1,-1,-1,-1,-1,-1,-1,-1,-1,-1,-1,-1,0.139709769247325,0.139709769247325,0.139709769247325,-0.440739764911306,-0.440739764911306,-0.440739764911306,0.301029995663981,0.301029995663981,0.23299000144534,0.23299000144534,0.23299000144534,-1
19829,1,-1,-1,-1,-1,-1,-1,-1,-1,-1,-1,-1,-1,-1,-1,-1,-1,-1,-1,-1,-1,-1,-1,-1,-1,-1,-1,-1,-1,-1,-1,-1,-1,-1,-1,-1,-0.034911783506671,-0.034911783506671,-0.0349117835066708,0.0542424324992332,0.0542424324992332,0.0542424324992332,-0.0579919469776868,0.0299632233774434,-0.0969100130080565,0.305507416990444,0.305507416990444,-1
19832,1,-1,-1,-1,-1,-1,-1,-1,-1,-1,-1,-1,-1,-1,-1,-1,-1,-1,-1,-1,-1,-1,-1,-1,-1,-1,-1,-1,-1,-1,-1,-1,-1,-1,-1,-1,-1,-1,-1,0.181356014783425,0.181356014783425,0.181356014783425,0.0661986438082849,0.0661986438082849,0.0661986438082848,0.0661986438082851,0.0661986438082849,-1
815,1,-1,-1,-1,-1,-1,-1,-1,-1,-1,-1,-0.0435185062816692,-0.0435185062816696,-0.0435185062816692,-0.0435185062816696,-0.0435185062816692,0.0704582210611604,0.0704582210611608,0.0704582210611604,0.0704582210611608,0.0704582210611608,-1,-1,-1,-1,-1,-1,-1,-1,-1,-1,-1,-1,-1,-1,-1,-1,-1,-1,-1,-1,-1,-1,-1,-1,-1,-1,-1
19775,1,-1,-1,-1,-1,-1,-1,-1,-1,-1,-1,-1,-1,-1,-1,-1,-1,-1,-1,-1,-1,-1,-1,-1,0.238560627359831,0.238560627359831,0.0689557126425449,0.0689557126425449,0.0689557126425451,0.0689557126425449,0.0689557126425449,0.0689557126425451,0.0258169933309571,0.0258169933309571,0.0258169933309573,0.0258169933309571,0.0258169933309571,0.0258169933309573,-1,-1,-1,-1,-1,-1,-1,-1,-1,-1
19772,1,-1,-1,-1,-1,-1,-1,-1,-1,-1,-1,-1,-1,-1,-1,-1,-1,-1,-1,-1,-1,-1,-1,-1,-1,-1,-1,-1,-1,-1,-1,-1,-1,-1,-1,-1,-1,-1,-1,-1,0.258626147110894,-1,-1,-1,-1,-1,-1,-1
25664,1,-1,-1,-1,-1,-1,-1,-1,-1,-1,-1,-1,-1,-1,-1,-1,-1,-1,-1,-1,-1,-1,-1,-1,-1,-1,-1,-1,-1,-1,-1,-1,-1,-1,-1,-1,-1,-1,-1,-1,-1,-1,-0.00673446202942896,-0.00673446202942896,-0.00673446202942907,0.0506927082361873,-0.0307910253331567,-0.0307910253331568
5174,1,-1,-1,-1,-1,-1,-1,-1,-1,-1,-1,-1,0.204119982655925,0.243038048686294,-0.104735350520013,-0.196294645143968,0.0981473225719841,0.0981473225719842,-0.0413926851582251,-0.154901959985743,0.0289959734888434,0.0289959734888433,0.0691513490831408,0.0691513490831408,0.0188942804446999,0.0188942804446999,-1,-1,-1,-1,-1,-1,-1,-1,-1,-1,-1,-1,-1,-1,-1,-1,-1,-1,-1,-1,-1,-1
669,1,-1,-1,-1,-1,-1,-1,-1,-1,-1,-1,-1,-0.0044523733913544,-0.00445237339151361,-0.00445237339181248,-0.00445237339217242,-0.00445237339251792,-0.00445237339282012,-0.00445237339308324,-0.00445237339332483,-0.00445237339352023,-0.00445237339360216,-0.00445237339350868,-0.00445237339327154,-0.00445237339301463,-0.00445237339287274,-1,-1,-1,-1,-1,-1,-1,-1,-1,-1,-1,-1,-1,-1,-1,-1,-1,-1,-1,-1,-1,-1
668,1,-1,-1,-1,-1,-1,-1,-1,-1,-1,-1,-1,0.0445405805614429,0.0347072156163251,0.013601866755092,-0.0162726811829637,-0.0484639107065801,-0.0759628078172411,-0.0961074588051945,-0.103490280742626,-0.0944805901125667,-0.0698358932352502,-0.0349473482227463,0.0013734523419877,0.0298411589045205,0.0445982482485485,-1,-1,-1,-1,-1,-1,-1,-1,-1,-1,-1,-1,-1,-1,-1,-1,-1,-1,-1,-1,-1,-1
667,1,-1,-1,-1,-1,-1,-1,-1,-1,-1,-1,-1,0.477013423434181,0.433644852496228,0.343029198075218,0.219048084366149,0.0926851489803303,-0.00384486452920223,-0.0608028174473675,-0.0667806742140609,-0.0258476527381639,0.0402955887259507,0.10470386756351,0.149358487024245,0.172543774751096,0.183018903274269,-1,-1,-1,-1,-1,-1,-1,-1,-1,-1,-1,-1,-1,-1,-1,-1,-1,-1,-1,-1,-1,-1
666,1,-1,-1,-1,-1,-1,-1,-1,-1,-1,-1,-1,0.0535976681149194,0.0535976681113988,0.0535976681043925,0.053597668095173,0.0535976680854982,0.0535976680765908,0.0535976680686743,0.0535976680617472,0.0535976680559014,0.0535976680514723,0.0535976680487898,0.0535976680477405,0.0535976680476333,0.0535976680476643,-1,-1,-1,-1,-1,-1,-1,-1,-1,-1,-1,-1,-1,-1,-1,-1,-1,-1,-1,-1,-1,-1
665,1,-1,-1,-1,-1,-1,-1,-1,-1,-1,-1,-1,0.0285345853017924,0.02853458530172,0.0285345853014083,0.028534585300653,0.0285345852993548,0.0285345852975535,0.0285345852953233,0.0285345852929496,0.0285345852907126,0.0285345852887698,0.0285345852871788,0.0285345852859657,0.0285345852851565,0.0285345852847525,-1,-1,-1,-1,-1,-1,-1,-1,-1,-1,-1,-1,-1,-1,-1,-1,-1,-1,-1,-1,-1,-1
664,1,-1,-1,-1,-1,-1,-1,-1,-1,-1,-1,-1,-0.127699513900301,-0.125205311658216,-0.115799157817413,-0.0954552897575192,-0.0654134255632561,-0.0316152180121825,0.00246442667402846,0.0279571067062697,0.040580715001907,0.044130066068949,0.0460593067006418,0.0509799010900909,0.0574787573493455,0.0612290032019194,-1,-1,-1,-1,-1,-1,-1,-1,-1,-1,-1,-1,-1,-1,-1,-1,-1,-1,-1,-1,-1,-1
663,1,-1,-1,-1,-1,-1,-1,-1,-1,-1,-1,-1,0.02029627670849,0.0202962767083772,0.0202962767082467,0.0202962767082601,0.0202962767085157,0.0202962767090009,0.0202962767096687,0.0202962767103344,0.020296276710854,0.0202962767112123,0.0202962767114749,0.0202962767116974,0.0202962767118742,0.0202962767119672,-1,-1,-1,-1,-1,-1,-1,-1,-1,-1,-1,-1,-1,-1,-1,-1,-1,-1,-1,-1,-1,-1
662,1,-1,-1,-1,-1,-1,-1,-1,-1,-1,-1,-1,0.0127394070936578,0.0127394070936382,0.0127394070935738,0.0127394070934395,0.0127394070932326,0.0127394070929736,0.0127394070926775,0.0127394070923914,0.0127394070921515,0.012739407091964,0.0127394070918178,0.0127394070917024,0.0127394070916204,0.0127394070915784,-1,-1,-1,-1,-1,-1,-1,-1,-1,-1,-1,-1,-1,-1,-1,-1,-1,-1,-1,-1,-1,-1
661,1,-1,-1,-1,-1,-1,-1,-1,-1,-1,-1,-1,0.153526799618016,0.142712567603696,0.122409949078644,0.0977661214888692,0.0738801404960752,0.0527400443221694,0.0339708088148721,0.014836721238028,-0.00561510345743876,-0.0249042486491292,-0.0391710073105195,-0.0465869321478973,-0.048989087290377,-0.0498061576866689,-1,-1,-1,-1,-1,-1,-1,-1,-1,-1,-1,-1,-1,-1,-1,-1,-1,-1,-1,-1,-1,-1
660,1,-1,-1,-1,-1,-1,-1,-1,-1,-1,-1,-1,-0.0221049806198496,-0.0228172196699612,-0.0238912822540567,-0.0249719470708855,-0.026537621525766,-0.0298072632138351,-0.035356945243607,-0.0443207843103754,-0.056535312186086,-0.0700080932482539,-0.0819973535681662,-0.0905719424664242,-0.0955418795092386,-0.0978998374690555,-1,-1,-1,-1,-1,-1,-1,-1,-1,-1,-1,-1,-1,-1,-1,-1,-1,-1,-1,-1,-1,-1
659,1,-1,-1,-1,-1,-1,-1,-1,-1,-1,-1,-1,-0.093772845702405,-0.0939637657765984,-0.0942724592070652,-0.0944917808278636,-0.0943489602996167,-0.0936295735272582,-0.0922989559656674,-0.090416910705798,-0.0881695515529596,-0.0858393624512701,-0.0837289765044251,-0.082079521593713,-0.0810005457286652,-0.0804666855284915,-1,-1,-1,-1,-1,-1,-1,-1,-1,-1,-1,-1,-1,-1,-1,-1,-1,-1,-1,-1,-1,-1
658,1,-1,-1,-1,-1,-1,-1,-1,-1,-1,-1,-1,0.0270100200613261,0.0270100200616278,0.0270100200623239,0.0270100200634086,0.0270100200647118,0.0270100200659938,0.0270100200671577,0.0270100200680208,0.0270100200685288,0.0270100200688113,0.0270100200690556,0.0270100200693546,0.0270100200696468,0.0270100200698072,-1,-1,-1,-1,-1,-1,-1,-1,-1,-1,-1,-1,-1,-1,-1,-1,-1,-1,-1,-1,-1,-1
657,1,-1,-1,-1,-1,-1,-1,-1,-1,-1,-1,-1,-0.0113484513183679,-0.0113484513183183,-0.0113484513182369,-0.0113484513181653,-0.0113484513181379,-0.0113484513181676,-0.0113484513182452,-0.0113484513183256,-0.011348451318356,-0.0113484513183082,-0.01134845131819,-0.01134845131804,-0.0113484513179095,-0.0113484513178416,-1,-1,-1,-1,-1,-1,-1,-1,-1,-1,-1,-1,-1,-1,-1,-1,-1,-1,-1,-1,-1,-1
656,1,-1,-1,-1,-1,-1,-1,-1,-1,-1,-1,-1,-0.0645306525998106,-0.0651532918669403,-0.064660685604508,-0.0604385656514593,-0.0506386315792089,-0.034985922649408,-0.0141508816856137,0.00861192957616464,0.0296657145854966,0.0465728684244316,0.0584804659623204,0.0658074826188885,0.0697359069659825,0.0715636043576642,-1,-1,-1,-1,-1,-1,-1,-1,-1,-1,-1,-1,-1,-1,-1,-1,-1,-1,-1,-1,-1,-1
655,1,-1,-1,-1,-1,-1,-1,-1,-1,-1,-1,-1,-0.0944574358741266,-0.0944574358741431,-0.0944574358741831,-0.094457435874247,-0.0944574358743173,-0.094457435874369,-0.0944574358743905,-0.0944574358743549,-0.0944574358742474,-0.0944574358740792,-0.0944574358738829,-0.0944574358737007,-0.0944574358735671,-0.0944574358734993,-1,-1,-1,-1,-1,-1,-1,-1,-1,-1,-1,-1,-1,-1,-1,-1,-1,-1,-1,-1,-1,-1
5175,1,-1,-1,-1,-1,-1,-1,-1,-1,-1,-1,-1,-1,-1,-1,-1,-1,-1,0.0927540532368987,0.0763883458634547,-0.88930170250631,0.574031267727719,-0.0969100130080565,-0.0791812460476249,0.0880456295278407,0.0880456295278407,-1,-1,-1,-1,-1,-1,-1,-1,-1,-1,-1,-1,-1,-1,-1,-1,-1,-1,-1,-1,-1,-1
5176,1,-1,-1,-1,-1,-1,-1,-1,-1,-1,-1,-1,-1,-1,-1,-1,-1,-1,-1,0.0746336182969041,-0.0746336182969041,-0.0280287236002434,-0.397940008672038,0.301029995663981,-0.0188942804446999,-0.0188942804446999,-1,-1,-1,-1,-1,-1,-1,-1,-1,-1,-1,-1,-1,-1,-1,-1,-1,-1,-1,-1,-1,-1
5177,1,-1,-1,-1,-1,-1,-1,-1,-1,-1,-1,-1,-1,-1,-1,-1,-1,-1,-1,-1,-0.0280287236002434,0.102662341897148,-0.164810248645992,0.0901766303490881,0.121519024343147,0.121519024343147,-1,-1,-1,-1,-1,-1,-1,-1,-1,-1,-1,-1,-1,-1,-1,-1,-1,-1,-1,-1,-1,-1
814,1,-1,-1,-1,-1,-1,-1,-1,-1,-1,-1,-1,-0.0514741919642177,-0.0514741919642177,-0.0514741919642177,-0.0514741919642177,-0.0514741919642177,-0.0514741919642177,-0.0514741919642177,-0.0514741919642177,-0.0514741919642177,-0.0514741919642177,-0.0514741919642177,-0.0514741919642177,-0.0514741919642177,-0.0514741919642177,-0.0514741919642177,-0.0514741919642177,-0.0514741919642177,-1,-1,-1,-1,-1,-1,-1,-1,-1,-1,-1,-1,-1,-1,-1,-1,-1,-1,-1
644,1,-1,-1,-1,-1,-1,-1,-1,-1,-1,-1,-1,-1,-1,-0.0101356871455036,-0.185845656136378,-0.185845656136378,-0.185845656136378,-0.185845656136378,-0.185845656136378,-0.185845656136378,-0.185845656136378,-0.185845656136378,-0.185845656136378,-0.255272505103306,0.0413926851582251,-0.263241434774582,-0.778151250383644,-1,-1,-1,-1,-1,-1,-1,-1,-1,-1,-1,-1,-1,-1,-1,-1,-1,-1,-1,-1
643,1,-1,-1,-1,-1,-1,-1,-1,-1,-1,-1,-1,-1,-1,-0.156682860004801,-0.15459845179262,-0.15459845179262,-0.15459845179262,-0.15459845179262,-0.15459845179262,-0.15459845179262,-0.15459845179262,-0.15459845179262,-0.15459845179262,0.160097776044375,0.208615882354935,-0.36871365839931,-0.964692204103521,-1,-1,-1,-1,-1,-1,-1,-1,-1,-1,-1,-1,-1,-1,-1,-1,-1,-1,-1,-1
25501,1,-1,-1,-1,-1,-1,-1,-1,-1,-1,-1,-1,-1,-1,-1,-1,-0.220833647131842,0.220918329686834,-1,-1,-1,-1,-1,-1,-1,-1,-1,-1,-1,-1,-1,-1,-1,-1,-1,-1,-1,-1,-1,-1,-1,-1,-1,-1,-1,-1,-1,-1
812,1,-1,-1,-1,-1,-1,-1,-1,-1,-1,-1,-1,-1,-1,-1,-1,0.103347172754657,0.103347172754658,0.103347172754657,0.103347172754658,0.103347172754657,-0.0319401685735023,-0.0319401685735023,-0.0319401685735023,-0.0319401685735023,-0.0319401685735023,-1,-1,-1,-1,-1,-1,-1,-1,-1,-1,-1,-1,-1,-1,-1,-1,-1,-1,-1,-1,-1,-1
813,1,-1,-1,-1,-1,-1,-1,-1,-1,-1,-1,-1,-1,-1,-1,-1,-1,-1,-1,-1,-1,-0.0426740567922437,-0.0426740567922437,-0.0426740567922437,-0.0426740567922437,-1,-1,-1,-1,-1,-1,-1,-1,-1,-1,-1,-1,-1,-1,-1,-1,-1,-1,-1,-1,-1,-1,-1
648,1,-1,-1,-1,-1,-1,-1,-1,-1,-1,-1,-1,-1,-1,-1,-1,-1,-0.290958313281617,-0.307501399141615,-0.30531291591229,-0.253533146801362,-0.157209738812474,-0.0345798655536058,0.0460626759520864,0.0457640629703717,-0.0145276351900403,-0.0841953380098674,-0.124445431911451,-1,-1,-1,-1,-1,-1,-1,-1,-1,-1,-1,-1,-1,-1,-1,-1,-1,-1,-1,-1
651,1,-1,-1,-1,-1,-1,-1,-1,-1,-1,-1,-1,-1,-1,-1,-1,-1,-1,-0.0505045968145321,-0.0505045968145321,-0.0505045968145321,-0.0505045968145321,-0.0505045968145321,-0.0505045968145321,-0.0505045968145321,-0.0505045968145321,-0.0505045968145321,-0.0505045968145321,-1,-1,-1,-1,-1,-1,-1,-1,-1,-1,-1,-1,-1,-1,-1,-1,-1,-1,-1,-1
650,1,-1,-1,-1,-1,-1,-1,-1,-1,-1,-1,-1,-1,-1,-1,-1,-1,-1,0.000583345885138975,0.000583345885138531,0.000583345885138531,0.000583345885138975,0.000583345885138531,0.000583345885138975,0.000583345885138531,0.000583345885138531,0.000583345885138975,0.000583345885138531,-1,-1,-1,-1,-1,-1,-1,-1,-1,-1,-1,-1,-1,-1,-1,-1,-1,-1,-1,-1
649,1,-1,-1,-1,-1,-1,-1,-1,-1,-1,-1,-1,-1,-1,-1,-1,-1,-1,-1,-1,0.200686663775987,0.200686663775988,0.200686663775988,0,-0.200686663775988,-0.200686663775988,-0.200686663775987,0,-1.02996322337744,-1,-1,-1,-1,-1,-1,-1,-1,-1,-1,-1,-1,-1,-1,-1,-1,-1,-1,-1
646,1,-1,-1,-1,-1,-1,-1,-1,-1,-1,-1,-1,-1,-1,-1,-1,-1,-0.985548942800804,-0.661181443446619,0.133400652668028,0.133400652668028,0.133400652668028,0.133400652668028,-0.0687158123694598,-0.640978057358332,0.769007870943774,0.197133861795259,-0.121043692724776,0.37238590419965,-1,-1,-1,-1,-1,-1,-1,-1,-1,-1,-1,-1,-1,-1,-1,-1,-1,-1,-1
645,1,-1,-1,-1,-1,-1,-1,-1,-1,-1,-1,-1,-1,-1,-1,-1,-1,-0.186355517814832,-0.186355517814822,-0.186355517814816,-0.186355517814843,-0.186355517814943,-0.186355517815145,-0.186355517815425,-0.186355517815704,-0.18635551781588,-0.186355517815907,-0.186355517815833,-0.18635551781576,-1,-1,-1,-1,-1,-1,-1,-1,-1,-1,-1,-1,-1,-1,-1,-1,-1,-1,-1
647,1,-1,-1,-1,-1,-1,-1,-1,-1,-1,-1,-1,-1,-1,-1,-1,-1,-1,-0.0305876481590972,-0.0305876481590976,-0.0305876481590972,-0.0305876481590972,-0.0305876481590976,-0.0305876481590972,-0.0305876481590976,-0.0305876481590972,-0.0305876481590976,-0.0305876481590972,-1,-1,-1,-1,-1,-1,-1,-1,-1,-1,-1,-1,-1,-1,-1,-1,-1,-1,-1,-1
811,1,-1,-1,-1,-1,-1,-1,-1,-1,-1,-1,-1,-1,-1,-1,-1,-1,-1,-1,0.123448874145789,0.395245308308624,-0.395245308308624,-1.98677173426624,1.39794000867204,0.465382851448418,-1,-1,-1,-1,-1,-1,-1,-1,-1,-1,-1,-1,-1,-1,-1,-1,-1,-1,-1,-1,-1,-1,-1
18868,1,-1,-1,-1,-1,-1,-1,-1,-1,-1,-1,-1,-1,-1,-1,-1,-1,-1,-1,-1,-1,-0.832508912706236,0.414973347970818,-1,-1,-1,-1,-1,-1,-1,-1,-1,-1,-1,-1,-1,-1,-1,-1,-1,-1,-1,-1,-1,-1,-1,-1,-1
18876,1,-1,-1,-1,-1,-1,-1,-1,-1,-1,-1,-1,-1,-1,-1,-1,-1,-1,-1,-1,-1,-1,-0.0203801935449337,-0.0228900009963806,-0.027851489384541,-0.0329644911866418,-0.0337594480548136,-0.0266509339112382,-0.0123480675091621,0.00423594304805341,0.0177403369031626,0.0254259570240989,0.0261548672739345,0.0176068345622591,-0.00294382225064682,-0.0352774544164527,-0.0760011037032795,-0.112397055726171,-0.140437878640457,-0.157655667186396,-0.168213114838684,-0.178474462211846,-0.189489011364493,-0.196798876690524,-1,-1,-1,-1
6356,1,-1,-1,-1,-1,-1,-1,-1,-1,-1,-1,-1,-1,-1,-1,-1,-1,-1,-1,-1,-1,-1,-1,-1,-0.299394298030734,-1,-1,-1,-1,-1,-1,-1,-1,-1,-1,-1,-1,-1,-1,-1,-1,-1,-1,-1,-1,-1,-1,-1
6254,1,-1,-1,-1,-1,-1,-1,-1,-1,-1,-1,-1,-1,-1,-1,-1,-1,-1,-1,-1,-1,-1,-1,-1,-1.26503313201951,-1,-1,-1,-1,-1,-1,-1,-1,-1,-1,-1,-1,-1,-1,-1,-1,-1,-1,-1,-1,-1,-1,-1
6253,1,-1,-1,-1,-1,-1,-1,-1,-1,-1,-1,-1,-1,-1,-1,-1,-1,-1,-1,-1,-1,-1,-1,-1,-1.71912190596746,-1,-1,-1,-1,-1,-1,-1,-1,-1,-1,-1,-1,-1,-1,-1,-1,-1,-1,-1,-1,-1,-1,-1
6252,1,-1,-1,-1,-1,-1,-1,-1,-1,-1,-1,-1,-1,-1,-1,-1,-1,-1,-1,-1,-1,-1,-1,-1,-2.00432137378264,-1,-1,-1,-1,-1,-1,-1,-1,-1,-1,-1,-1,-1,-1,-1,-1,-1,-1,-1,-1,-1,-1,-1
17730,1,-1,-1,-1,-1,-1,-1,-1,-1,-1,-1,-1,-1,-1,-1,-1,-1,-1,-1,-1,-1,-1,-1,-1,-1,-1,-1,0.0409970715555126,0.0409970715555126,0.0409970715555128,0.0409970715555126,0.0409970715555126,0.0409970715555126,-1,-1,-1,-1,-1,-1,-1,-1,-1,-1,-1,-1,-1,-1,-1
17729,1,-1,-1,-1,-1,-1,-1,-1,-1,-1,-1,-1,-1,-1,-1,-1,-1,-1,-1,-1,-1,-1,-1,-1,-1,-1,-1,0.0709947887120468,0.0709947887120468,0.070994788712047,0.0709947887120468,0.0709947887120468,0.070994788712047,-1,-1,-1,-1,-1,-1,-1,-1,-1,-1,-1,-1,-1,-1,-1
17728,1,-1,-1,-1,-1,-1,-1,-1,-1,-1,-1,-1,-1,-1,-1,-1,-1,-1,-1,-1,-1,-1,-1,-1,-1,-1,-1,-0.0150453939550421,-0.0150453939550426,-0.0150453939550426,-0.0150453939550421,-0.0150453939550426,-0.0150453939550426,-1,-1,-1,-1,-1,-1,-1,-1,-1,-1,-1,-1,-1,-1,-1
17727,1,-1,-1,-1,-1,-1,-1,-1,-1,-1,-1,-1,-1,-1,-1,-1,-1,-1,-1,-1,-1,-1,-1,-1,-1,-1,-1,0.0293485431759469,0.0293485431759469,0.0293485431759468,0.0293485431759469,0.0293485431759469,0.0293485431759469,-1,-1,-1,-1,-1,-1,-1,-1,-1,-1,-1,-1,-1,-1,-1
17726,1,-1,-1,-1,-1,-1,-1,-1,-1,-1,-1,-1,-1,-1,-1,-1,-1,-1,-1,-1,-1,-1,-1,-1,-1,-1,-1,0.0361181849939909,0.0361181849939907,0.0361181849939909,0.0361181849939909,0.0361181849939909,0.0361181849939909,-1,-1,-1,-1,-1,-1,-1,-1,-1,-1,-1,-1,-1,-1,-1
7982,1,-1,-1,-1,-1,-1,-1,-1,-1,-1,-1,-1,-1,-1,-1,-1,-1,-1,-1,-1,-1,-1,-1,-1,-1,-1,-1,-0.221848749616356,0.477121254719662,-1,-1,-1,-1,-1,-1,-1,-1,-1,-1,-1,-1,-1,-1,-1,-1,-1,-1,-1
6472,1,-1,-1,-1,-1,-1,-1,-1,-1,-1,-1,-1,-1,-1,-1,-1,-1,-1,-1,-1,-1,-1,-1,-1,-1,-1,-1,-1,0.160411054770519,-0.409263038769428,-0.879177829586532,-1,-1,-1,-1,-1,-1,-1,-1,-1,-1,-1,-1,-1,-1,-1,-1,-1
19713,1,-1,-1,-1,-1,-1,-1,-1,-1,-1,-1,-1,-1,-1,-1,-1,-1,-1,-1,-1,-1,-1,-1,-1,-1,-1,-1,-1,-1,-1,-0.0374878009672825,0.0250962659425742,0.111897285612496,0.167170297357423,0.164029206345452,0.11724412931895,0.0542338283710859,-0.0197322259489645,-0.119372244240661,-0.236236584435256,-0.304840484850534,-0.235071554966205,-0.00190166391781688,0.295336824694001,0.491637174153976,-1,-1,-1
8471,1,-1,-1,-1,-1,-1,-1,-1,-1,-1,-1,-1,-1,-1,-1,-1,-1,-1,-1,-1,-1,-1,-1,-1,-1,-1,-1,-1,-1,-1,-1,0.103536891710349,0.103536891710489,0.103536891710722,0.103536891710957,0.10353689171112,0.103536891711198,0.103536891711221,-1,-1,-1,-1,-1,-1,-1,-1,-1,-1
19711,1,-1,-1,-1,-1,-1,-1,-1,-1,-1,-1,-1,-1,-1,-1,-1,-1,-1,-1,-1,-1,-1,-1,-1,-1,-1,-1,-1,-1,-1,0.0410817574957973,0.0660820470895144,0.095594920943128,0.0919207475400088,0.0287081550156131,-0.0822565453228854,-0.190555094584523,-0.237571432469512,-0.197008314144239,-0.0932816946952866,0.0171956723056157,0.0855847596872763,0.099244997710962,0.080541950984937,0.0621819718411735,-1,-1,-1
19709,1,-1,-1,-1,-1,-1,-1,-1,-1,-1,-1,-1,-1,-1,-1,-1,-1,-1,-1,-1,-1,-1,-1,-1,-1,-1,-1,-1,-1,-1,-0.482589688475575,-0.353514801428549,-0.0767912481883684,0.259620559355986,0.459508505554421,0.404124372866338,0.200413684981622,0.0469092869025885,-0.0369176233392313,-0.220976565115514,-0.548708575135473,-0.734067079838624,-0.438783292714574,0.251021245742685,0.807789436580417,-1,-1,-1
19708,1,-1,-1,-1,-1,-1,-1,-1,-1,-1,-1,-1,-1,-1,-1,-1,-1,-1,-1,-1,-1,-1,-1,-1,-1,-1,-1,-1,-1,-1,0.183719705172012,0.1687381064309,0.125306879135335,0.0492169583972649,-0.0414851745649631,-0.116728254009871,-0.155135298588776,-0.151435152232593,-0.108078012479145,-0.0309044160557084,0.0622249574268144,0.138198130292153,0.168494024079095,0.156343727598787,0.135514156873092,-1,-1,-1
4823,1,-1,-1,-1,-1,-1,-1,-1,-1,-1,-1,-1,-1,-1,-1,-1,-1,-1,-1,-1,-1,-1,-1,-1,-1,-1,-1,-1,-1,-1,-0.52680903890877,0.0555173278498315,0.384688663038069,0.384688663038069,-1,-1,-1,-1,-1,-1,-1,-1,-1,-1,-1,-1,-1,-1
18593,1,-1,-1,-1,-1,-1,-1,-1,-1,-1,-1,-1,-1,-1,-1,-1,-1,-1,-1,-1,-1,-1,-1,-1,-1,-1,-1,-1,-1,-1,-1,-1,-0.479153201108088,0.0645098205515231,0.246985737533162,-0.911731754879252,-0.338341064667531,-0.290823930383718,0.111932251440745,0.111932251440745,0.111932251440745,0.111932251440745,0.111932251440745,0.111932251440745,0.111932251440745,0.111932251440745,-1,-1
18600,1,-1,-1,-1,-1,-1,-1,-1,-1,-1,-1,-1,-1,-1,-1,-1,-1,-1,-1,-1,-1,-1,-1,-1,-1,-1,-1,-1,-1,-1,-1,-1,-1,-1,0.195634211770372,-1.16824961155458,0.496924910654289,-0.636743147351028,0.0665889961865927,0.0665889961865928,0.0665889961865928,0.0665889961865928,0.0665889961865927,0.0665889961865928,0.0665889961865927,0.0665889961865928,-1,-1
14955,1,-1,-1,-1,-1,-1,-1,-1,-1,-1,-1,-1,-1,-1,-1,-1,-1,-1,-1,-1,-1,-1,-1,-1,-1,-1,-1,-1,-1,-1,-1,-1,0.107905406717006,-0.119186420994905,0.263713190287034,0.263713190287034,-0.172711508405428,0.141048508580512,-1,-1,-1,-1,-1,-1,-1,-1,-1,-1
14954,1,-1,-1,-1,-1,-1,-1,-1,-1,-1,-1,-1,-1,-1,-1,-1,-1,-1,-1,-1,-1,-1,-1,-1,-1,-1,-1,-1,-1,-1,-1,-1,0.303425917427922,0.277647952117713,0.227034441873603,0.160073578738134,0.0905964525958172,0.0345255822176858,0.00466710525932834,-1,-1,-1,-1,-1,-1,-1,-1,-1
19703,1,-1,-1,-1,-1,-1,-1,-1,-1,-1,-1,-1,-1,-1,-1,-1,-1,-1,-1,-1,-1,-1,-1,-1,-1,-1,-1,-1,-1,-1,-1,-1,-1,-1,-1,-1,0.477441140406214,0.38991818278951,0.19932674701503,-0.0458655905343031,-0.233705373173183,-0.257479728954624,-0.0990106890119562,0.140374185830157,0.305557243021913,-1,-1,-1
19714,1,-1,-1,-1,-1,-1,-1,-1,-1,-1,-1,-1,-1,-1,-1,-1,-1,-1,-1,-1,-1,-1,-1,-1,-1,-1,-1,-1,-1,-1,-1,-1,-1,-1,-1,-1,-1,-1,0.139748226237874,0.247246849498199,-0.274121503508301,0.0214997241374826,0.0214997241374824,0.0214997241374826,0.0214997241374826,-1,-1,-1
19716,1,-1,-1,-1,-1,-1,-1,-1,-1,-1,-1,-1,-1,-1,-1,-1,-1,-1,-1,-1,-1,-1,-1,-1,-1,-1,-1,-1,-1,-1,-1,-1,-1,-1,-1,-1,-1,-1,0.671866691552919,-0.0537492813846506,-0.526743823647479,0.4246197294739,0.4246197294739,0.4246197294739,0.4246197294739,-1,-1,-1
19384,1,-1,-1,-1,-1,-1,-1,-1,-1,-1,-1,-1,-1,-1,-1,-1,-1,-1,-1,-1,-1,-1,-1,-1,-1,-1,-1,-1,-1,-1,-1,-1,-1,-1,-1,-1,-1,-1,-1,-1,-1,-1,0.839420907122566,-0.977723605288848,0.8372727025023,-1,-1,-1
