population_id,1970,1971,1972,1973,1974,1975,1976,1977,1978,1979,1980,1981,1982,1983,1984,1985,1986,1987,1988,1989,1990,1991,1992,1993,1994,1995,1996,1997,1998,1999,2000,2001,2002,2003,2004,2005,2006,2007,2008,2009,2010,2011,2012,2013,2014,2015
653,1,-0.0528186275008906,-0.0528186275008915,0.110386669821962,0.110386669821961,0.110386669821962,0.110386669821962,0.110386669821961,0.110386669821962,0.110386669821962,0.110386669821961,-1,-1,-1,-1,-1,-1,-1,-1,-1,-1,-1,-1,-1,-1,-1,-1,-1,-1,-1,-1,-1,-1,-1,-1,-1,-1,-1,-1,-1,-1,-1,-1,-1,-1,-1
5140,1,-1,-1,-1,-1,-1,-1,-1,-1,-1,-1,-0.130274788668716,-0.130274788668834,-0.130274788669032,-0.130274788669216,-0.130274788669304,-0.130274788669281,-0.130274788669202,-0.130274788669142,-1,-1,-1,-1,-1,-1,-1,-1,-1,-1,-1,-1,-1,-1,-1,-1,-1,-1,-1,-1,-1,-1,-1,-1,-1,-1,-1
8942,1,0.0136807696468684,0.011795415247208,0.0113385880096728,0.0123102879342398,0.0142931993971613,0.0153624241952754,0.0140890832541802,0.0104653245640094,0.00545328962726765,-0.000274023795578504,-0.00697207800959054,-0.0149872185224229,-0.0237404117791256,-0.0321749275055971,-0.0399087670032343,-0.0469597785236995,-0.0521868523611873,-0.0531406251751547,-0.0483789884579746,-0.0394372867205166,-0.029554654218801,-0.0206054142531751,-0.0122043017590379,-0.00382435422546656,0.00343136206334194,0.0079225898909816,0.00959291846038957,0.00995884299826022,0.0101137603738044,0.00958986539397522,0.00730347496841066,0.00287603256813274,-0.00330228530731258,-0.0106675366065359,-0.0185076407240672,-0.025644082036866,-0.0307284769307445,-0.0331104220300573,-1,-1,-1,-1,-1,-1,-1
12283,1,-1,-1,-0.0284816015848826,-0.0286902863861904,-0.0291076559888079,-0.0297337103927355,-0.0305684495979723,-0.0316261395189521,-0.0329638438134245,-0.0345958283958225,-0.0365220932661496,-0.0387426384244027,-0.0412602269661346,-0.0440859112735561,-0.0472224544422226,-0.0506698564721275,-0.054428117363277,-0.0584776551305457,-0.0627401418334488,-0.0671959954868613,-0.0718452160907872,-0.076687803645223,-0.0816770927029062,-0.0866264214747772,-0.0914891245135716,-0.0962652018192904,-0.100954653391933,-0.105503283754408,-0.109694310998357,-0.11347353964669,-0.116840969699406,-0.119796601156506,-0.122324272688543,-0.12435933897773,-0.125885638694619,-0.126903171839213,-0.127411938411509,-1,-1,-1,-1,-1,-1,-1,-1
8818,1,-1,-1,-1,-1,-0.012359602244024,-0.0123739721181484,-0.0122236588014224,-0.0118014469393324,-0.01116772343613,-0.0103351945869639,-0.00915413403177157,-0.00751349063367135,-0.00547662641137503,-0.00308986144677403,-0.000236495031919137,0.00312186523497626,0.00666914850114075,0.00989834764253139,0.0124833101434216,0.0143141060709286,0.0152711271283987,0.0152610422558164,0.0145210473945117,0.0136336815412261,0.0130872318817019,0.0129160934812469,0.012820989479692,0.0124965892041611,0.0117744133454032,0.0106270961660577,0.00920323285769875,0.00778134074053094,0.00655058188907276,0.00547425147530722,0.00445495846989852,0.00355818222646409,0.00295569310525545,0.0027006138418133,-1,-1,-1,-1,-1,-1,-1
12302,1,-1,-1,-1,-1,-1,-1,-1,-1,-1,-1,-1,-1,-1,0.00321873130319927,0.00632317322465958,0.0126055819289967,0.0215734680713782,0.0331900360956676,0.0480343084551986,0.066254293324556,0.0875631207033183,0.110387972584717,0.132292128151086,0.15066412216148,0.163221236559956,0.168498208366136,0.166571363107451,0.159703444507886,0.151981523624721,0.14733723574775,-1,-1,-1,-1,-1,-1,-1,-1,-1,-1,-1,-1,-1,-1,-1
8795,1,-1,-1,-1,-1,-1,-1,-1,-1,-1,-1,-1,-1,-1,-1,-1,-1,-1,-1,-1,-1,-1,-1,-1,-1,-1,-1,-1,-1,-1,-1,0.0403146412665869,0.0330131340095914,0.0173206685619727,-0.00617406131978449,-0.0347244130215643,-0.0634405125068129,-0.0861478951981445,-0.097988902291454,-1,-1,-1,-1,-1,-1,-1
8941,1,-0.01318553304319,-0.0132274599249831,-0.0132753488188575,-0.0133291997248146,-0.0134978368333463,-0.0142330636013983,-0.015636725210721,-0.0173243374050869,-0.0187002474526992,-0.019275212569819,-0.0188585310331644,-0.017613825353668,-0.0159949899820822,-0.0145320891271505,-0.0135244921367725,-0.0128744046774667,-0.0122586072644597,-0.0115070390206098,-0.0107986955648522,-0.0104675967377985,-0.0106600900555249,-0.0112439851063861,-0.0120314162887554,-0.0129849801431696,-0.0141479696752405,-0.0154623615969065,-0.0168146842527617,-0.0183137052487923,-0.0204042695573405,-0.0235359481062334,-0.0276517257549131,-0.0320639853531006,-0.0359211651995928,-0.0388241653243468,-0.040974028090659,-0.0427335575230505,-0.0441217177454802,-0.0448818595357872,-1,-1,-1,-1,-1,-1,-1
8836,1,-1,-1,-1,-1,-0.0083751738409612,-0.00837517384096964,-0.00837517384098962,-0.00837517384101405,-0.00837517384103359,-0.00837517384104247,-0.00837517384105446,-0.00837517384108288,-0.00837517384113262,-0.00837517384120412,-0.00837517384129516,-0.00837517384140885,-0.00837517384155495,-0.0083751738417317,-0.00837517384195507,-0.00837517384222641,-0.00837517384254305,-0.00837517384290409,-0.00837517384330155,-0.00837517384373321,-0.00837517384418929,-0.00837517384465603,-0.00837517384512543,-0.0083751738455824,-0.00837517384598785,-0.00837517384630582,-0.00837517384653008,-0.00837517384667974,-0.00837517384678765,-0.0083751738468667,-0.00837517384691866,-0.00837517384694442,-0.00837517384695907,-0.00837517384696529,-1,-1,-1,-1,-1,-1,-1
12016,1,-1,-1,-1,-1,-1,-1,-1,-1,-1,-1,-1,-0.0289375381399521,-0.0289375381399495,-0.0289375381399477,-0.0289375381399422,-0.0289375381399228,-0.0289375381398731,-0.0289375381397912,-0.0289375381396906,-0.0289375381395884,-0.0289375381395021,-0.0289375381394348,-0.0289375381393784,-0.0289375381393138,-0.0289375381392152,-0.0289375381390844,-0.0289375381389509,-0.028937538138857,-0.0289375381388164,-0.0289375381388104,-1,-1,-1,-1,-1,-1,-1,-1,-1,-1,-1,-1,-1,-1,-1
12022,1,-1,-1,-1,-1,-1,-1,-1,-1,-1,-1,-1,-1,-1,-1,-1,-1,-1,-1,-0.0451472291671866,-0.0451472291671924,-0.0451472291672133,-0.0451472291672586,-0.0451472291673263,-0.0451472291673993,-0.0451472291674468,-0.0451472291674341,-0.0451472291673458,-0.045147229167203,-0.0451472291670609,-0.045147229166977,-1,-1,-1,-1,-1,-1,-1,-1,-1,-1,-1,-1,-1,-1,-1
12019,1,-1,-1,-1,-1,-1,-1,-1,-1,-1,-1,-1,-1,-1,-1,-1,-1,-1,-1,-1,-1,-1,-1,-1,-0.0705810742857071,0.0963419364301288,-0.168275347548779,-0.168275347548779,0.305937330158725,-0.0545203498996605,-1,-1,-1,-1,-1,-1,-1,-1,-1,-1,-1,-1,-1,-1,-1,-1
8940,1,0.0209857315515629,-0.00282635702285772,-0.0211350946802957,-0.0339404814207356,-0.0394606899744985,-0.0316644634553644,-0.0152372873647924,3.80664208479153e-05,0.0118585815132173,0.0248423559719071,0.0391945045415802,0.0467696411562128,0.0408974822975163,0.0248367489364125,0.00579391908146931,-0.0156888260475201,-0.0430344169039016,-0.0703317187739527,-0.0801603617349542,-0.0612053269525354,-0.0253324801565835,-0.000261255936425453,-0.00331365371056602,-0.0258162789495064,-0.0451612425102557,-0.0491866985167277,-0.0457417408964447,-0.0500965820910584,-0.0669705208101292,-0.0858868401052639,-0.0920406721712039,-0.0807254818365788,-0.0625407907285731,-0.055133946688807,-0.0678434008823863,-0.0924918390883644,-0.110606916055875,-1,-1,-1,-1,-1,-1,-1,-1
8835,1,-1,-1,-1,-1,-0.0223580014519618,-0.0215878585020777,-0.0195648881181736,-0.0163210623364747,-0.0125447142982655,-0.00872101093202771,-0.00461795899710538,4.02683329912001e-05,0.0047660212276539,0.00866048361903582,0.011402703111826,0.0134267872777749,0.0151346893997131,0.016311225311878,0.0164006101149679,0.0151117307377646,0.0126359292366609,0.0093486422781015,0.00529794611331624,-1.80560115614625e-05,-0.00718002748984503,-0.0160462507999433,-0.0256763515959388,-0.0352453232951291,-0.0446875691372344,-0.054082248593363,-0.0628425614781536,-0.0702528377678533,-0.0766139479833536,-0.0828943319038573,-0.0890478198068574,-0.093627058774262,-0.0956168537909932,-0.0958639210461087,-1,-1,-1,-1,-1,-1,-1
12363,1,-1,-1,-1,-1,-1,0.0731241731149201,0.0704618322114063,0.065632778499318,0.0600135654876413,0.0548548607111401,0.050728133142097,0.0475632518478015,0.0447079713578797,0.0411646766435654,0.0362292905657902,0.0299886240164429,0.0230759483828265,0.0160728862380242,0.00934951680769114,0.00325086147875586,-0.00206676039273779,-0.0070669040082989,-0.0126806383974412,-0.019477620273709,-0.0272321280470691,-0.0355249033897787,-0.0445226755009815,-0.0548154054101784,-0.0665429673030224,-0.0789476345643509,-0.0907979525240283,-0.101139504453913,-0.109820572187206,-0.117626511923982,-0.125837451812834,-0.135190736784908,-0.14503173187949,-0.153685630039564,-0.159839877320545,-0.163445120217207,-0.165272838420269,-0.166012173299519,-1,-1,-1
12477,1,-1,-1,-1,-1,-1,-1,-1,-1,-1,-1,-1,0.333496741828257,0.249996745395817,0.116273953136955,-0.0190268605997472,-0.136512478219369,-0.23047513864663,-0.27060562617017,-0.218590146438854,-0.0832707691247352,0.0687842050296794,0.168396599017928,0.1928156213163,0.154220984684378,0.0665666746686111,-0.0498332730982169,-0.14523890658108,-0.161813617652097,-0.0934910229210351,-0.00380213954783626,0.0350843875709352,0.0121095836560228,-0.0278930710189211,-0.0480587638597001,-0.0553913797301715,-0.0737863351844967,-0.105894934770573,-0.134680722180167,-0.148505480491438,-1,-1,-1,-1,-1,-1
12355,1,-1,-1,-1,-1,-1,-1,-1,-1,-1,-1,-1,-1,0.0829335119454737,0.0829335119451711,0.0829335119448318,0.0829335119447725,0.0829335119450265,0.0829335119452956,0.0829335119452215,0.0829335119445962,0.0829335119434202,0.0829335119418086,0.0829335119399381,0.0829335119379895,0.0829335119361239,0.0829335119344181,0.0829335119329251,0.0829335119317052,0.0829335119308583,0.0829335119304546,-1,-1,-1,-1,-1,-1,-1,-1,-1,-1,-1,-1,-1,-1,-1
12348,1,-1,-1,-1,-1,-1,-1,-1,-1,-1,-1,-1,-1,-1,-1,-1,-1,-1,-0.110140831281566,-0.110140831281609,-0.110140831281696,-0.110140831281825,-0.110140831281996,-0.110140831282203,-0.110140831282455,-0.110140831282756,-0.110140831283079,-0.110140831283357,-0.110140831283524,-0.110140831283556,-0.110140831283491,-0.110140831283401,-0.110140831283337,-0.110140831283311,-1,-1,-1,-1,-1,-1,-1,-1,-1,-1,-1,-1
12359,1,-1,-1,-1,-1,-1,-1,-1,-1,-1,-1,-1,-1,-1,-1,-1,-1,-1,-1,-1,-1,-1,-1,-1,-1,-0.0364502185962872,-0.0934657099987388,-0.140034924513122,-0.11110722181127,-0.0192608099205869,0.0529991384718493,0.0337369270197019,-0.0641637317502766,-0.151347779865987,-1,-1,-1,-1,-1,-1,-1,-1,-1,-1,-1,-1
8794,1,-1,-1,-1,-1,-1,-1,-1,-1,-1,-1,-1,-1,-1,-1,-1,-1,-1,-1,-1,-1,-1,-1,-1,-1,-1,-1,-1,-1,-1,-1,-0.0432070205276478,-0.0395421510833698,-0.0330802083999835,-0.0261306865922974,-0.0209598638240598,-0.018453356926412,-0.0179606108855488,-0.0181585335798276,-1,-1,-1,-1,-1,-1,-1
12176,1,-1,-1,-1,-1,-1,-1,-1,-1,-1,-1,-1,-1,-1,-1,-1,-1,-1,-1,-1,-1,-1,-1,-1,-1,-1,-1,-1,-1,-1,-1,-1,0.0553029897164072,0.0445449423844706,0.0251255772054635,0.00257069517885311,-0.0174128273343528,-0.0312553371288078,-0.037843525261819,-1,-1,-1,-1,-1,-1,-1
12370,1,-1,-1,-1,-1,-1,-1,-1,-1,-1,-1,-1,-1,-1,-1,-1,-1,-1,-1,-1,-1,-1,-1,-1,-1,-1,-1,-1,-1,-1,-1,-1,-1,-1,-1,-0.153881954350287,-0.140057455850425,0.138781995012701,-0.940414689384973,-1,-1,-1,-1,-1,-1,-1
12368,1,-1,-1,-1,-1,-1,-1,-1,-1,-1,-1,-1,-1,-1,-1,-1,-1,-1,-1,-1,-1,-1,-1,-1,-1,-1,-1,-1,-1,-1,-1,-1,-1,-1,-1,0.102741426752488,-0.489554580480792,0.271223680031451,-0.0416803926758047,-1,-1,-1,-1,-1,-1,-1
8939,1,0.009229842764237,-0.00390280581900715,-0.0135073406870077,-0.0195837618402233,-0.0211474971145105,-0.0158579953281821,-0.00912163421327827,-0.00335602082333608,-0.00375056809863494,-0.0198603432389599,-0.0541787711173014,-0.0853701545137064,-0.0782713470874679,-0.023308401777669,0.0424511351936365,0.0692665907923091,0.048681405039148,0.0181285657327401,0.00803276507666317,0.0027164692517736,-0.0297381193311719,-0.080165708444075,-0.0979108270467548,-0.0547468701991132,0.012395243458045,0.0441117095335657,0.0348842337387441,0.0196416696424977,0.021287273439103,0.0178153308535864,-0.0169543749708014,-0.0569917286900818,-0.0448859067726333,0.0246012496300945,0.0747507076931271,0.0255392773830823,-0.113966881735037,-0.227537968506935,-1,-1,-1,-1,-1,-1,-1
12377,1,-1,-1,-1,-1,-0.0214376719271969,-0.0214376719271938,-0.0214376719271854,-0.0214376719271674,-0.021437671927147,-0.0214376719271219,-0.0214376719271041,-0.0214376719271034,-0.021437671927119,-0.0214376719271447,-0.0214376719271825,-0.021437671927228,-0.0214376719272826,-0.0214376719273448,-0.0214376719274112,-0.0214376719274822,-0.0214376719275544,-0.0214376719276279,-0.0214376719276959,-0.0214376719277529,-0.0214376719277973,-0.0214376719278342,-0.0214376719278675,-0.0214376719278992,-0.0214376719279248,-0.0214376719279397,-0.0214376719279412,-0.0214376719279292,-0.0214376719279095,-0.0214376719278873,-0.0214376719278713,-0.0214376719278615,-0.0214376719278582,-0.0214376719278573,-0.0214376719278588,-0.0214376719278604,-0.0214376719278604,-1,-1,-1,-1
8929,1,-1,-1,-1,-1,0.0185934056280566,0.0187227327023716,0.0187230340789357,0.0183601605673211,0.0177219260773223,0.0171246099149842,0.0167883335149854,0.0166973980135552,0.0167296303916631,0.0167936216909923,0.0168086572205008,0.0166428836911843,0.0161440918656486,0.0152091679606783,0.0137946288928745,0.0119025865014906,0.00961073878214957,0.0070943316365506,0.00455465952527145,0.00210903861831557,-0.000223539031758424,-0.00243691247054478,-0.00448524836895325,-0.00632300047909018,-0.00794277297119583,-0.00933704686081782,-0.0104594798377806,-0.0112766062140341,-0.01184563927323,-0.0122871190674196,-0.012669179508821,-0.0129599132357203,-0.0131119076079402,-0.0131532240755035,-1,-1,-1,-1,-1,-1,-1
12362,1,-1,-1,-1,-1,-1,-1,-1,-1,-1,-1,-1,-1,-1,-1,-1,-1,-1,0.0406681145533652,0.0361533985733629,0.027123966613356,0.0135798186733473,-0.00539150954279544,-0.0319520396553736,-0.0581445101324345,-0.0690463376626753,-0.0559038555821387,-0.0252600504985949,0.00467074474366225,0.0171702592599674,0.00812361996925626,-0.0134989444793545,-0.0341585317761228,-0.045090557759687,-1,-1,-1,-1,-1,-1,-1,-1,-1,-1,-1,-1
8938,1,0.0123850462646931,0.0114288475893436,0.0101027304061767,0.00840669471519484,0.00637651929816174,0.00416250815232555,0.00181415333260215,-0.000718139814733787,-0.00337761655961555,-0.00592786874741758,-0.00820293452982312,-0.00973215536319816,-0.0102914771032907,-0.0100848171847838,-0.00948666560390166,-0.00876528877363847,-0.0080778401862196,-0.00765083710809877,-0.00782296099193425,-0.00882904951210017,-0.0105671287106164,-0.0126380007633509,-0.0146238551266533,-0.0162980695152857,-0.0175699951048631,-0.0183010279423719,-0.0182586209736817,-0.0172691635267537,-0.0153776484526427,-0.012830180165621,-0.00991742076142077,-0.00686037537972961,-0.00383360080712913,-0.00104607932255707,0.00125067691696357,0.00286325909212182,0.0037784131367411,0.0041357207296091,-1,-1,-1,-1,-1,-1,-1
10640,1,-1,-1,-1,-1,-1,-1,-1,-1,-1,-1,-1,-1,-1,-1,-1,-1,-1,-1,-1,-0.130719686320084,-0.130719686320084,-0.130719686320084,-0.130719686320084,-1,-1,-1,-1,-1,-1,-1,-1,-1,-1,-1,-1,-1,-1,-1,-1,-1,-1,-1,-1,-1,-1
9541,1,-1,-1,-1,-1,-1,-1,-1,-1,-1,-1,-1,-1,-1,-1,-1,-1,-1,-1,-1,-1,-1,-1,-1,-1,-1,-1,-1,-1,-1,-1,0.00789708074857298,0.00789708075112872,0.00789708075565043,0.00789708076054163,0.0078970807642329,0.00789708076609275,0.00789708076653595,0.00789708076645468,-1,-1,-1,-1,-1,-1,-1
4611,1,0.989004615698537,0.512739113929458,-0.0584807421692992,-1,-1,-1,-1,-1,-1,-1,-1,-1,-1,-1,-1,-1,-1,-1,-1,-1,-1,-1,-1,-1,-1,-1,-1,-1,-1,-1,-1,-1,-1,-1,-1,-1,-1,-1,-1,-1,-1,-1,-1,-1,-1
1330,1,-0.00841730960644727,-0.00841730960644727,-0.00841730960644727,-0.00841730960644727,-0.00841730960644727,-0.00841730960644682,-0.00841730960644727,-0.00841730960644727,-0.00841730960644727,-0.00841730960644727,-0.00841730960644727,-0.00841730960644682,-0.00841730960644727,-0.00841730960644727,-0.00841730960644727,-0.00841730960644727,-0.00841730960644727,-0.172253178896361,-0.172253178896362,-0.172253178896362,-0.172253178896362,-0.0596401568399578,-0.0596401568399578,-0.0596401568399578,-0.0596401568399578,-0.0596401568399578,-0.0596401568399578,-0.0596401568399578,-0.0596401568399578,-0.698970004336019,0,-0.301029995663981,-1,-1,-1,-1,-1,-1,-1,-1,-1,-1,-1,-1,-1
4607,1,-1,-1,-1,-1,-1,-1,-1,-1,-1,-1,-1,-1,-1,-1,-1,-1,-1,-0.0941769849348022,-0.0941769849348022,-0.340043433857139,-0.138689828327125,-0.138689828327125,-0.138689828327125,-0.138689828327125,-0.138689828327125,-0.138689828327125,-0.138689828327125,-0.138689828327125,-0.138689828327125,-0.138689828327125,-0.138689828327125,-0.138689828327125,-1,-1,-1,-1,-1,-1,-1,-1,-1,-1,-1,-1,-1
6430,1,-1,-1,-1,-1,-1,-1,-1,-1,-1,-1,-1,-1,-1,-1,-1,-1,-1,-1,-1,-1,0.137203734677885,0.0790698797044085,-0.0111668953671136,-0.0859664121255972,-0.114014162931244,-0.101336373024647,-0.079530353048159,-0.0781445139734849,-0.105560619213493,-0.149555274470549,-0.190284560062678,-0.2128932071916,-1,-1,-1,-1,-1,-1,-1,-1,-1,-1,-1,-1,-1
6388,1,-1,-1,-1,-1,-1,-1,-1,-1,-1,-1,-1,-1,-1,-1,-1,-1,-1,-1,-1,-1,-1,-1,-1,-1,-1,-1,-1,-2.00432137378264,0,0,0,0,-1,-1,-1,-1,-1,-1,-1,-1,-1,-1,-1,-1,-1
652,1,-0.00881000118255049,-0.00881000118255049,-0.00881000118255049,-0.00881000118255137,-0.00881000118255049,-0.00881000118255049,-0.00881000118255049,-0.00881000118255049,-0.00881000118255049,-0.00881000118255049,-0.00881000118255049,-1,-1,-1,-1,-1,-1,-1,-1,-1,-1,-1,-1,-1,-1,-1,-1,-1,-1,-1,-1,-1,-1,-1,-1,-1,-1,-1,-1,-1,-1,-1,-1,-1,-1
8585,1,-1,-1,-1,-1,-1,-1,-1,-1,-1,-1,-1,-1,-1,-1,-1,-1,-1,-1,-1,-1,-0.0392316795559222,-0.0410957244119632,-0.0438227642146893,-0.0457044834605331,-0.0456628062506312,-0.0437460255512292,-0.0405548555281259,-0.0365958012382359,-0.0321811856317149,-0.0275982653608735,-0.0230755038253481,-0.0186211192826553,-0.014123839105403,-0.00971452852256816,-0.00592661548197482,-0.00337555065038009,-0.00224893391741876,-1,-1,-1,-1,-1,-1,-1,-1
8653,1,-1,-1,-1,-1,-1,-1,-1,-1,-1,-1,-1,-1,-1,-1,-1,-1,-1,-1,-1,-1,-1,-1,-1,-1,0.194736245851179,0.000887138401067133,-0.163430583670594,-0.116744378968938,0.0384163737881618,0.081394100267193,-0.0155746593255204,-0.081526661469445,-0.0159223852192405,0.076258353573214,0.0479192505392394,-0.0999729332965449,-0.25255998624836,-0.330474068014463,-1,-1,-1,-1,-1,-1,-1
12402,1,-1,-1,-0.00553679500306625,-0.00579934731165466,-0.00632445192883102,-0.00711210885459668,-0.00816231808895029,-0.00947558130753068,-0.0110539052128933,-0.0128977914806756,-0.0150072401108792,-0.0173822511035027,-0.0200054324389096,-0.0228072160385544,-0.0257702098827997,-0.0288944139716463,-0.0321798283050936,-0.035602184325854,-0.039064407804779,-0.0425422301845801,-0.0460356514652591,-0.0495446716468135,-0.0530428373506109,-0.056424335062111,-0.0596627114026784,-0.0627579663723148,-0.0657100999710187,-0.068497125334346,-0.0710310950045141,-0.0732900221170789,-0.0752739066720405,-0.0769827486693976,-0.0784145952207604,-0.0795616347725635,-0.0804219144364157,-0.0809954342123168,-0.0812821941002676,-1,-1,-1,-1,-1,-1,-1,-1
8819,1,-1,-1,-0.102703520744142,-0.103782975872023,-0.10522666438147,-0.104296302688271,-0.0976476195786113,-0.0845179499224904,-0.0671091446664085,-0.0475065504036412,-0.0263226943582269,-0.00546784946028489,0.0102176805554206,0.016853764683159,0.0160829313282265,0.0129425284561802,0.00909360929299807,0.000681394449359773,-0.0160361693819613,-0.0385370862083163,-0.058700488333423,-0.0689202505043347,-0.0672123709287571,-0.0576449169299159,-0.0469127013734003,-0.0398230306504835,-0.0368741279356684,-0.0358561862275899,-0.0355563320660317,-0.0370390565252672,-0.0411449627843159,-0.0461473145342431,-0.0491074078861414,-0.0489676663434895,-0.0472401463781455,-0.0459570874516486,-1,-1,-1,-1,-1,-1,-1,-1,-1
12365,1,-1,-1,-1,-1,-1,-1,-1,-1,-1,-1,-1,-1,-1,-1,-1,-1,-1,-0.0683107400299627,-0.0654347349390352,-0.0596827247571812,-0.0510547094844007,-0.0392109495066177,-0.0225836383410742,-0.000205825335892973,0.0264675073141696,0.052713776606907,0.0721059340308023,0.080236747918895,0.077789017048709,0.070075630851347,0.0631668202479754,0.0599277024976879,0.0593515150491997,-1,-1,-1,-1,-1,-1,-1,-1,-1,-1,-1,-1
654,1,-1,-1,-1,0.0340260710494842,0.0251390515512928,0.00589137758686897,-0.0219973765018715,-0.0522296799564905,-0.0741558237023732,-0.076596750605032,-0.0552904549524309,-0.0178453998696548,0.0200314708554772,0.0449583668219273,0.0534994060180176,0.0505697115281365,0.0422112045287362,0.031113208360166,0.0180004172384349,0.00471691823828446,-0.00556102242129297,-0.0106551568344471,-1,-1,-1,-1,-1,-1,-1,-1,-1,-1,-1,-1,-1,-1,-1,-1,-1,-1,-1,-1,-1,-1,-1
12369,1,-1,-1,-1,-1,-0.00917281536324444,-0.00913135673472043,-0.00907871150219908,-0.00907165351080907,-0.00912330431762465,-0.009246962010653,-0.00950318860776811,-0.00993424303076074,-0.0105388022248176,-0.0112833012162641,-0.0121320904023032,-0.0130648284102581,-0.0140610502875345,-0.0150897981590274,-0.016140080152204,-0.017202828380515,-0.0183096546374673,-0.019503456725231,-0.0207853875790138,-0.0221290381686579,-0.0235427892992106,-0.0250813327165555,-0.0267832274591699,-0.0286240702874974,-0.0305442151325577,-0.0324906389538473,-0.0344012533730611,-0.0361693601763544,-0.0376691375467966,-0.0388284670984835,-0.0396609899940297,-0.0402322134377899,-0.0406211249886639,-0.0409098751423771,-0.0411619950600137,-0.0413788837264915,-0.041505610936565,-1,-1,-1,-1
8930,1,-1,-1,-1,-1,-0.0320352289352934,-0.0320497761216965,-0.0344961102743038,-0.0417218793513072,-0.0533053040010047,-0.065928127909078,-0.0752247249425513,-0.0773109811508612,-0.0696292091687192,-0.0522478872424099,-0.0289358560386745,-0.00559404884681913,0.0137976894680008,0.0294794038147652,0.0433371628440891,0.0545462779596608,0.0593683644402576,0.0556715403269137,0.0460774410708202,0.0352600583958056,0.0249430846542058,0.0132915215739771,-0.000805337819189234,-0.0146876302176362,-0.0239865987679422,-0.0262896166375519,-0.0213131837350624,-0.00853104532831139,0.0126853516941079,0.0395953816976147,0.0647061507852045,0.0803712816112094,0.0852320970813905,0.0847679664903178,-1,-1,-1,-1,-1,-1,-1
8928,1,-1,-1,-1,-1,0.0428134404279509,0.0519643871587429,0.0659712283316969,0.0771612331301144,0.0815683250925068,0.0820598774254513,0.084286398447202,0.0908146512658223,0.0996906477069204,0.107618975801206,0.112898982860102,0.115200826440593,0.11408789539982,0.108782076117307,0.0987175304336749,0.0836727641242239,0.0640821383645802,0.0419469034548192,0.0206189902096403,0.00249959489927098,-0.0127416290953519,-0.0267117176421334,-0.0394644627210687,-0.0492289674286179,-0.0545434092500781,-0.0550978935627717,-0.0504560996153089,-0.0398758795684189,-0.0244047595151309,-0.00783023767088542,0.00578584177686192,0.0149511942284843,0.0203776880847659,0.0228890643667019,-1,-1,-1,-1,-1,-1,-1
8838,1,-1,-1,-1,-1,-0.00225180685945148,-0.00232496966446982,-0.00253724843066871,-0.00293537956588397,-0.00349245400987064,-0.00411741769365204,-0.00471866136946586,-0.00526548089046086,-0.00579584551372969,-0.00637529248792745,-0.00705233901475211,-0.00784172008948447,-0.00872992535558836,-0.00968603154805692,-0.0106736660077309,-0.0116640587099219,-0.0126409090124557,-0.0135908798676532,-0.0144918256368793,-0.0153141664513035,-0.0160296957057651,-0.0166106530474961,-0.0170223015652451,-0.0172316362133484,-0.0172348408039853,-0.0170712034465765,-0.0167990046351592,-0.0164583050803531,-0.0160675582122325,-0.0156574573075439,-0.0152918093140069,-0.0150376639471519,-0.0149136571611397,-0.0148783865605693,-1,-1,-1,-1,-1,-1,-1
8825,1,-1,-1,-1,-1,-0.0281428978009255,-0.0281596233326789,-0.0281690209257746,-0.0281198023464784,-0.0279551002197636,-0.0276334949603281,-0.0271163182079714,-0.0263394177542171,-0.0252271317540749,-0.0237553615161237,-0.0219929034671127,-0.020071010958898,-0.0181247458264844,-0.0162691299623101,-0.0145950580835885,-0.0131377427335431,-0.0118468147558559,-0.0106343279926673,-0.00948458971671018,-0.00849944845863426,-0.00780529419913023,-0.00741628821145679,-0.00721007604991342,-0.00704470951795466,-0.00689087011863676,-0.00684878113422926,-0.0070453075454453,-0.00751449721695829,-0.0081617338251867,-0.00882639165260568,-0.00937639449981265,-0.00975687031360972,-0.00997476788049312,-0.010064338526746,-1,-1,-1,-1,-1,-1,-1
8817,1,-1,-1,-1,-1,-0.0695406276541966,-0.0733442307669829,-0.0786833069463331,-0.083020396978555,-0.086281492344964,-0.0890693422893121,-0.0892584172990505,-0.0825203646116219,-0.0664135694378258,-0.0430087183288734,-0.0176128895395253,0.00415983218813709,0.0184846113721113,0.0244947166350522,0.0245720951261847,0.0227193644180668,0.0214803327822979,0.0203791677652316,0.0175687000829254,0.0123113899887652,0.00516265891119994,-0.00349673092618885,-0.0136339055876982,-0.0241915125071697,-0.032917676799636,-0.0383777907896077,-0.0414558427904606,-0.044079750102342,-0.0468481764151725,-0.0486808327000556,-0.0486457237762292,-0.047344988835843,-0.0462581618902158,-1,-1,-1,-1,-1,-1,-1,-1
9031,1,-1,-1,-1,-1,-1,-1,0.0607192712202802,0.0715707888759636,0.0866210668522056,0.0991822278984178,0.108412981352082,0.112079830305958,0.101914759566599,0.0752136877260003,0.0324920215749209,-0.0101894281098409,-0.0327442121583119,-0.0324536461235518,-0.0240499805798753,-0.018465737750796,-0.0102636044944671,0.00962746892776289,0.0360462322025383,0.0528996440983303,0.0519320071301608,0.0396109549001715,0.0243255464411742,0.00558439771537511,-0.0181696164736391,-0.0373208130905049,-0.0373871075978518,-0.0187894886907314,-0.000864750916609314,-1,-1,-1,-1,-1,-1,-1,-1,-1,-1,-1,-1
9030,1,-1,-1,-1,-1,-1,-1,0.0768854491405377,0.0776110990442911,0.0790164102969708,0.0799048450974182,0.0782258567169392,0.0728241461131636,0.064520633329566,0.0549607636213651,0.0446321997756201,0.032706477747944,0.0188402879790988,0.00426745420248009,-0.00948492578446158,-0.022470682166924,-0.0360476630952542,-0.0506662767908082,-0.0646878169711154,-0.0759265455263329,-0.0840484685587011,-0.090814871562954,-0.0978129329732589,-0.10437438981794,-0.108277773117135,-1,-1,-1,-1,-1,-1,-1,-1,-1,-1,-1,-1,-1,-1,-1,-1
9029,1,-1,-1,-1,-1,-1,-1,-0.0255824386448258,-0.0187154399639842,0.0111469918350959,0.0633486642751955,0.106844605168111,0.110410239008719,0.0758985683407614,0.0296086621342126,-0.0100287810626476,-0.0410241987953186,-0.0611585484145512,-0.0636499126980041,-0.0521787818030337,-0.041619341711852,-0.0347496380697503,-0.0129130857272957,0.0366765046687851,0.093823311115026,0.120980240397978,0.102198514555522,0.0531319968421597,-0.00383051004347656,-0.0567153124867243,-0.0950784002086997,-0.105319345675964,-0.0883209337631086,-0.0682549249166036,-1,-1,-1,-1,-1,-1,-1,-1,-1,-1,-1,-1
9028,1,-1,-1,-1,-1,-1,-1,-0.0960398800596189,-0.0738240212947379,-0.0309048105178735,0.0202101149745915,0.0601565979676129,0.0723672315132888,0.0525906902358475,0.0132905429855503,-0.0223367283252336,-0.0356695511047382,-0.0262651143641393,-0.0101844685429162,-0.00219065236911287,0.000749226297878103,0.0154449233854046,0.0506750223207444,0.0926307910324611,0.116058079670599,0.108849954894401,0.0811089378046179,0.0495533550905827,0.0190739151029389,-0.0157174839936833,-0.0550087634198166,-0.0883351652506059,-0.106254294486588,-0.111089336581666,-1,-1,-1,-1,-1,-1,-1,-1,-1,-1,-1,-1
9026,1,-1,-1,-1,-1,-1,-1,-0.0593405889169583,-0.0305363217905417,0.0252190780596451,0.0846883935953133,0.113097806752244,0.093975029688449,0.0453774947898,0.00109904527422433,-0.0202677326751055,-0.0211886804068628,-0.0236877968495715,-0.0309881474409668,-0.0291819354611684,-0.0223118140382685,-0.0385396020514523,-0.0876494875970628,-0.12780058100713,-0.099093595557715,0.00568325775832768,0.119483031037548,0.1641716017666,0.132405024453276,0.0691650049541797,0.022038434525522,0.000766577557009818,-0.00959962517649737,-0.0163905333907617,-1,-1,-1,-1,-1,-1,-1,-1,-1,-1,-1,-1
9025,1,-1,-1,-1,-1,-1,-1,-0.0343117943910527,-0.0358117559250259,-0.0353742947529789,-0.0306990571782046,-0.0253206529662964,-0.0262710263111749,-0.0384574690261728,-0.0613480023392494,-0.0865486730211793,-0.0988201834054934,-0.0830908432305337,-0.037007135455347,0.0224437865901201,0.0697095801690706,0.09084157910097,0.0908389963892486,0.0811416646575007,0.0657957066257331,0.0429887414364307,0.0134971249778282,-0.0197133242494467,-0.0559460252687898,-0.0911329908145837,-0.109653801166284,-0.0951978394825694,-0.055220821859955,-0.0223887211131606,-1,-1,-1,-1,-1,-1,-1,-1,-1,-1,-1,-1
9027,1,-1,-1,-1,-1,-1,-1,-1,-1,-1,-1,-1,-1,-1,-1,-1,-1,-1,-1,-1,-0.0327443379334522,-0.0449109544780626,-0.0156107469558135,0.0705245610942682,0.142527516258226,0.12720360448857,0.0480143014443803,-0.00648331806196167,0.00200709882561534,0.0262856907078248,0.0149689850258137,-0.0203143518330355,-0.0402029446463583,-0.0398169413285154,-1,-1,-1,-1,-1,-1,-1,-1,-1,-1,-1,-1
8919,1,-1,-1,-1,-1,-1,-1,-0.156265470427282,-0.133619741535387,-0.117944814876333,-0.154786561328967,-0.261979477481659,-0.395714164260176,-0.466722258598947,-0.407408051826094,-0.235932101528543,-0.0520488768651937,0.0406618660927006,0.0166555017149031,-0.0617316583024473,-0.110005308841963,-0.093535438616164,-0.0405046507360294,0.00171059401385792,0.0122545455297227,0.00348824850205398,-0.00348705029741897,-0.000995578900956418,0.00426188747623524,-1,-1,-1,-1,-1,-1,-1,-1,-1,-1,-1,-1,-1,-1,-1,-1,-1
8918,1,-1,-1,-1,-1,-1,-1,0.00498171392717828,-0.0148491148372571,-0.0621054631288576,-0.110525474333713,-0.110447043514785,-0.0602363109873505,-0.0385995526468279,-0.127463384701946,-0.306522252718372,-0.455466259750682,-0.468339752637752,-0.347158152597702,-0.180208153421624,-0.0529967143940366,0.00611046477914057,0.0152858446856357,0.00522754349022336,-0.00236245872565366,-0.00148130403243929,0.00174173021999269,0.000877051850610489,-0.0021768153626327,-1,-1,-1,-1,-1,-1,-1,-1,-1,-1,-1,-1,-1,-1,-1,-1,-1
8910,1,-1,-1,-1,-1,-1,-1,0.0749295885613221,0.0398732519013001,-0.0186485678844843,-0.0810695897842364,-0.12588449171848,-0.138360649997795,-0.115472615687697,-0.0674950283344937,-0.0252015562060095,-0.0290152435438559,-0.077883335124224,-0.102778449441857,-0.048442211766079,0.0183847004506993,-0.0298649164616129,-0.169398865305124,-0.177609540941198,0.0817471135151026,0.385347809361159,0.344062700192348,-0.0914802248308016,-0.505788430339973,-1,-1,-1,-1,-1,-1,-1,-1,-1,-1,-1,-1,-1,-1,-1,-1,-1
11448,1,-1,-1,-1,-1,-1,-1,-1,-1,-1,-1,-1,-1,0.0563398693342838,0.0563398693342838,0.0563398693342838,0.0563398693342837,0.0563398693342838,0.0563398693342838,0.0563398693342838,0.0563398693342838,0.0563398693342837,0.0563398693342838,0.0563398693342838,0.0563398693342838,0.0563398693342838,0.0563398693342838,0.0563398693342838,-0.0250591186576741,-0.0250591186576741,-0.0250591186576741,-0.0250591186576741,-0.0250591186576739,-0.0250591186576741,-0.0250591186576741,-0.0250591186576741,-0.0250591186576741,-0.0250591186576739,-1,-1,-1,-1,-1,-1,-1,-1
6168,1,-1,-1,-1,-1,-1,-1,0.107665823754224,0.037239023815907,-0.0547183250194025,-0.0938742074181265,-0.0477761125613212,0.0497958403840302,0.135194797175925,0.164448798820465,0.132787674984065,0.0660767588743485,0.00612582007739171,-0.00899971978871816,0.0253831071324586,0.0679566275131851,0.0682426469336037,0.0237565608834927,-0.0171515532298852,-0.019105175986935,-0.00425502886541951,-0.012026682490633,-0.0344998920150226,-0.0291030494103484,0.00851936792516472,0.0281992945902267,-0.00151458971076357,-0.0428345817414502,-1,-1,-1,-1,-1,-1,-1,-1,-1,-1,-1,-1,-1
9033,1,-1,-1,-1,-1,-1,-1,-1,0.360927198623383,0.210848217786178,0.0527207131120209,0.0309526782902465,0.110438727162238,0.129076283443525,0.0115842211559989,-0.139358378887023,-0.183418192764595,-0.096491487940946,0.0750803582410675,0.143560411098085,0.0621187585767109,-0.027775589086624,-0.000509647520742451,0.0948740542512008,0.110790205752144,-0.000370923852782035,-0.119729384631189,-0.10514776727895,0.0340603701708864,0.137889609390953,0.0694449230857668,-0.133349447248067,-0.29791558265726,-1,-1,-1,-1,-1,-1,-1,-1,-1,-1,-1,-1,-1
9032,1,-1,-1,-1,-1,-1,-1,-1,-0.168375070346551,-0.0823172788477884,0.00659173141275016,0.00776389791796772,-0.0553059731017753,-0.0725261996591067,-0.00243248492216686,0.060380863206184,0.0154899994801616,-0.0856872928196328,-0.090087788498356,0.0447826082466909,0.174192097986085,0.15590553931225,0.0505151322239077,0.0346920812920319,0.136048438928203,0.178014248413685,0.036158829948,-0.158022907903916,-0.178726640900524,-0.0182326728305831,0.100801044029233,0.0376536082515995,-0.0849248915342957,-1,-1,-1,-1,-1,-1,-1,-1,-1,-1,-1,-1,-1
9010,1,-1,-1,-1,-1,-1,-1,-1,-1,-1,-1,-0.0420786393094845,-0.042078639309493,-0.0420786393095103,-0.0420786393095345,-0.0420786393095645,-0.0420786393095975,-0.0420786393096317,-0.0420786393096679,-0.0420786393097061,-0.0420786393097494,-0.0420786393097969,-0.0420786393098469,-0.0420786393098984,-0.0420786393099524,-0.0420786393100048,-0.0420786393100467,-0.0420786393100744,-0.0420786393100847,-0.0420786393100814,-0.0420786393100704,-0.0420786393100573,-0.0420786393100502,-1,-1,-1,-1,-1,-1,-1,-1,-1,-1,-1,-1,-1
9009,1,-1,-1,-1,-1,-1,-1,-1,-1,-1,-1,0.0752574989159953,0.0752574989159954,0.0752574989159953,0.0752574989159953,-0.0501716659439969,-0.0501716659439968,-0.0501716659439969,-0.0501716659439969,-0.0501716659439969,-0.0501716659439969,0,0,0.0880456295278406,0.0880456295278407,0.183988392647297,0.183988392647297,-0.0613294642157657,-0.0613294642157658,-0.0613294642157657,-0.0613294642157658,-0.0613294642157658,-0.0613294642157656,0.06246936830415,0.06246936830415,-0.301029995663981,-0.301029995663981,-1,-1,-1,-1,-1,-1,-1,-1,-1
9008,1,-1,-1,-1,-1,-1,-1,-1,-1,-1,-1,0.0316696501358177,0.0316696501358178,0.0316696501358178,0.0316696501358177,0.0316696501358178,0.0316696501358177,0.0316696501358178,0.0316696501358177,-0.0437233011381836,-0.0437233011381836,-0.0437233011381837,-0.0437233011381836,-0.0871501757189003,-0.0871501757189002,-0.954242509439325,-0.954242509439325,0,0,0.66110964736696,0.66110964736696,-0.264443858946784,-0.264443858946784,-0.264443858946784,-0.264443858946784,-0.264443858946784,-1,-1,-1,-1,-1,-1,-1,-1,-1,-1
9007,1,-1,-1,-1,-1,-1,-1,-1,-1,-1,-1,0.149481923892188,0.149481923892188,-0.020708154647891,-0.020708154647891,-0.0207081546478909,-0.020708154647891,-0.020708154647891,-0.020708154647891,-0.117910469249563,-0.117910469249563,-0.117910469249563,-0.117910469249563,0,0,-0.215712327627337,-0.215712327627337,-0.215712327627337,-0.215712327627337,-0.215712327627336,-0.215712327627337,-0.215712327627336,-0.215712327627337,0.358190052660394,0.358190052660394,0.358190052660394,0.358190052660394,-1,-1,-1,-1,-1,-1,-1,-1,-1
9005,1,-1,-1,-1,-1,-1,-1,-1,-1,-1,-1,0.105637255001782,0.105637255001782,0.105637255001782,0.105637255001782,0.105637255001782,0.105637255001782,0.105637255001782,0.105637255001782,-0.0607595121715736,-0.0607595121715736,-0.0607595121715736,-0.0607595121715736,0.0691513490831408,0.0691513490831408,-0.171211340411103,-0.171211340411103,-0.198970004336019,-0.198970004336019,0,0,0,0,0,0,-1,-1,-1,-1,-1,-1,-1,-1,-1,-1,-1
9006,1,-1,-1,-1,-1,-1,-1,-1,-1,-1,-1,-1,-1,-0.0272861173562671,-0.0272861173562668,-0.0272861173562671,-0.0272861173562671,-0.0842022151946951,-0.0842022151946953,-0.250301175284593,-0.250301175284593,0.100343331887994,0.100343331887994,0.100343331887994,0.100343331887994,0.100343331887994,0.100343331887994,-0.16940927827669,-0.169409278276691,-0.219666346915131,-0.219666346915131,-0.031234684152075,-0.031234684152075,-0.031234684152075,-0.031234684152075,0.376663833329306,0.376663833329306,-1,-1,-1,-1,-1,-1,-1,-1,-1
9011,1,-1,-1,-1,-1,-1,-1,-1,-1,-1,-1,-1,-1,-1,-1,-0.245567808259892,-0.245567808259892,-0.245567808259892,-0.245567808259892,0.00989765575595303,0.00989765575595314,0.00989765575595303,0.00989765575595314,0.00989765575595314,0.00989765575595314,0.00989765575595314,0.00989765575595303,-0.0880456295278407,-0.0880456295278406,-0.150514997831991,-0.150514997831991,0.0880456295278406,0.0880456295278407,0,0,0,0,-1,-1,-1,-1,-1,-1,-1,-1,-1
8944,1,-1,-1,-1,-1,-1,-1,-1,-1,-1,-1,-1,-0.190111312399131,-0.129313644922655,-0.0335310736273797,0.0374713008794632,0.0403493494648868,-0.00424063370534178,-0.0319684692119249,-0.00507438580085084,0.0566598597061621,0.119132789579273,0.175265002803648,0.218222814560264,0.202072992179489,0.078147803242282,-0.126710235190829,-0.308163300742283,-0.37855687643959,-0.340934805335392,-0.259114719346334,-0.183597859006989,-0.129391371979162,-0.100630144183847,-1,-1,-1,-1,-1,-1,-1,-1,-1,-1,-1,-1
12277,1,-1,-1,-1,-1,-1,-1,-1,-1,-1,-1,-1,-1,0.194188420652535,0.184705572235555,0.167281690104715,0.146923418696991,0.128230195869317,0.112284014640732,0.0975575264835227,0.0836285510816013,0.0704970884349647,0.0583152039994976,0.0478427125915402,0.039971617226493,0.0355614609325205,0.0354613230572838,0.0395177357396856,0.0453547076295355,0.049315035923263,-1,-1,-1,-1,-1,-1,-1,-1,-1,-1,-1,-1,-1,-1,-1,-1
8663,1,-1,-1,-1,-1,-1,-1,-1,-1,-1,-1,-1,-1,-1,-1,-1,-1,-1,-1,-1,-1,0.019251400577474,0.0192514005774584,0.0192514005774411,0.019251400577434,0.0192514005774429,0.0192514005774704,0.0192514005775095,0.0192514005775459,0.0192514005775357,0.0192514005774478,0.0192514005772821,0.0192514005770801,0.0192514005768807,0.0192514005766897,0.0192514005765001,0.0192514005763291,0.0192514005762305,-1,-1,-1,-1,-1,-1,-1,-1
8664,1,-1,-1,-1,-1,-1,-1,-1,-1,-1,-1,-1,-1,-1,-1,-1,-1,-1,-1,-1,-1,-1,-1,-1,-1,-0.0288053780788804,-0.0275219436415206,-0.0237070173827418,-0.0160382264249921,-0.00406491922211449,0.0111363481904911,0.0271483044625298,0.0413904357351185,0.0523523183454562,0.0598330095013435,0.0642905257792536,0.0663121662175192,0.0666853532331726,0.0664652393340384,-1,-1,-1,-1,-1,-1,-1
8793,1,-1,-1,-1,-1,-1,-1,-1,-1,-1,-1,-1,-1,-1,-1,-1,-1,-1,-1,-1,-1,-1,-1,-1,-1,-1,-1,-1,-1,-1,-1,0.0257786739645969,0.0257786739645516,0.0257786739644095,0.0257786739641039,0.0257786739636234,0.0257786739630461,0.0257786739625399,0.025778673962261,-1,-1,-1,-1,-1,-1,-1
8943,1,-1,-1,-1,-1,-1,-1,-1,-1,-1,-1,-1,-0.291425428878065,-0.110224082125092,0.0750928240265254,0.0851519904968705,-0.0411266514013544,-0.10414763396914,-0.0127089693464106,0.0986684733779875,0.0773426231638541,-0.00794895004986262,0.0303177889622739,0.184481642957359,0.22349942060036,0.0409264222016117,-0.152892065299253,-0.143204225965281,-0.0719752794972996,-0.238095035504787,-0.583546428853285,-0.684076350080098,-0.352361260776809,0.0370582621752604,-1,-1,-1,-1,-1,-1,-1,-1,-1,-1,-1,-1
9544,1,-1,-1,-1,-1,-1,-1,-1,-1,-1,-1,-1,-1,-1,-1,-1,-1,-1,-1,-1,-1,-1,-1,-1,-1,-1,-1,-1,-1,-1,-1,0.226012586647445,0.12984827295858,-0.018609349317436,-0.140707512928762,-0.186397059377238,-0.169136972468803,-0.141392834813983,-1,-1,-1,-1,-1,-1,-1,-1
12392,1,-1,-1,-1,-1,-1,-1,-1,-1,-1,-1,-1,-1,0.0322366294194101,0.0254476365760339,0.0153308819472291,0.0140907358297948,0.0357970878662783,0.0802056438129932,0.125873587773927,0.144367622534164,0.122079150061572,0.0662009170852105,-0.00845186211925775,-0.0927708211341269,-0.182495648710203,-0.270098871195558,-0.343604329518022,-0.393806512833951,-0.420152837375193,-0.429448112112057,-1,-1,-1,-1,-1,-1,-1,-1,-1,-1,-1,-1,-1,-1,-1
10642,1,-1,-1,-1,-1,-1,-1,-1,-1,-1,-1,-1,-1,-1,-1,-1,-1,-1,-1,-1,0.397940008672038,-1,-1,-1,-1,-1,-1,-1,-1,-1,-1,-1,-1,-1,-1,-1,-1,-1,-1,-1,-1,-1,-1,-1,-1,-1
11452,1,-1,-1,-1,-1,-1,-1,-1,-1,-1,-1,-1,-1,0.0106114895520437,0.0106114895520437,0.0106114895520439,0.0106114895520437,0.0106114895520437,0.0106114895520439,0.0106114895520437,0.0106114895520437,0.0106114895520437,0.0106114895520439,0.0106114895520437,0.0106114895520437,0.0106114895520439,0.0106114895520437,0.0106114895520437,-0.0150673158493244,-0.0150673158493244,-0.0150673158493244,-0.0150673158493244,-0.0150673158493246,-0.0150673158493244,-0.0150673158493244,-0.0150673158493244,-0.0150673158493246,-0.0150673158493242,-1,-1,-1,-1,-1,-1,-1,-1
8963,1,-1,-1,-1,-1,-1,-1,-1,-1,-1,-1,-1,-1,0.157092557431923,0.165149714467901,0.175118296870637,0.173863053039709,0.147276002899957,0.0924067102658777,0.0116730330640578,-0.0796585355342341,-0.151240761158631,-0.17528206000908,-0.153179387498605,-0.11271708761426,-0.0608412463528145,0.00244813628573626,0.0661939383770722,0.0855220605807583,0.0515457806059003,-0.0060430580262274,-0.057295620657972,-0.094130034946283,-0.115809825472936,-0.103999826920606,-0.0284002430295871,0.114181393696432,0.272592212085179,0.371048719245145,-1,-1,-1,-1,-1,-1,-1
27137,1,-1,-1,-1,-1,-1,-1,-1,-1,-1,-1,-1,-1,-1,-1,-1,-1,-1,-1,-1,-1,-1,-1,-1,-1,-1,-1,-1,-1,-1,-1,-1,-1,-1,-1,-1,-1,-1,-1,-1,-0.653212513775344,1.30373588903991,-0.202504502249207,-1,-1,-1
8962,1,-1,-1,-1,-1,-1,-1,-1,-1,-1,-1,-1,-1,0.0177070337968999,0.0184939808439735,0.0194138184375454,0.0191522960058144,0.0165883134385501,0.0115037715238466,0.00414762553080061,-0.00428027785040364,-0.0125972963611702,-0.0201290662500861,-0.0267580029827419,-0.032484106559135,-0.0373073769792676,-0.0412278142431382,-0.0440632319612912,-0.0451441716357459,-0.0446176124709068,-0.0427043454047922,-0.0381910480310779,-0.0287059745680451,-0.0132403990313379,0.00554937829106184,0.0221679758275859,0.0321118852936046,0.0351996140521831,0.0350249531431599,-1,-1,-1,-1,-1,-1,-1
10591,1,-1,-1,-1,-1,-1,-1,-1,-1,-1,-1,-1,-1,-1,-1,-1,-1,-1,-1,-1,-0.146128035678238,0.936513742478893,-0.58626572414473,-0.0239121574054115,-1,-1,-1,-1,-1,-1,-1,-1,-1,-1,-1,-1,-1,-1,-1,-1,-1,-1,-1,-1,-1,-1
10424,1,-1,-1,-1,-1,-1,-1,-1,-1,-1,-1,-1,-1,-1,-1,-1,-1,-1,-1,-1,-1,-1,-1,-1,-1,-1,-1,-1,-1,-1,-1,0.0289069736101655,0.00490733449474412,-0.108447926401814,0.0693264913759677,0.105370562688108,-0.00988680541808362,-1,-1,-1,-1,-1,-1,-1,-1,-1
27133,1,-1,-1,-1,-1,-1,-1,-1,-1,-1,-1,-1,-1,-1,-1,-1,-1,-1,-1,-1,-1,-1,-1,-1,-1,-1,-1,-1,-1,-1,-1,-1,-1,-1,-1,-1,-1,-1,-1,2.15533603746506,-0.92715302090054,-0.92715302090054,1.66275783168157,-1,-1,-1
8961,1,-1,-1,-1,-1,-1,-1,-1,-1,-1,-1,-1,-1,0.0691590206526616,0.0656864701361102,0.0582054917086141,0.0471793828456204,0.0336746706524458,0.0179343701163039,0.000472155602823099,-0.016162799472041,-0.02924956057279,-0.0373762263215074,-0.0412584696652514,-0.0446764078167148,-0.0485750700790701,-0.0529544564523181,-0.0583543583026513,-0.0664292609212327,-0.0744700344894988,-0.0760396506943963,-0.0659040412804968,-0.0443650288672166,-0.017551971337457,0.00636214831635429,0.0218619119412726,0.0283565583791621,0.0290939743034488,0.0282274107312646,-1,-1,-1,-1,-1,-1,-1
10593,1,-1,-1,-1,-1,-1,-1,-1,-1,-1,-1,-1,-1,-1,-1,-1,-1,-1,-1,-1,-0.237360915794604,0.592075770421362,-0.0368713599531263,-0.329425367223446,-1,-1,-1,-1,-1,-1,-1,-1,-1,-1,-1,-1,-1,-1,-1,-1,-1,-1,-1,-1,-1,-1
10422,1,-1,-1,-1,-1,-1,-1,-1,-1,-1,-1,-1,-1,-1,-1,-1,-1,-1,-1,-1,-1,-1,-1,-1,-1,-1,-1,-1,-1,-1,-1,0.201898522661967,0.137289174994729,-0.305107908084421,0.184209149277861,0.14459342460477,0.0707731974836663,-1,-1,-1,-1,-1,-1,-1,-1,-1
27136,1,-1,-1,-1,-1,-1,-1,-1,-1,-1,-1,-1,-1,-1,-1,-1,-1,-1,-1,-1,-1,-1,-1,-1,-1,-1,-1,-1,-1,-1,-1,-1,-1,-1,-1,-1,-1,-1,-1,0.899329838118637,1.11553815940726,-2.47726599542485,0.146128035678238,-1,-1,-1
8960,1,-1,-1,-1,-1,-1,-1,-1,-1,-1,-1,-1,-1,0.061388022895122,0.060076939240812,0.0542830243906449,0.0411591651585907,0.0208796567434062,-0.00636208776234248,-0.0384421693371917,-0.0660474853972679,-0.084703103233702,-0.0972674855667102,-0.104659624700844,-0.106879520636101,-0.103927173372487,-0.0958025829099944,-0.0833270135233133,-0.0700850867179039,-0.0579543474128288,-0.0461784960838691,-0.0321508263851729,-0.0133161570047826,0.0101329046816647,0.0339652201549248,0.0519969420392901,0.0605236927840724,0.0612327874083367,0.0595037295239276,-1,-1,-1,-1,-1,-1,-1
8949,1,-1,-1,-1,-1,-1,-1,-1,-1,-1,-1,-1,-1,-0.0575237624140246,-0.100381447442698,-0.131698322619444,-0.0913906852863913,0.0184927508576229,0.137844266966707,0.210208963007226,0.222070290691651,0.186661223757062,0.114422502747244,0.014359124879618,-0.0881405229410461,-0.157799984952459,-0.180400037599347,-0.176367459901381,-0.174946792900105,-0.179643637681911,-0.167798420904796,-0.123803565313265,-0.0644384487961607,-0.0249580966013006,-1,-1,-1,-1,-1,-1,-1,-1,-1,-1,-1,-1
8948,1,-1,-1,-1,-1,-1,-1,-1,-1,-1,-1,-1,-1,0.323529315136784,-0.0166895441690174,-0.33597833709317,-0.296264473385027,-0.0069235165053505,0.170531793837185,0.116728225276346,0.0417389986466996,0.117211600674522,0.235836733716443,0.212224501036042,0.0651681391087924,-0.0425847031024658,-0.0685194154155773,-0.132234961736097,-0.291982846321532,-0.422858923860463,-0.381532649959889,-0.199335612261502,-0.0293651161323822,0.0432645237124061,-1,-1,-1,-1,-1,-1,-1,-1,-1,-1,-1,-1
9545,1,-1,-1,-1,-1,-1,-1,-1,-1,-1,-1,-1,-1,-1,-1,-1,-1,-1,-1,-1,-1,-1,-1,-1,-1,-1,-1,-1,-1,-1,-1,-0.0430329176421513,-0.0430329176420146,-0.0430329176415967,-0.0430329176407716,-0.0430329176396187,-0.0430329176384885,-0.0430329176378206,-1,-1,-1,-1,-1,-1,-1,-1
6459,1,-1,-1,-1,-1,-1,-1,-1,-1,-1,-1,-1,-1,-1,0.244493900280086,-0.0912406655491731,-0.409540285976809,-0.362214917116452,-0.0365192571324768,0.205983353167782,0.202150774371657,0.101264870028252,0.0633887726005713,0.0513916904504614,-0.0334764627414019,-0.170576443349667,-0.269077837447171,-0.293735660068762,-0.242579957954942,-0.08584841243399,0.147232253771928,0.279768187958834,0.147444961796988,-0.146759409132432,-0.296690126534899,-0.171235124002688,0.0178521163112153,-1,-1,-1,-1,-1,-1,-1,-1,-1
8958,1,-1,-1,-1,-1,-1,-1,-1,-1,-1,-1,-1,-1,-1,-1,-1,-0.159161575467559,-0.159161575467559,-0.0298753818833046,-0.0298753818833051,-0.0298753818833046,-0.0298753818833051,-0.0298753818833046,-0.0298753818833051,-0.0298753818833046,-0.0298753818833051,-0.0298753818833046,-0.0298753818833051,-0.155625937901422,-0.415272909377827,-0.444564061348321,0.509089211617748,0.190963725463314,0.159784033645087,0.09560863080023,-1.92066860151103,-1,-1,-1,-1,-1,-1,-1,-1,-1,-1
8959,1,-1,-1,-1,-1,-1,-1,-1,-1,-1,-1,-1,-1,-1,-1,-1,-1,-1,-1,-1,-1,-1,-1,-1,-1,-1,-1,-1,-1,-1,-1,-1,-1,-0.471406771195233,-1.70757017609794,0,-1,-1,-1,-1,-1,-1,-1,-1,-1,-1
12268,1,-1,-1,-1,-1,-1,-1,-1,-1,-1,-1,-1,-1,-1,-1,-1,-1,-1,-0.0708498287553703,-0.0695781140352949,-0.0670346845951448,-0.0632195404349207,-0.0580195879052003,-0.0506148904387718,-0.039087717323308,-0.021894022697432,-0.000120649297495667,0.0220156113436896,0.0394732579877168,0.0496669445500282,0.0537654280364899,0.0549661342624732,0.0556571612404462,0.0562381634881342,-1,-1,-1,-1,-1,-1,-1,-1,-1,-1,-1,-1
12249,1,-1,-1,-1,-1,-1,-1,-1,-1,-1,-1,-1,-1,-1,-1,-1,-1,-1,-0.0786548432762173,-0.0782541408121784,-0.0774527358840988,-0.0762506284919804,-0.0742554918827429,-0.0697076296555634,-0.061543482473132,-0.0502690983340059,-0.0377350730730257,-0.0262540748604549,-0.0174957032914322,-0.0118318339466452,-0.00853237148676667,-0.0065726223007625,-0.00534843280422881,-0.00474534309745023,-1,-1,-1,-1,-1,-1,-1,-1,-1,-1,-1,-1
12076,1,-1,-1,-1,-1,-1,-1,-1,-1,-1,-1,-1,-1,-1,-1,-1,-1,-1,-1,-1,-1,-1,-1,-1,-1,-1,-1,-1,-1,-1,-1,-1,-1,1.11844969086417,-0.0866190688867823,-0.0866190688867827,-0.0866190688867827,-0.0866190688867827,0.287763241725965,-0.315965790865361,-0.315965790865361,-1,-1,-1,-1,-1
8964,1,-1,-1,-1,-1,-1,-1,-1,-1,-1,-1,-1,-1,-1,-1,-1,-1,-1,-1,-0.000323616154039419,0.00148519276592973,0.00510281060584394,0.0105292373657239,0.0177644730455571,0.0268085176453582,0.0376613711651123,0.050323033604832,0.0560343231260318,0.0218466944310138,-0.0435290813819225,-0.093524686405791,-0.0862223089309372,-0.0168083801311429,0.0827830923865333,0.170980876388846,0.224272779398166,0.24466860139201,0.24765616980582,0.246579502271246,-1,-1,-1,-1,-1,-1,-1
10663,1,-1,-1,-1,-1,-1,-1,-1,-1,-1,-1,-1,-1,-1,-1,-1,-1,-1,-1,-1,-0.150514997831991,-0.150514997831991,0.1249387366083,-1,-1,-1,-1,-1,-1,-1,-1,-1,-1,-1,-1,-1,-1,-1,-1,-1,-1,-1,-1,-1,-1,-1
10661,1,-1,-1,-1,-1,-1,-1,-1,-1,-1,-1,-1,-1,-1,-1,-1,-1,-1,-1,-1,0.150514997831991,0.150514997831991,-1,-1,-1,-1,-1,-1,-1,-1,-1,-1,-1,-1,-1,-1,-1,-1,-1,-1,-1,-1,-1,-1,-1,-1
10660,1,-1,-1,-1,-1,-1,-1,-1,-1,-1,-1,-1,-1,-1,-1,-1,-1,-1,-1,-1,-0.0579919469776867,-0.281699346671419,-0.281699346671419,-0.281699346671419,-1,-1,-1,-1,-1,-1,-1,-1,-1,-1,-1,-1,-1,-1,-1,-1,-1,-1,-1,-1,-1,-1
10658,1,-1,-1,-1,-1,-1,-1,-1,-1,-1,-1,-1,-1,-1,-1,-1,-1,-1,-1,-1,-0.204119982655925,0.342422680822206,-1.04139268515822,0.812913356642855,-1,-1,-1,-1,-1,-1,-1,-1,-1,-1,-1,-1,-1,-1,-1,-1,-1,-1,-1,-1,-1,-1
10643,1,-1,-1,-1,-1,-1,-1,-1,-1,-1,-1,-1,-1,-1,-1,-1,-1,-1,-1,-1,0.557640851539549,-0.636822097587174,0.602059991327962,-0.698970004336019,-1,-1,-1,-1,-1,-1,-1,-1,-1,-1,-1,-1,-1,-1,-1,-1,-1,-1,-1,-1,-1,-1
10641,1,-1,-1,-1,-1,-1,-1,-1,-1,-1,-1,-1,-1,-1,-1,-1,-1,-1,-1,-1,-0.130719686320084,-0.130719686320084,-0.130719686320084,-0.130719686320084,-1,-1,-1,-1,-1,-1,-1,-1,-1,-1,-1,-1,-1,-1,-1,-1,-1,-1,-1,-1,-1,-1
10639,1,-1,-1,-1,-1,-1,-1,-1,-1,-1,-1,-1,-1,-1,-1,-1,-1,-1,-1,-1,0.920818753952375,-0.632023214705406,-0.0669467896306133,-1,-1,-1,-1,-1,-1,-1,-1,-1,-1,-1,-1,-1,-1,-1,-1,-1,-1,-1,-1,-1,-1,-1
10637,1,-1,-1,-1,-1,-1,-1,-1,-1,-1,-1,-1,-1,-1,-1,-1,-1,-1,-1,-1,0.0280287236002434,-0.903089986991944,0.539590623023812,0.539590623023812,-1,-1,-1,-1,-1,-1,-1,-1,-1,-1,-1,-1,-1,-1,-1,-1,-1,-1,-1,-1,-1,-1
10636,1,-1,-1,-1,-1,-1,-1,-1,-1,-1,-1,-1,-1,-1,-1,-1,-1,-1,-1,-1,0.301029995663981,0.234083206033368,0.145943308112056,0.145943308112056,-1,-1,-1,-1,-1,-1,-1,-1,-1,-1,-1,-1,-1,-1,-1,-1,-1,-1,-1,-1,-1,-1
10634,1,-1,-1,-1,-1,-1,-1,-1,-1,-1,-1,-1,-1,-1,-1,-1,-1,-1,-1,-1,0.397940008672038,-0.0555173278498315,-0.138302698166281,-0.602059991327962,-1,-1,-1,-1,-1,-1,-1,-1,-1,-1,-1,-1,-1,-1,-1,-1,-1,-1,-1,-1,-1,-1
10633,1,-1,-1,-1,-1,-1,-1,-1,-1,-1,-1,-1,-1,-1,-1,-1,-1,-1,-1,-1,0.359021942641668,-0.1249387366083,0.221848749616356,-0.522878745280338,-1,-1,-1,-1,-1,-1,-1,-1,-1,-1,-1,-1,-1,-1,-1,-1,-1,-1,-1,-1,-1,-1
10622,1,-1,-1,-1,-1,-1,-1,-1,-1,-1,-1,-1,-1,-1,-1,-1,-1,-1,-1,-1,-1.0746336182969,-0.0579919469776867,0.632023214705406,-1,-1,-1,-1,-1,-1,-1,-1,-1,-1,-1,-1,-1,-1,-1,-1,-1,-1,-1,-1,-1,-1,-1
8665,1,-1,-1,-1,-1,-1,-1,-1,-1,-1,-1,-1,-1,-1,-1,-1,-1,-1,-1,-1,-1,0.0900475444337507,0.0558580299425886,0.00609661344620438,-0.0351166808177972,-0.0596207730156335,-0.0683586868254622,-0.0548859037024316,-0.0129148595082351,0.0410491601564553,0.068962648486905,0.04546028364551,-0.014767313689295,-0.0724698584142414,-0.103856986086336,-0.116384532082165,-0.126467987024907,-0.135467268500211,-1,-1,-1,-1,-1,-1,-1,-1
8666,1,-1,-1,-1,-1,-1,-1,-1,-1,-1,-1,-1,-1,-1,-1,-1,-1,-1,-1,-1,-1,-1,-1,-1,-1,-0.0144387147053553,-0.0146647466775425,-0.0121227843915981,-0.00438535300352716,0.00764520271420732,0.0210284332655746,0.0336981972590269,0.044998877898055,0.0540369746971279,0.0592071278800299,0.0598927641122975,0.0576683466594412,0.0550917411710798,0.0537155775518194,-1,-1,-1,-1,-1,-1,-1
10612,1,-1,-1,-1,-1,-1,-1,-1,-1,-1,-1,-1,-1,-1,-1,-1,-1,-1,-1,-1,0.544068044350276,-0.751676354852022,0.580520313471853,-0.841433085927852,-1,-1,-1,-1,-1,-1,-1,-1,-1,-1,-1,-1,-1,-1,-1,-1,-1,-1,-1,-1,-1,-1
10610,1,-1,-1,-1,-1,-1,-1,-1,-1,-1,-1,-1,-1,-1,-1,-1,-1,-1,-1,-1,-0.609807769328703,-1.92081875395238,1.65321251377534,-1,-1,-1,-1,-1,-1,-1,-1,-1,-1,-1,-1,-1,-1,-1,-1,-1,-1,-1,-1,-1,-1,-1
10609,1,-1,-1,-1,-1,-1,-1,-1,-1,-1,-1,-1,-1,-1,-1,-1,-1,-1,-1,-1,-1.30102999566398,-1.22184874961636,1.8731267636145,-0.0492180226701815,-1,-1,-1,-1,-1,-1,-1,-1,-1,-1,-1,-1,-1,-1,-1,-1,-1,-1,-1,-1,-1,-1
27148,1,-1,-1,-1,-1,-1,-1,-1,-1,-1,-1,-1,-1,-1,-1,-1,-1,-1,-1,-1,-1,-1,-1,-1,-1,-1,-1,-1,-1,-1,-1,-1,-1,-1,-1,-1,-1,-1,-1,0.223456240854042,-0.429898302601571,-0.750269742984897,0.284454201399407,-1,-1,-1
10608,1,-1,-1,-1,-1,-1,-1,-1,-1,-1,-1,-1,-1,-1,-1,-1,-1,-1,-1,-1,-0.272034022175138,-0.272034022175138,0.544068044350276,-1,-1,-1,-1,-1,-1,-1,-1,-1,-1,-1,-1,-1,-1,-1,-1,-1,-1,-1,-1,-1,-1,-1
27147,1,-1,-1,-1,-1,-1,-1,-1,-1,-1,-1,-1,-1,-1,-1,-1,-1,-1,-1,-1,-1,-1,-1,-1,-1,-1,-1,-1,-1,-1,-1,-1,-1,-1,-1,-1,-1,-1,-1,1.443812338787,-0.579163987216401,-0.518489431851477,0.39387735526753,-1,-1,-1
10607,1,-1,-1,-1,-1,-1,-1,-1,-1,-1,-1,-1,-1,-1,-1,-1,-1,-1,-1,-1,-0.237208505025571,0.127104798364808,0.657750138313342,-0.624486461885302,-1,-1,-1,-1,-1,-1,-1,-1,-1,-1,-1,-1,-1,-1,-1,-1,-1,-1,-1,-1,-1,-1
27142,1,-1,-1,-1,-1,-1,-1,-1,-1,-1,-1,-1,-1,-1,-1,-1,-1,-1,-1,-1,-1,-1,-1,-1,-1,-1,-1,-1,-1,-1,-1,-1,-1,-1,-1,-1,-1,-1,-1,0.393367299533996,-1.91733042610655,1.74494458786892,0.291817343022506,-1,-1,-1
10605,1,-1,-1,-1,-1,-1,-1,-1,-1,-1,-1,-1,-1,-1,-1,-1,-1,-1,-1,-1,0.230029920398447,0.506971419074892,0.506971419074892,-0.387432048082685,-1,-1,-1,-1,-1,-1,-1,-1,-1,-1,-1,-1,-1,-1,-1,-1,-1,-1,-1,-1,-1,-1
27141,1,-1,-1,-1,-1,-1,-1,-1,-1,-1,-1,-1,-1,-1,-1,-1,-1,-1,-1,-1,-1,-1,-1,-1,-1,-1,-1,-1,-1,-1,-1,-1,-1,-1,-1,-1,-1,-1,-1,0.0388069316888489,-0.138460187181165,0.0490978823584731,-2.11040769249193,-1,-1,-1
10604,1,-1,-1,-1,-1,-1,-1,-1,-1,-1,-1,-1,-1,-1,-1,-1,-1,-1,-1,-1,0.397940008672037,-0.511883360978874,0.505149978319906,-1,-1,-1,-1,-1,-1,-1,-1,-1,-1,-1,-1,-1,-1,-1,-1,-1,-1,-1,-1,-1,-1,-1
27144,1,-1,-1,-1,-1,-1,-1,-1,-1,-1,-1,-1,-1,-1,-1,-1,-1,-1,-1,-1,-1,-1,-1,-1,-1,-1,-1,-1,-1,-1,-1,-1,-1,-1,-1,-1,-1,-1,-1,0.143422142302313,-0.287666034106,0.269182628411986,0.163316971019253,-1,-1,-1
10598,1,-1,-1,-1,-1,-1,-1,-1,-1,-1,-1,-1,-1,-1,-1,-1,-1,-1,-1,-1,-0.580470031029553,0.612610173661271,-0.159057919756901,-0.341254997624695,-1,-1,-1,-1,-1,-1,-1,-1,-1,-1,-1,-1,-1,-1,-1,-1,-1,-1,-1,-1,-1,-1
10592,1,-1,-1,-1,-1,-1,-1,-1,-1,-1,-1,-1,-1,-1,-1,-1,-1,-1,-1,-1,-0.522878745280338,0.967815316628599,-0.240816588692336,-0.367976785294594,-1,-1,-1,-1,-1,-1,-1,-1,-1,-1,-1,-1,-1,-1,-1,-1,-1,-1,-1,-1,-1,-1
27134,1,-1,-1,-1,-1,-1,-1,-1,-1,-1,-1,-1,-1,-1,-1,-1,-1,-1,-1,-1,-1,-1,-1,-1,-1,-1,-1,-1,-1,-1,-1,-1,-1,-1,-1,-1,-1,-1,-1,0.52680903890877,0.0519480669343613,0.0519480669343613,-0.0810332509092184,-1,-1,-1
10589,1,-1,-1,-1,-1,-1,-1,-1,-1,-1,-1,-1,-1,-1,-1,-1,-1,-1,-1,-1,0.0151074182627422,0.0474246499281379,-0.243454238926007,-0.0592429161054371,-1,-1,-1,-1,-1,-1,-1,-1,-1,-1,-1,-1,-1,-1,-1,-1,-1,-1,-1,-1,-1,-1
27138,1,-1,-1,-1,-1,-1,-1,-1,-1,-1,-1,-1,-1,-1,-1,-1,-1,-1,-1,-1,-1,-1,-1,-1,-1,-1,-1,-1,-1,-1,-1,-1,-1,-1,-1,-1,-1,-1,-1,0.858670847203531,-0.159700842867512,-0.273001272063738,0.32735893438633,-1,-1,-1
10585,1,-1,-1,-1,-1,-1,-1,-1,-1,-1,-1,-1,-1,-1,-1,-1,-1,-1,-1,-1,-0.297916760239838,0.385350881364017,0.191155005491557,-0.291270158374825,-1,-1,-1,-1,-1,-1,-1,-1,-1,-1,-1,-1,-1,-1,-1,-1,-1,-1,-1,-1,-1,-1
781,1,-1,-1,-1,-1,-1,-1,-1,-1,-1,-1,-1,-1,-1,-1,-1,-1,-1,-1,-1,-1,-1,-1,-1,-1,-1,-1,-1,-1,-1,-1,-1,-1,-1,-0.840802570289473,-1,-1,-1,-1,-1,-1,-1,-1,-1,-1,-1
780,1,-1,-1,-1,-1,-1,-1,-1,-1,-1,-1,-1,-1,-1,-1,-1,-1,-1,-1,-1,-1,-1,-1,-1,-1,-1,-1,-1,-1,-1,-1,-1,-1,-1,-0.112704280191289,-0.297333850104017,-1,-1,-1,-1,-1,-1,-1,-1,-1,-1
779,1,-1,-1,-1,-1,-1,-1,-1,-1,-1,-1,-1,-1,-1,-1,-1,-1,-1,-1,-1,-1,-1,-1,-1,-1,-1,-1,-1,-1,-1,-1,-1,-1,-1,-0.294269027367636,-1.53360261067211,-1,-1,-1,-1,-1,-1,-1,-1,-1,-1
778,1,-1,-1,-1,-1,-1,-1,-1,-1,-1,-1,-1,-1,-1,-1,-1,-1,-1,-1,-1,-1,-1,-1,-1,-1,-1,-1,-1,-1,-1,-1,-1,-1,-1,-0.203540021098243,0.570409970541993,-1,-1,-1,-1,-1,-1,-1,-1,-1,-1
777,1,-1,-1,-1,-1,-1,-1,-1,-1,-1,-1,-1,-1,-1,-1,-1,-1,-1,-1,-1,-1,-1,-1,-1,-1,-1,-1,-1,-1,-1,-1,-1,-1,-1,0.426585190121568,0.216081635982607,-1,-1,-1,-1,-1,-1,-1,-1,-1,-1
776,1,-1,-1,-1,-1,-1,-1,-1,-1,-1,-1,-1,-1,-1,-1,-1,-1,-1,-1,-1,-1,-1,-1,-1,-1,-1,-1,-1,-1,-1,-1,-1,-1,-1,-2.72866588730373,-1,-1,-1,-1,-1,-1,-1,-1,-1,-1,-1
775,1,-1,-1,-1,-1,-1,-1,-1,-1,-1,-1,-1,-1,-1,-1,-1,-1,-1,-1,-1,-1,-1,-1,-1,-1,-1,-1,-1,-1,-1,-1,-1,-1,-1,-0.337071006843179,-0.441186675223856,-1,-1,-1,-1,-1,-1,-1,-1,-1,-1
774,1,-1,-1,-1,-1,-1,-1,-1,-1,-1,-1,-1,-1,-1,-1,-1,-1,-1,-1,-1,-1,-1,-1,-1,-1,-1,-1,-1,-1,-1,-1,-1,-1,-1,-0.446708218270519,-1,-1,-1,-1,-1,-1,-1,-1,-1,-1,-1
773,1,-1,-1,-1,-1,-1,-1,-1,-1,-1,-1,-1,-1,-1,-1,-1,-1,-1,-1,-1,-1,-1,-1,-1,-1,-1,-1,-1,-1,-1,-1,-1,-1,-1,0.479900514846654,-0.256776948790344,-1,-1,-1,-1,-1,-1,-1,-1,-1,-1
772,1,-1,-1,-1,-1,-1,-1,-1,-1,-1,-1,-1,-1,-1,-1,-1,-1,-1,-1,-1,-1,-1,-1,-1,-1,-1,-1,-1,-1,-1,-1,-1,-1,-1,0.46201383645692,-1.83122969386706,-1,-1,-1,-1,-1,-1,-1,-1,-1,-1
771,1,-1,-1,-1,-1,-1,-1,-1,-1,-1,-1,-1,-1,-1,-1,-1,-1,-1,-1,-1,-1,-1,-1,-1,-1,-1,-1,-1,-1,-1,-1,-1,-1,-1,0.0263289387223491,-1,-1,-1,-1,-1,-1,-1,-1,-1,-1,-1
770,1,-1,-1,-1,-1,-1,-1,-1,-1,-1,-1,-1,-1,-1,-1,-1,-1,-1,-1,-1,-1,-1,-1,-1,-1,-1,-1,-1,-1,-1,-1,-1,-1,-1,-0.324511091513504,-1,-1,-1,-1,-1,-1,-1,-1,-1,-1,-1
769,1,-1,-1,-1,-1,-1,-1,-1,-1,-1,-1,-1,-1,-1,-1,-1,-1,-1,-1,-1,-1,-1,-1,-1,-1,-1,-1,-1,-1,-1,-1,-1,-1,-1,0.367999810131939,-0.819385097425657,-1,-1,-1,-1,-1,-1,-1,-1,-1,-1
768,1,-1,-1,-1,-1,-1,-1,-1,-1,-1,-1,-1,-1,-1,-1,-1,-1,-1,-1,-1,-1,-1,-1,-1,-1,-1,-1,-1,-1,-1,-1,-1,-1,-1,-1.13296658962027,0.494071483410228,-1,-1,-1,-1,-1,-1,-1,-1,-1,-1
767,1,-1,-1,-1,-1,-1,-1,-1,-1,-1,-1,-1,-1,-1,-1,-1,-1,-1,-1,-1,-1,-1,-1,-1,-1,-1,-1,-1,-1,-1,-1,-1,-1,-1,0.332576792288778,-0.552446975923046,-1,-1,-1,-1,-1,-1,-1,-1,-1,-1
766,1,-1,-1,-1,-1,-1,-1,-1,-1,-1,-1,-1,-1,-1,-1,-1,-1,-1,-1,-1,-1,-1,-1,-1,-1,-1,-1,-1,-1,-1,-1,-1,-1,-1,0.373276854138501,-1.34211887214811,-1,-1,-1,-1,-1,-1,-1,-1,-1,-1
765,1,-1,-1,-1,-1,-1,-1,-1,-1,-1,-1,-1,-1,-1,-1,-1,-1,-1,-1,-1,-1,-1,-1,-1,-1,-1,-1,-1,-1,-1,-1,-1,-1,-1,-0.730487055782084,-0.901536158923322,-1,-1,-1,-1,-1,-1,-1,-1,-1,-1
27132,1,-1,-1,-1,-1,-1,-1,-1,-1,-1,-1,-1,-1,-1,-1,-1,-1,-1,-1,-1,-1,-1,-1,-1,-1,-1,-1,-1,-1,-1,-1,-1,-1,-1,-1,-1,-1,-1,-1,-0.32202415005218,0.55447773135204,-0.534460617830153,0.220673391708421,-1,-1,-1
10584,1,-1,-1,-1,-1,-1,-1,-1,-1,-1,-1,-1,-1,-1,-1,-1,-1,-1,-1,-1,-0.1249387366083,0,-0.238560627359831,-0.238560627359831,-1,-1,-1,-1,-1,-1,-1,-1,-1,-1,-1,-1,-1,-1,-1,-1,-1,-1,-1,-1,-1,-1
790,1,-1,-1,-1,-1,-1,-1,-1,-1,-1,-1,-1,-1,-1,-1,-1,-1,-1,-1,-1,-1,-1,-1,-1,-1,-1,-1,-1,-1,-1,-1,-1,-1,-1,0.9564303955875,-0.844008216401196,-1,-1,-1,-1,-1,-1,-1,-1,-1,-1
789,1,-1,-1,-1,-1,-1,-1,-1,-1,-1,-1,-1,-1,-1,-1,-1,-1,-1,-1,-1,-1,-1,-1,-1,-1,-1,-1,-1,-1,-1,-1,-1,-1,-1,-0.756961951313705,-0.243038048686294,-1,-1,-1,-1,-1,-1,-1,-1,-1,-1
788,1,-1,-1,-1,-1,-1,-1,-1,-1,-1,-1,-1,-1,-1,-1,-1,-1,-1,-1,-1,-1,-1,-1,-1,-1,-1,-1,-1,-1,-1,-1,-1,-1,-1,0.301029995663981,-1,-1,-1,-1,-1,-1,-1,-1,-1,-1,-1
787,1,-1,-1,-1,-1,-1,-1,-1,-1,-1,-1,-1,-1,-1,-1,-1,-1,-1,-1,-1,-1,-1,-1,-1,-1,-1,-1,-1,-1,-1,-1,-1,-1,-1,-0.210853365314893,-1,-1,-1,-1,-1,-1,-1,-1,-1,-1,-1
786,1,-1,-1,-1,-1,-1,-1,-1,-1,-1,-1,-1,-1,-1,-1,-1,-1,-1,-1,-1,-1,-1,-1,-1,-1,-1,-1,-1,-1,-1,-1,-1,-1,-1,0.621365146523349,-0.256217651247619,-1,-1,-1,-1,-1,-1,-1,-1,-1,-1
785,1,-1,-1,-1,-1,-1,-1,-1,-1,-1,-1,-1,-1,-1,-1,-1,-1,-1,-1,-1,-1,-1,-1,-1,-1,-1,-1,-1,-1,-1,-1,-1,-1,-1,0.204119982655925,-1,-1,-1,-1,-1,-1,-1,-1,-1,-1,-1
784,1,-1,-1,-1,-1,-1,-1,-1,-1,-1,-1,-1,-1,-1,-1,-1,-1,-1,-1,-1,-1,-1,-1,-1,-1,-1,-1,-1,-1,-1,-1,-1,-1,-1,1.43136376415899,-1,-1,-1,-1,-1,-1,-1,-1,-1,-1,-1
783,1,-1,-1,-1,-1,-1,-1,-1,-1,-1,-1,-1,-1,-1,-1,-1,-1,-1,-1,-1,-1,-1,-1,-1,-1,-1,-1,-1,-1,-1,-1,-1,-1,-1,-0.716003343634799,-1,-1,-1,-1,-1,-1,-1,-1,-1,-1,-1
10662,1,-1,-1,-1,-1,-1,-1,-1,-1,-1,-1,-1,-1,-1,-1,-1,-1,-1,-1,-1,-1,-0.221848749616356,-1,-1,-1,-1,-1,-1,-1,-1,-1,-1,-1,-1,-1,-1,-1,-1,-1,-1,-1,-1,-1,-1,-1,-1
10621,1,-1,-1,-1,-1,-1,-1,-1,-1,-1,-1,-1,-1,-1,-1,-1,-1,-1,-1,-1,-1,0,0.330993219041424,-1,-1,-1,-1,-1,-1,-1,-1,-1,-1,-1,-1,-1,-1,-1,-1,-1,-1,-1,-1,-1,-1,-1
10620,1,-1,-1,-1,-1,-1,-1,-1,-1,-1,-1,-1,-1,-1,-1,-1,-1,-1,-1,-1,-1,0.176091259055681,-0.352182518111362,-0.0579919469776867,-1,-1,-1,-1,-1,-1,-1,-1,-1,-1,-1,-1,-1,-1,-1,-1,-1,-1,-1,-1,-1,-1
10603,1,-1,-1,-1,-1,-1,-1,-1,-1,-1,-1,-1,-1,-1,-1,-1,-1,-1,-1,-1,-1,-0.698970004336019,-1,-1,-1,-1,-1,-1,-1,-1,-1,-1,-1,-1,-1,-1,-1,-1,-1,-1,-1,-1,-1,-1,-1,-1
10602,1,-1,-1,-1,-1,-1,-1,-1,-1,-1,-1,-1,-1,-1,-1,-1,-1,-1,-1,-1,-1,-0.0781605769952174,0.677401296515915,-0.227629649571009,-1,-1,-1,-1,-1,-1,-1,-1,-1,-1,-1,-1,-1,-1,-1,-1,-1,-1,-1,-1,-1,-1
27143,1,-1,-1,-1,-1,-1,-1,-1,-1,-1,-1,-1,-1,-1,-1,-1,-1,-1,-1,-1,-1,-1,-1,-1,-1,-1,-1,-1,-1,-1,-1,-1,-1,-1,-1,-1,-1,-1,-1,-0.616138440704811,0.584906137418686,-1.83172616485499,-1.38916608436453,-1,-1,-1
10601,1,-1,-1,-1,-1,-1,-1,-1,-1,-1,-1,-1,-1,-1,-1,-1,-1,-1,-1,-1,-1,-0.292429823902064,-0.285966249228105,0.356547323513813,-1,-1,-1,-1,-1,-1,-1,-1,-1,-1,-1,-1,-1,-1,-1,-1,-1,-1,-1,-1,-1,-1
27146,1,-1,-1,-1,-1,-1,-1,-1,-1,-1,-1,-1,-1,-1,-1,-1,-1,-1,-1,-1,-1,-1,-1,-1,-1,-1,-1,-1,-1,-1,-1,-1,-1,-1,-1,-1,-1,-1,-1,0.0838685711373843,-0.966149204150704,0.927740758458158,-0.715676978186282,-1,-1,-1
10600,1,-1,-1,-1,-1,-1,-1,-1,-1,-1,-1,-1,-1,-1,-1,-1,-1,-1,-1,-1,-1,-0.152610163206159,-0.500602350569185,-1,-1,-1,-1,-1,-1,-1,-1,-1,-1,-1,-1,-1,-1,-1,-1,-1,-1,-1,-1,-1,-1,-1
12613,1,-1,-1,-1,-1,-1,-1,-1,-1,-1,-1,-1,-1,-1,-1,-1,-1,-1,-1,-1,-1,-1,-1,-1,-1,-1,-1,-1,-1,-1,-1,-1,-1,-1,-1,-1,-1,-1,-1,0.547012424997057,-0.368277856004679,0.721922612758604,-1.23233271747934,-1,-1,-1
10595,1,-1,-1,-1,-1,-1,-1,-1,-1,-1,-1,-1,-1,-1,-1,-1,-1,-1,-1,-1,-1,0.238560627359831,0.238560627359831,0,-1,-1,-1,-1,-1,-1,-1,-1,-1,-1,-1,-1,-1,-1,-1,-1,-1,-1,-1,-1,-1,-1
27135,1,-1,-1,-1,-1,-1,-1,-1,-1,-1,-1,-1,-1,-1,-1,-1,-1,-1,-1,-1,-1,-1,-1,-1,-1,-1,-1,-1,-1,-1,-1,-1,-1,-1,-1,-1,-1,-1,-1,-1,-1.43136376415899,2.25042000230889,-1.10429196663066,-1,-1,-1
10594,1,-1,-1,-1,-1,-1,-1,-1,-1,-1,-1,-1,-1,-1,-1,-1,-1,-1,-1,-1,-1,-0.397940008672038,0.301029995663981,0.243038048686294,-1,-1,-1,-1,-1,-1,-1,-1,-1,-1,-1,-1,-1,-1,-1,-1,-1,-1,-1,-1,-1,-1
10586,1,-1,-1,-1,-1,-1,-1,-1,-1,-1,-1,-1,-1,-1,-1,-1,-1,-1,-1,-1,-1,0.301029995663981,-1,-1,-1,-1,-1,-1,-1,-1,-1,-1,-1,-1,-1,-1,-1,-1,-1,-1,-1,-1,-1,-1,-1,-1
732,1,-1,-1,-1,-1,-1,-1,-1,-1,-1,-1,-1,-1,-1,-1,-1,-1,-1,-1,-1,-1,-1,-1,-1,-1,-1,-1,-1,-1,-1,-1,-1,-1,-1,-1.23044892137827,0.301029995663981,-1,-1,-1,-1,-1,-1,-1,-1,-1,-1
731,1,-1,-1,-1,-1,-1,-1,-1,-1,-1,-1,-1,-1,-1,-1,-1,-1,-1,-1,-1,-1,-1,-1,-1,-1,-1,-1,-1,-1,-1,-1,-1,-1,-1,-0.345508267385483,-1.3096301674259,-1,-1,-1,-1,-1,-1,-1,-1,-1,-1
730,1,-1,-1,-1,-1,-1,-1,-1,-1,-1,-1,-1,-1,-1,-1,-1,-1,-1,-1,-1,-1,-1,-1,-1,-1,-1,-1,-1,-1,-1,-1,-1,-1,-1,0.385350881364017,-0.424268947394387,-1,-1,-1,-1,-1,-1,-1,-1,-1,-1
729,1,-1,-1,-1,-1,-1,-1,-1,-1,-1,-1,-1,-1,-1,-1,-1,-1,-1,-1,-1,-1,-1,-1,-1,-1,-1,-1,-1,-1,-1,-1,-1,-1,-1,-0.0813636487488498,-0.0813636487488498,-1,-1,-1,-1,-1,-1,-1,-1,-1,-1
727,1,-1,-1,-1,-1,-1,-1,-1,-1,-1,-1,-1,-1,-1,-1,-1,-1,-1,-1,-1,-1,-1,-1,-1,-1,-1,-1,-1,-1,-1,-1,-1,-1,-1,0.280554409954183,-0.906095497131669,-1,-1,-1,-1,-1,-1,-1,-1,-1,-1
726,1,-1,-1,-1,-1,-1,-1,-1,-1,-1,-1,-1,-1,-1,-1,-1,-1,-1,-1,-1,-1,-1,-1,-1,-1,-1,-1,-1,-1,-1,-1,-1,-1,-1,-0.0450783747351879,0.0803107511885948,-1,-1,-1,-1,-1,-1,-1,-1,-1,-1
725,1,-1,-1,-1,-1,-1,-1,-1,-1,-1,-1,-1,-1,-1,-1,-1,-1,-1,-1,-1,-1,-1,-1,-1,-1,-1,-1,-1,-1,-1,-1,-1,-1,-1,-0.14132915279647,-1,-1,-1,-1,-1,-1,-1,-1,-1,-1,-1
724,1,-1,-1,-1,-1,-1,-1,-1,-1,-1,-1,-1,-1,-1,-1,-1,-1,-1,-1,-1,-1,-1,-1,-1,-1,-1,-1,-1,-1,-1,-1,-1,-1,-1,0.270361175897529,-0.737722593328035,-1,-1,-1,-1,-1,-1,-1,-1,-1,-1
723,1,-1,-1,-1,-1,-1,-1,-1,-1,-1,-1,-1,-1,-1,-1,-1,-1,-1,-1,-1,-1,-1,-1,-1,-1,-1,-1,-1,-1,-1,-1,-1,-1,-1,0.342422680822206,-0.0871501757189003,-1,-1,-1,-1,-1,-1,-1,-1,-1,-1
722,1,-1,-1,-1,-1,-1,-1,-1,-1,-1,-1,-1,-1,-1,-1,-1,-1,-1,-1,-1,-1,-1,-1,-1,-1,-1,-1,-1,-1,-1,-1,-1,-1,-1,-0.245982429333076,-1,-1,-1,-1,-1,-1,-1,-1,-1,-1,-1
721,1,-1,-1,-1,-1,-1,-1,-1,-1,-1,-1,-1,-1,-1,-1,-1,-1,-1,-1,-1,-1,-1,-1,-1,-1,-1,-1,-1,-1,-1,-1,-1,-1,-1,-0.544068044350276,-1,-1,-1,-1,-1,-1,-1,-1,-1,-1,-1
728,1,-1,-1,-1,-1,-1,-1,-1,-1,-1,-1,-1,-1,-1,-1,-1,-1,-1,-1,-1,-1,-1,-1,-1,-1,-1,-1,-1,-1,-1,-1,-1,-1,-1,-1,0,-1,-1,-1,-1,-1,-1,-1,-1,-1,-1
10580,1,-1,-1,-1,-1,-1,-1,-1,-1,-1,-1,-1,-1,-1,-1,-1,-1,-1,-1,-1,-1,-0.465150402756114,-0.465150402756114,-0.465150402756114,-1,-1,-1,-1,-1,-1,-1,-1,-1,-1,-1,-1,-1,-1,-1,-1,-1,-1,-1,-1,-1,-1
806,1,-1,-1,-1,-1,-1,-1,-1,-1,-1,-1,-1,-1,-1,-1,-1,-1,-1,-1,-1,-1,-1,-1,-1,-1,-1,-1,-1,-1,-1,-1,-1,-1,-1,-0.153743204500805,-1,-1,-1,-1,-1,-1,-1,-1,-1,-1,-1
805,1,-1,-1,-1,-1,-1,-1,-1,-1,-1,-1,-1,-1,-1,-1,-1,-1,-1,-1,-1,-1,-1,-1,-1,-1,-1,-1,-1,-1,-1,-1,-1,-1,-1,0.0776048578126696,-0.810943763779951,-1,-1,-1,-1,-1,-1,-1,-1,-1,-1
804,1,-1,-1,-1,-1,-1,-1,-1,-1,-1,-1,-1,-1,-1,-1,-1,-1,-1,-1,-1,-1,-1,-1,-1,-1,-1,-1,-1,-1,-1,-1,-1,-1,-1,-0.195958503887324,-1.07003786660776,-1,-1,-1,-1,-1,-1,-1,-1,-1,-1
803,1,-1,-1,-1,-1,-1,-1,-1,-1,-1,-1,-1,-1,-1,-1,-1,-1,-1,-1,-1,-1,-1,-1,-1,-1,-1,-1,-1,-1,-1,-1,-1,-1,-1,-0.427195207196145,-0.106346170556315,-1,-1,-1,-1,-1,-1,-1,-1,-1,-1
802,1,-1,-1,-1,-1,-1,-1,-1,-1,-1,-1,-1,-1,-1,-1,-1,-1,-1,-1,-1,-1,-1,-1,-1,-1,-1,-1,-1,-1,-1,-1,-1,-1,-1,0.157494770564023,-0.399450599697276,-1,-1,-1,-1,-1,-1,-1,-1,-1,-1
800,1,-1,-1,-1,-1,-1,-1,-1,-1,-1,-1,-1,-1,-1,-1,-1,-1,-1,-1,-1,-1,-1,-1,-1,-1,-1,-1,-1,-1,-1,-1,-1,-1,-1,0.0146951871152994,-1.52985386563487,-1,-1,-1,-1,-1,-1,-1,-1,-1,-1
799,1,-1,-1,-1,-1,-1,-1,-1,-1,-1,-1,-1,-1,-1,-1,-1,-1,-1,-1,-1,-1,-1,-1,-1,-1,-1,-1,-1,-1,-1,-1,-1,-1,-1,-0.628388930050312,-1,-1,-1,-1,-1,-1,-1,-1,-1,-1,-1
798,1,-1,-1,-1,-1,-1,-1,-1,-1,-1,-1,-1,-1,-1,-1,-1,-1,-1,-1,-1,-1,-1,-1,-1,-1,-1,-1,-1,-1,-1,-1,-1,-1,-1,0.0911661374572668,-1.02376672195775,-1,-1,-1,-1,-1,-1,-1,-1,-1,-1
797,1,-1,-1,-1,-1,-1,-1,-1,-1,-1,-1,-1,-1,-1,-1,-1,-1,-1,-1,-1,-1,-1,-1,-1,-1,-1,-1,-1,-1,-1,-1,-1,-1,-1,0.0992146871202806,-1,-1,-1,-1,-1,-1,-1,-1,-1,-1,-1
796,1,-1,-1,-1,-1,-1,-1,-1,-1,-1,-1,-1,-1,-1,-1,-1,-1,-1,-1,-1,-1,-1,-1,-1,-1,-1,-1,-1,-1,-1,-1,-1,-1,-1,0.255272505103306,-1,-1,-1,-1,-1,-1,-1,-1,-1,-1,-1
795,1,-1,-1,-1,-1,-1,-1,-1,-1,-1,-1,-1,-1,-1,-1,-1,-1,-1,-1,-1,-1,-1,-1,-1,-1,-1,-1,-1,-1,-1,-1,-1,-1,-1,0.171635879061105,-0.268772618507046,-1,-1,-1,-1,-1,-1,-1,-1,-1,-1
794,1,-1,-1,-1,-1,-1,-1,-1,-1,-1,-1,-1,-1,-1,-1,-1,-1,-1,-1,-1,-1,-1,-1,-1,-1,-1,-1,-1,-1,-1,-1,-1,-1,-1,-1.26670196688409,-0.0969100130080565,-1,-1,-1,-1,-1,-1,-1,-1,-1,-1
793,1,-1,-1,-1,-1,-1,-1,-1,-1,-1,-1,-1,-1,-1,-1,-1,-1,-1,-1,-1,-1,-1,-1,-1,-1,-1,-1,-1,-1,-1,-1,-1,-1,-1,-0.723103684052738,0.673415899863631,-1,-1,-1,-1,-1,-1,-1,-1,-1,-1
792,1,-1,-1,-1,-1,-1,-1,-1,-1,-1,-1,-1,-1,-1,-1,-1,-1,-1,-1,-1,-1,-1,-1,-1,-1,-1,-1,-1,-1,-1,-1,-1,-1,-1,0.383815365980432,-1.48072537898849,-1,-1,-1,-1,-1,-1,-1,-1,-1,-1
791,1,-1,-1,-1,-1,-1,-1,-1,-1,-1,-1,-1,-1,-1,-1,-1,-1,-1,-1,-1,-1,-1,-1,-1,-1,-1,-1,-1,-1,-1,-1,-1,-1,-1,-0.364191425584378,-1,-1,-1,-1,-1,-1,-1,-1,-1,-1,-1
801,1,-1,-1,-1,-1,-1,-1,-1,-1,-1,-1,-1,-1,-1,-1,-1,-1,-1,-1,-1,-1,-1,-1,-1,-1,-1,-1,-1,-1,-1,-1,-1,-1,-1,-1,-0.0347621062592118,-1,-1,-1,-1,-1,-1,-1,-1,-1,-1
27130,1,-1,-1,-1,-1,-1,-1,-1,-1,-1,-1,-1,-1,-1,-1,-1,-1,-1,-1,-1,-1,-1,-1,-1,-1,-1,-1,-1,-1,-1,-1,-1,-1,-1,-1,-1,-1,-1,-1,1.28388456590596,-1.02705823273404,0.388532540150206,-0.323807210513551,-1,-1,-1
8662,1,-1,-1,-1,-1,-1,-1,-1,-1,-1,-1,-1,-1,-1,-1,-1,-1,-1,-1,-1,-1,-0.0128128336745301,-0.0128128336746256,-0.0128128336748139,-0.0128128336750346,-0.0128128336751847,-0.012812833675182,-0.0128128336749995,-0.0128128336746922,-0.0128128336743458,-0.012812833674011,-0.0128128336736917,-0.0128128336733688,-0.0128128336730482,-0.0128128336727782,-0.0128128336725992,-0.0128128336725193,-0.0128128336725006,-1,-1,-1,-1,-1,-1,-1,-1
8667,1,-1,-1,-1,-1,-1,-1,-1,-1,-1,-1,-1,-1,-1,-1,-1,-1,-1,-1,-1,-1,-1,-1,-1,-1,-0.0304500925871989,-0.0255224029956209,-0.0151341493099322,-0.00103380936781505,0.0131114391798692,0.0239126075075191,0.0302082490470639,0.0331792199904215,0.0347383369613445,0.0359290518773383,0.0367065528995525,0.0367948487613199,0.0363847265294313,0.0360091024557376,-1,-1,-1,-1,-1,-1,-1
8659,1,-1,-1,-1,-1,-1,-1,-1,-1,-1,-1,-1,-1,-1,-1,-1,-1,-1,-1,-1,-1,0.00720009705044333,0.00720009705047264,0.0072000970504984,0.00720009705049351,0.00720009705050551,0.00720009705063518,0.00720009705096469,0.00720009705146607,0.00720009705200919,0.00720009705245284,0.00720009705273927,0.00720009705290492,0.00720009705301283,0.00720009705309588,0.00720009705314206,0.00720009705314739,0.00720009705313718,-1,-1,-1,-1,-1,-1,-1,-1
8655,1,-1,-1,-1,-1,-1,-1,-1,-1,-1,-1,-1,-1,-1,-1,-1,-1,-1,-1,-1,-1,-1,-1,-1,-1,-0.130988452393421,-0.117418137711297,-0.0837612743509335,-0.0338058177492391,0.014854013916092,0.0428506138335831,0.0445987506630607,0.0311635525676794,0.0162143680905982,-0.000270741137980979,-0.0315170365927189,-0.0851047853899023,-0.146215252828024,-0.185526255234133,-1,-1,-1,-1,-1,-1,-1
8591,1,-1,-1,-1,-1,-1,-1,-1,-1,-1,-1,-1,-1,-1,-1,-1,-1,-1,-1,-1,-1,0.0586548703149596,0.0573919542310528,0.0548613909944269,0.0511514844106846,0.0462742168252395,0.0403912231108203,0.0339543342317061,0.0273168527429424,0.020404579607546,0.0131771374913312,0.006403355880918,0.0014733448355333,-0.000935383053682237,-0.00177774247320084,-0.00275081725591653,-0.00444151055956432,-0.00583555780391309,-1,-1,-1,-1,-1,-1,-1,-1
8605,1,-1,-1,-1,-1,-1,-1,-1,-1,-1,-1,-1,-1,-1,-1,-1,-1,-1,-1,-1,-1,-1,-1,-1,-1,0.115029762037422,0.0303596577402934,-0.0293417314658559,-0.00143442501081492,0.0258968110133722,-0.0422055269029837,-0.139333841148879,-0.12014025486616,0.0237247595882408,0.140107690262356,0.118709020036457,0.0190669397225061,-0.0427456589765016,-0.0483912046100594,-1,-1,-1,-1,-1,-1,-1
5170,1,-1,-1,-1,-1,-1,-1,-1,-1,-1,-1,-1,-1,-1,-1,-1,-1,-1,-1,-1,-1,-0.0986129202065542,-0.098612920206554,-0.098612920206554,-0.098612920206554,-0.0362121726544449,0.513333427374107,-0.0521046258747779,-0.0521046258747779,-0.0329180512354756,-0.0329180512354756,-0.0329180512354754,-0.165335532960012,-0.165335532960012,-0.165335532960012,0.572096767950519,0.121043692724776,-1,-1,-1,-1,-1,-1,-1,-1,-1
5169,1,-1,-1,-1,-1,-1,-1,-1,-1,-1,-1,-1,-1,-1,-1,-1,-1,-1,-1,-1,-1,0.00798720775673956,0.00507189268858932,-0.000758737447711155,-0.00950468265216209,-0.0212019811027444,-0.0343284503364549,-0.039999293171749,-0.0267351155442062,0.0092634113029475,0.0594796211034303,0.109141561956328,0.148156916665031,0.176265251589867,0.198264251487256,0.21585321114564,0.225897403089896,-1,-1,-1,-1,-1,-1,-1,-1,-1
5166,1,-1,-1,-1,-1,-1,-1,-1,-1,-1,-1,-1,-1,-1,-1,-1,-1,-1,-1,-1,-1,0.0457496372752826,0.0457496372753021,0.0457496372753385,0.0457496372753963,0.0457496372754318,0.0457496372753199,0.0457496372751995,0.0457496372754398,0.0457496372763324,0.0457496372778352,0.0457496372796045,0.0457496372812356,0.0457496372824919,0.045749637283341,0.045749637283846,0.0457496372840698,-1,-1,-1,-1,-1,-1,-1,-1,-1
782,1,-1,-1,-1,-1,-1,-1,-1,-1,-1,-1,-1,-1,-1,-1,-1,-1,-1,-1,-1,-1,0.0419280608072909,0.0421223991334045,0.0425110757856288,0.0430940907639685,0.0431429997719404,0.0398469669908175,0.0337544810824317,0.0293945780188101,0.0318083391982911,0.0426210228196431,0.0586503846204316,0.0739647229980562,0.0836603200566244,0.0865747508346182,0.0852442892039678,0.0834565797037259,-1,-1,-1,-1,-1,-1,-1,-1,-1
10659,1,-1,-1,-1,-1,-1,-1,-1,-1,-1,-1,-1,-1,-1,-1,-1,-1,-1,-1,-1,-1,-1,0,-0.243038048686294,-1,-1,-1,-1,-1,-1,-1,-1,-1,-1,-1,-1,-1,-1,-1,-1,-1,-1,-1,-1,-1,-1
10644,1,-1,-1,-1,-1,-1,-1,-1,-1,-1,-1,-1,-1,-1,-1,-1,-1,-1,-1,-1,-1,-1,-0.301029995663981,-0.301029995663981,-1,-1,-1,-1,-1,-1,-1,-1,-1,-1,-1,-1,-1,-1,-1,-1,-1,-1,-1,-1,-1,-1
10635,1,-1,-1,-1,-1,-1,-1,-1,-1,-1,-1,-1,-1,-1,-1,-1,-1,-1,-1,-1,-1,-1,0.212984366136141,0.212984366136141,-1,-1,-1,-1,-1,-1,-1,-1,-1,-1,-1,-1,-1,-1,-1,-1,-1,-1,-1,-1,-1,-1
10613,1,-1,-1,-1,-1,-1,-1,-1,-1,-1,-1,-1,-1,-1,-1,-1,-1,-1,-1,-1,-1,-1,0.740362689494244,-0.564271430438563,-1,-1,-1,-1,-1,-1,-1,-1,-1,-1,-1,-1,-1,-1,-1,-1,-1,-1,-1,-1,-1,-1
10611,1,-1,-1,-1,-1,-1,-1,-1,-1,-1,-1,-1,-1,-1,-1,-1,-1,-1,-1,-1,-1,-1,-0.886990201342434,-0.264158635710855,-1,-1,-1,-1,-1,-1,-1,-1,-1,-1,-1,-1,-1,-1,-1,-1,-1,-1,-1,-1,-1,-1
10596,1,-1,-1,-1,-1,-1,-1,-1,-1,-1,-1,-1,-1,-1,-1,-1,-1,-1,-1,-1,-1,-1,-0.376663833329306,-0.376663833329306,-1,-1,-1,-1,-1,-1,-1,-1,-1,-1,-1,-1,-1,-1,-1,-1,-1,-1,-1,-1,-1,-1
10429,1,-1,-1,-1,-1,-1,-1,-1,-1,-1,-1,-1,-1,-1,-1,-1,-1,-1,-1,-1,-1,-1,-1,-1,-1,-1,-1,0.0341641346854598,-0.170529091899001,0.0295695207632685,0.391033001240317,-0.0658139887747193,-1,-1,-1,-1,-1,-1,-1,-1,-1,-1,-1,-1,-1,-1
18237,1,-1,-1,-1,-1,-1,-1,-1,-1,-1,-1,-1,-1,-1,-1,-1,-1,-1,-1,-1,-1,-1,-1,-1,-1,-1,-1,-1,-1,-1,-1,-1,-1,-1,-1,0.512587525798266,0.312486322177671,0.0784446863339818,-1,-1,-1,-1,-1,-1,-1,-1
10606,1,-1,-1,-1,-1,-1,-1,-1,-1,-1,-1,-1,-1,-1,-1,-1,-1,-1,-1,-1,-1,-1,-1,-0.45184123954757,-1,-1,-1,-1,-1,-1,-1,-1,-1,-1,-1,-1,-1,-1,-1,-1,-1,-1,-1,-1,-1,-1
27145,1,-1,-1,-1,-1,-1,-1,-1,-1,-1,-1,-1,-1,-1,-1,-1,-1,-1,-1,-1,-1,-1,-1,-1,-1,-1,-1,-1,-1,-1,-1,-1,-1,-1,-1,-1,-1,-1,-1,1.63640024764444,-0.871086221965964,0.245923736923783,-0.402898705532391,-1,-1,-1
10463,1,-1,-1,-1,-1,-1,-1,-1,-1,-1,-1,-1,-1,-1,-1,-1,-1,-1,-1,-1,-1,-1,-1,-1,-1,-1,-1,-1,-1,-1,-1,0.176091259055681,-1,-1,-1,-1,-1,-1,-1,-1,-1,-1,-1,-1,-1,-1
10460,1,-1,-1,-1,-1,-1,-1,-1,-1,-1,-1,-1,-1,-1,-1,-1,-1,-1,-1,-1,-1,-1,-1,-1,-1,-1,-1,-1,-1,-1,-1,0,-1,-1,-1,-1,-1,-1,-1,-1,-1,-1,-1,-1,-1,-1
10428,1,-1,-1,-1,-1,-1,-1,-1,-1,-1,-1,-1,-1,-1,-1,-1,-1,-1,-1,-1,-1,-1,-1,-1,-1,-1,-1,-1,-1,-1,-1,0.211124884224583,0.117271295655764,0,0.0744590977070922,0.0488188549197432,0.0324520237811381,-1,-1,-1,-1,-1,-1,-1,-1,-1
8799,1,-1,-1,-1,-1,-1,-1,-1,-1,-1,-1,-1,-1,-1,-1,-1,-1,-1,-1,-1,-1,-1,-1,-1,-1,-1,-1,-1,-1,-1,-1,0.00508220253751812,0.00508220253751546,0.00508220253772551,0.00508220253845959,0.00508220253985048,0.00508220254166236,0.00508220254332281,0.00508220254425895,-1,-1,-1,-1,-1,-1,-1
8797,1,-1,-1,-1,-1,-1,-1,-1,-1,-1,-1,-1,-1,-1,-1,-1,-1,-1,-1,-1,-1,-1,-1,-1,-1,-1,-1,-1,-1,-1,-1,-0.0546806065577998,-0.0522716935144816,-0.0461284597477269,-0.0350698646287029,-0.0193959523767959,-0.00179122430296719,0.0131467480920571,0.0212469206579642,-1,-1,-1,-1,-1,-1,-1
764,1,-1,-1,-1,-1,-1,-1,-1,-1,-1,-1,-1,-1,-1,-1,-1,-1,-1,-1,-1,-1,-1,-1,-1,-1,-1,-1,-1,-1,-1,-1,-1,-1,-1,-0.838672584137832,-1,-1,-1,-1,-1,-1,-1,-1,-1,-1,-1
763,1,-1,-1,-1,-1,-1,-1,-1,-1,-1,-1,-1,-1,-1,-1,-1,-1,-1,-1,-1,-1,-1,-1,-1,-1,-1,-1,-1,-1,-1,-1,-1,-1,-1,-1.00206316056377,-0.623249290397901,-1,-1,-1,-1,-1,-1,-1,-1,-1,-1
762,1,-1,-1,-1,-1,-1,-1,-1,-1,-1,-1,-1,-1,-1,-1,-1,-1,-1,-1,-1,-1,-1,-1,-1,-1,-1,-1,-1,-1,-1,-1,-1,-1,-1,0.0680338852718276,-1.18708664335714,-1,-1,-1,-1,-1,-1,-1,-1,-1,-1
761,1,-1,-1,-1,-1,-1,-1,-1,-1,-1,-1,-1,-1,-1,-1,-1,-1,-1,-1,-1,-1,-1,-1,-1,-1,-1,-1,-1,-1,-1,-1,-1,-1,-1,0.0582527845357188,0.0582527845357184,-1,-1,-1,-1,-1,-1,-1,-1,-1,-1
760,1,-1,-1,-1,-1,-1,-1,-1,-1,-1,-1,-1,-1,-1,-1,-1,-1,-1,-1,-1,-1,-1,-1,-1,-1,-1,-1,-1,-1,-1,-1,-1,-1,-1,0.177247836255623,0,-1,-1,-1,-1,-1,-1,-1,-1,-1,-1
759,1,-1,-1,-1,-1,-1,-1,-1,-1,-1,-1,-1,-1,-1,-1,-1,-1,-1,-1,-1,-1,-1,-1,-1,-1,-1,-1,-1,-1,-1,-1,-1,-1,-1,-0.441648936557443,-0.284324302161129,-1,-1,-1,-1,-1,-1,-1,-1,-1,-1
758,1,-1,-1,-1,-1,-1,-1,-1,-1,-1,-1,-1,-1,-1,-1,-1,-1,-1,-1,-1,-1,-1,-1,-1,-1,-1,-1,-1,-1,-1,-1,-1,-1,-1,-0.865301426102544,-1,-1,-1,-1,-1,-1,-1,-1,-1,-1,-1
757,1,-1,-1,-1,-1,-1,-1,-1,-1,-1,-1,-1,-1,-1,-1,-1,-1,-1,-1,-1,-1,-1,-1,-1,-1,-1,-1,-1,-1,-1,-1,-1,-1,-1,-0.728804528799525,-0.539269161468507,-1,-1,-1,-1,-1,-1,-1,-1,-1,-1
756,1,-1,-1,-1,-1,-1,-1,-1,-1,-1,-1,-1,-1,-1,-1,-1,-1,-1,-1,-1,-1,-1,-1,-1,-1,-1,-1,-1,-1,-1,-1,-1,-1,-1,1.27705713597573,-1,-1,-1,-1,-1,-1,-1,-1,-1,-1,-1
755,1,-1,-1,-1,-1,-1,-1,-1,-1,-1,-1,-1,-1,-1,-1,-1,-1,-1,-1,-1,-1,-1,-1,-1,-1,-1,-1,-1,-1,-1,-1,-1,-1,-1,0.326349796479841,-1,-1,-1,-1,-1,-1,-1,-1,-1,-1,-1
754,1,-1,-1,-1,-1,-1,-1,-1,-1,-1,-1,-1,-1,-1,-1,-1,-1,-1,-1,-1,-1,-1,-1,-1,-1,-1,-1,-1,-1,-1,-1,-1,-1,-1,0.167491087293764,-0.645891560852599,-1,-1,-1,-1,-1,-1,-1,-1,-1,-1
753,1,-1,-1,-1,-1,-1,-1,-1,-1,-1,-1,-1,-1,-1,-1,-1,-1,-1,-1,-1,-1,-1,-1,-1,-1,-1,-1,-1,-1,-1,-1,-1,-1,-1,-1.34242268082221,0.602059991327962,-1,-1,-1,-1,-1,-1,-1,-1,-1,-1
752,1,-1,-1,-1,-1,-1,-1,-1,-1,-1,-1,-1,-1,-1,-1,-1,-1,-1,-1,-1,-1,-1,-1,-1,-1,-1,-1,-1,-1,-1,-1,-1,-1,-1,0.311249160845667,-1,-1,-1,-1,-1,-1,-1,-1,-1,-1,-1
751,1,-1,-1,-1,-1,-1,-1,-1,-1,-1,-1,-1,-1,-1,-1,-1,-1,-1,-1,-1,-1,-1,-1,-1,-1,-1,-1,-1,-1,-1,-1,-1,-1,-1,0.664552439532325,-1.28780172993023,-1,-1,-1,-1,-1,-1,-1,-1,-1,-1
27131,1,-1,-1,-1,-1,-1,-1,-1,-1,-1,-1,-1,-1,-1,-1,-1,-1,-1,-1,-1,-1,-1,-1,-1,-1,-1,-1,-1,-1,-1,-1,-1,-1,-1,-1,-1,-1,-1,-1,-1,1,0.819543935541869,-0.357145937642913,-1,-1,-1
750,1,-1,-1,-1,-1,-1,-1,-1,-1,-1,-1,-1,-1,-1,-1,-1,-1,-1,-1,-1,-1,-1,-1,-1,-1,-1,-1,-1,-1,-1,-1,-1,-1,-1,-0.857662884033283,-0.107448004447964,-1,-1,-1,-1,-1,-1,-1,-1,-1,-1
749,1,-1,-1,-1,-1,-1,-1,-1,-1,-1,-1,-1,-1,-1,-1,-1,-1,-1,-1,-1,-1,-1,-1,-1,-1,-1,-1,-1,-1,-1,-1,-1,-1,-1,0.541705602539821,-1,-1,-1,-1,-1,-1,-1,-1,-1,-1,-1
748,1,-1,-1,-1,-1,-1,-1,-1,-1,-1,-1,-1,-1,-1,-1,-1,-1,-1,-1,-1,-1,-1,-1,-1,-1,-1,-1,-1,-1,-1,-1,-1,-1,-1,-0.176091259055681,0.0413926851582251,-1,-1,-1,-1,-1,-1,-1,-1,-1,-1
747,1,-1,-1,-1,-1,-1,-1,-1,-1,-1,-1,-1,-1,-1,-1,-1,-1,-1,-1,-1,-1,-1,-1,-1,-1,-1,-1,-1,-1,-1,-1,-1,-1,-1,-0.885906865149205,-1,-1,-1,-1,-1,-1,-1,-1,-1,-1,-1
746,1,-1,-1,-1,-1,-1,-1,-1,-1,-1,-1,-1,-1,-1,-1,-1,-1,-1,-1,-1,-1,-1,-1,-1,-1,-1,-1,-1,-1,-1,-1,-1,-1,-1,-1.498741187917,-1,-1,-1,-1,-1,-1,-1,-1,-1,-1,-1
18248,1,-1,-1,-1,-1,-1,-1,-1,-1,-1,-1,-1,-1,-1,-1,-1,-1,-1,-1,-1,-1,-1,-1,-1,-1,-1,-1,-1,-1,-1,-1,-1,-1,-1,-1,0.144622279317251,0.0989315770523347,0.121827735301208,-1,-1,-1,-1,-1,-1,-1,-1
745,1,-1,-1,-1,-1,-1,-1,-1,-1,-1,-1,-1,-1,-1,-1,-1,-1,-1,-1,-1,-1,-1,-1,-1,-1,-1,-1,-1,-1,-1,-1,-1,-1,-1,0.0457574905606752,0.0457574905606752,-1,-1,-1,-1,-1,-1,-1,-1,-1,-1
744,1,-1,-1,-1,-1,-1,-1,-1,-1,-1,-1,-1,-1,-1,-1,-1,-1,-1,-1,-1,-1,-1,-1,-1,-1,-1,-1,-1,-1,-1,-1,-1,-1,-1,0.400795736267805,-1.01586640313256,-1,-1,-1,-1,-1,-1,-1,-1,-1,-1
743,1,-1,-1,-1,-1,-1,-1,-1,-1,-1,-1,-1,-1,-1,-1,-1,-1,-1,-1,-1,-1,-1,-1,-1,-1,-1,-1,-1,-1,-1,-1,-1,-1,-1,-0.0108851432850305,-1,-1,-1,-1,-1,-1,-1,-1,-1,-1,-1
742,1,-1,-1,-1,-1,-1,-1,-1,-1,-1,-1,-1,-1,-1,-1,-1,-1,-1,-1,-1,-1,-1,-1,-1,-1,-1,-1,-1,-1,-1,-1,-1,-1,-1,1.24303804868629,0,-1,-1,-1,-1,-1,-1,-1,-1,-1,-1
741,1,-1,-1,-1,-1,-1,-1,-1,-1,-1,-1,-1,-1,-1,-1,-1,-1,-1,-1,-1,-1,-1,-1,-1,-1,-1,-1,-1,-1,-1,-1,-1,-1,-1,0.888692166291301,-1.31256790905774,-1,-1,-1,-1,-1,-1,-1,-1,-1,-1
740,1,-1,-1,-1,-1,-1,-1,-1,-1,-1,-1,-1,-1,-1,-1,-1,-1,-1,-1,-1,-1,-1,-1,-1,-1,-1,-1,-1,-1,-1,-1,-1,-1,-1,-0.784400199660645,-1,-1,-1,-1,-1,-1,-1,-1,-1,-1,-1
739,1,-1,-1,-1,-1,-1,-1,-1,-1,-1,-1,-1,-1,-1,-1,-1,-1,-1,-1,-1,-1,-1,-1,-1,-1,-1,-1,-1,-1,-1,-1,-1,-1,-1,0,1.27875360095283,-1,-1,-1,-1,-1,-1,-1,-1,-1,-1
738,1,-1,-1,-1,-1,-1,-1,-1,-1,-1,-1,-1,-1,-1,-1,-1,-1,-1,-1,-1,-1,-1,-1,-1,-1,-1,-1,-1,-1,-1,-1,-1,-1,-1,-0.282546589969968,0.1249387366083,-1,-1,-1,-1,-1,-1,-1,-1,-1,-1
737,1,-1,-1,-1,-1,-1,-1,-1,-1,-1,-1,-1,-1,-1,-1,-1,-1,-1,-1,-1,-1,-1,-1,-1,-1,-1,-1,-1,-1,-1,-1,-1,-1,-1,-0.113356864058485,0.281551642268132,-1,-1,-1,-1,-1,-1,-1,-1,-1,-1
736,1,-1,-1,-1,-1,-1,-1,-1,-1,-1,-1,-1,-1,-1,-1,-1,-1,-1,-1,-1,-1,-1,-1,-1,-1,-1,-1,-1,-1,-1,-1,-1,-1,-1,0.30813033608192,-0.924749047580808,-1,-1,-1,-1,-1,-1,-1,-1,-1,-1
735,1,-1,-1,-1,-1,-1,-1,-1,-1,-1,-1,-1,-1,-1,-1,-1,-1,-1,-1,-1,-1,-1,-1,-1,-1,-1,-1,-1,-1,-1,-1,-1,-1,-1,0.45364015887014,-0.188325715472693,-1,-1,-1,-1,-1,-1,-1,-1,-1,-1
734,1,-1,-1,-1,-1,-1,-1,-1,-1,-1,-1,-1,-1,-1,-1,-1,-1,-1,-1,-1,-1,-1,-1,-1,-1,-1,-1,-1,-1,-1,-1,-1,-1,-1,-0.830802448892219,-1,-1,-1,-1,-1,-1,-1,-1,-1,-1,-1
733,1,-1,-1,-1,-1,-1,-1,-1,-1,-1,-1,-1,-1,-1,-1,-1,-1,-1,-1,-1,-1,-1,-1,-1,-1,-1,-1,-1,-1,-1,-1,-1,-1,-1,-0.0184834056940131,-1,-1,-1,-1,-1,-1,-1,-1,-1,-1,-1
18247,1,-1,-1,-1,-1,-1,-1,-1,-1,-1,-1,-1,-1,-1,-1,-1,-1,-1,-1,-1,-1,-1,-1,-1,-1,-1,-1,-1,-1,-1,-1,-1,-1,-1,-1,0.133419142592277,0.133419142592277,-0.0046364675428876,-1,-1,-1,-1,-1,-1,-1,-1
18244,1,-1,-1,-1,-1,-1,-1,-1,-1,-1,-1,-1,-1,-1,-1,-1,-1,-1,-1,-1,-1,-1,-1,-1,-1,-1,-1,-1,-1,-1,-1,-1,-1,-1,-1,-0.0321846833714012,-0.0170333392987804,0.0644579892269185,-1,-1,-1,-1,-1,-1,-1,-1
27140,1,-1,-1,-1,-1,-1,-1,-1,-1,-1,-1,-1,-1,-1,-1,-1,-1,-1,-1,-1,-1,-1,-1,-1,-1,-1,-1,-1,-1,-1,-1,-1,-1,-1,-1,-1,-1,-1,-1,-0.621488543166288,0.524578530158232,-0.465559355296094,-0.465559355296093,-1,-1,-1
27139,1,-1,-1,-1,-1,-1,-1,-1,-1,-1,-1,-1,-1,-1,-1,-1,-1,-1,-1,-1,-1,-1,-1,-1,-1,-1,-1,-1,-1,-1,-1,-1,-1,-1,-1,-1,-1,-1,-1,-0.15051499783199,-0.150514997831991,-1,-1,-1,-1,-1
19720,1,-1,-1,-1,-1,-1,-1,-1,-1,-1,-1,-1,-1,-1,-1,-1,-1,-1,-1,-1,-1,-1,-1,-1,-1,-1,-1,-1,-1,-1,-1,-1,-1,-1,-1,-1,-1,-1,-1,0.0340791755754737,0.0275405476055424,0.0140669374744611,-0.0049284380148169,-0.0259129317879265,-0.0437006119484515,-0.0534649044473416
