population_id,1970,1971,1972,1973,1974,1975,1976,1977,1978,1979,1980,1981,1982,1983,1984,1985,1986,1987,1988,1989,1990,1991,1992,1993,1994,1995,1996,1997,1998,1999,2000,2001,2002,2003,2004,2005,2006,2007,2008,2009,2010,2011,2012,2013,2014,2015,2016,2017,2018
1077,1,-0.0293541974271432,-0.0293541974271432,-0.0293541974271432,-0.0293541974271427,-0.0293541974271432,-0.0304757868183225,-0.0304757868183225,-0.0304757868183223,-0.0304757868183223,-0.0304757868183225,-0.0304757868183225,-0.0304757868183223,-0.0304757868183225,-0.0304757868183225,-0.0304757868183223,0.00816700464513187,0.00816700464513209,0.00816700464513187,0.00816700464513187,0.00816700464513209,0.00816700464513187,0.00816700464513187,0.00816700464513209,0.00816700464513187,0.00816700464513209,-1,-1,-1,-1,-1,-1,-1,-1,-1,-1,-1,-1,-1,-1,-1,-1,-1,-1,-1,-1,-1,-1,-1
8615,1,-0.0238312545054946,-0.0238312545054948,-0.0238312545054946,-0.0238312545054947,-0.0238312545054947,-0.0238312545054946,-0.0238312545054947,-0.0238312545054947,-0.0238312545054946,-0.0238312545054947,-0.0238312545054946,-0.0238312545054947,-0.0238312545054946,-0.0238312545054947,-0.0238312545054946,-0.0238312545054948,-0.0238312545054946,-0.0238312545054947,-0.0238312545054946,-0.0238312545054947,-0.0238312545054947,-0.0238312545054947,-0.0238312545054947,-0.0238312545054945,-0.0238312545054948,-0.0238312545054947,-0.0238312545054947,-0.0238312545054947,-0.0238312545054947,-0.0238312545054946,-0.0238312545054947,-0.0238312545054947,-1,-1,-1,-1,-1,-1,-1,-1,-1,-1,-1,-1,-1,-1,-1,-1
6071,1,-0.0864569680986134,-1,-1,-1,-1,-1,-1,-1,-1,-1,-1,-1,-1,-1,-1,-1,-1,-1,-1,-1,-1,-1,-1,-1,-1,-1,-1,-1,-1,-1,-1,-1,-1,-1,-1,-1,-1,-1,-1,-1,-1,-1,-1,-1,-1,-1,-1,-1
12384,1,-1,-1,-1,-1,-1,-1,-1,-1,-1,-1,-1,-1,-1,-1,-1,-1,-1,-1,-1,-1,-1,-1,-1,-1,-1,-1,-1,-1,-1,-1,-1,-1,-1,0.173000182078539,-1,-1,-1,-1,-1,-1,-1,-1,-1,-1,-1,-1,-1,-1
4343,1,-1,-1,-1,-1,-1,-1,-1,-1,-1,-1,-1,-1,-1,-1,-1,-1,-1,-1,-1,-1,-1,-1,-1,-1,-1,-1,-1,-1,-1,-1,-1,-1,-1,-1,-1,-1,-1,-1,-1,-1,-1,-1,-1,-1,-1,-1,-1,-1
4344,1,-1,-1,-1,-1,-1,-1,-1,-1,-1,-1,-1,-1,-1,-1,-1,-1,-1,-1,-1,-1,-1,-1,-1,-1,-1,-1,-1,-1,-1,-1,-1,-1,-1,-1,-1,-1,-1,-1,-1,-1,-1,-1,-1,-1,-1,-1,-1,-1
12412,1,-1,-1,-1,-1,-1,-1,-1,-1,-1,-1,-1,-1,-1,-1,-1,-1,-1,-1,-1,-1,-1,-1,-1,-1,-1,-1,-1,2.00432137378264,-2.00432137378264,-1,-1,-1,-1,-1,-1,-1,-1,-1,-1,-1,-1,-1,-1,-1,-1,-1,-1,-1
11984,1,-0.0267941602332993,-0.0267941602332993,-0.0267941602332997,-0.0267941602332993,-0.0267941602332993,-0.0267941602332993,-0.0267941602332993,-0.0267941602332997,-0.0267941602332993,-0.0267941602332993,-0.00344439795670493,-0.00344439795670493,-0.00344439795670448,-0.00344439795670493,-0.00344439795670537,-0.00344439795670448,-0.00344439795670493,-0.00344439795670493,-0.00344439795670493,-0.00344439795670493,-0.00344439795670493,-0.00344439795670493,-0.00344439795670493,-0.00344439795670493,-0.00344439795670493,-0.00344439795670493,-0.00344439795670493,-0.00344439795670493,-0.00344439795670493,-0.00344439795670493,-0.00344439795670448,-0.00344439795670493,-0.00344439795670493,-0.00344439795670493,-0.00344439795670493,0.334030255766907,0.097615609397065,-1,-1,-1,-1,-1,-1,-1,-1,-1,-1,-1
12935,1,-1,-1,0.0100343331887993,0.0100343331887993,0.0100343331887993,0.0100343331887993,0.0100343331887998,0.0100343331887993,0.0100343331887993,0.0100343331887993,0.0100343331887993,0.0100343331887993,0.0100343331887993,0.0100343331887993,0.0100343331887998,0.0100343331887993,0.0100343331887993,0.0100343331887993,0.0100343331887993,0.0100343331887993,0.0100343331887993,0.0100343331887993,0.0100343331887993,0.0100343331887998,0.0100343331887993,0.0100343331887993,0.0100343331887993,0.0100343331887993,0.0100343331887993,0.0100343331887998,0.0100343331887993,0.0100343331887993,-1,-1,-1,-1,-1,-1,-1,-1,-1,-1,-1,-1,-1,-1,-1,-1
4342,1,-1,-1,-1,-1,-1,-1,-1,-1,-1,-1,-1,-1,-1,-1,-1,0.755506292985746,0.598329001925545,0.298070381868306,-0.0608797500601053,-0.363874813454466,-0.53023470774868,-0.55301199918741,-0.495182464808522,-0.441903904643099,-1,-1,-1,-1,-1,-1,-1,-1,-1,-1,-1,-1,-1,-1,-1,-1,-1,-1,-1,-1,-1,-1,-1,-1
4341,1,-1,-1,-1,-1,-1,-1,-1,-1,-1,-1,-1,-1,-1,-1,-1,0.178114298359341,0.179278437112179,0.0363413889803893,-0.286159618034446,-0.575449604298038,-0.509393778342354,0.0423867911695071,0.830726272515584,1.37922098422842,-1,-1,-1,-1,-1,-1,-1,-1,-1,-1,-1,-1,-1,-1,-1,-1,-1,-1,-1,-1,-1,-1,-1,-1
4340,1,-1,-1,-1,-1,-1,-1,-1,-1,-1,-1,-1,-1,-1,-1,-1,0.292070927136329,0.225024673426589,0.0734590049020836,-0.125479619438064,-0.275228220696182,-0.279802450169373,-0.121558650316277,0.107343046964471,0.263905372153979,-1,-1,-1,-1,-1,-1,-1,-1,-1,-1,-1,-1,-1,-1,-1,-1,-1,-1,-1,-1,-1,-1,-1,-1
13267,1,-1,-1,-1,-1,-1,-1,-1,-1,-1,-1,-1,-1,-1,-1,-1,-1,-1,-1,-1,-1,-1,-1,-1,-1,-1,-1,-1,-1,-1,-1,-1,-1,-1,-1,-1,0.167108402981668,-1,-1,-1,-1,-1,-1,-1,-1,-1,-1,-1,-1
8577,1,0.0437469744730734,0.0441247064432195,0.0446916726394555,0.0450509341326271,0.0448753951767458,0.0441231461552354,0.0429358423111204,0.0413625703724119,0.0393069188377151,0.0368120832756276,0.0342673113858156,0.0321345547903125,0.0304529562154299,0.0287703034843902,0.026640114965832,0.0240755308930201,0.0214304821032156,0.0189688837007322,0.0167385004946023,0.0148185805402132,0.0134409169311542,0.0127444087843216,0.0125487387316383,-1,-1,-1,-1,-1,-1,-1,-1,-1,-1,-1,-1,-1,-1,-1,-1,-1,-1,-1,-1,-1,-1,-1,-1,-1
8576,1,0.0405619375146991,0.0410384964457329,0.0415504316254216,0.0414813066006001,0.0405388287238591,0.0388000868343088,0.0363812352856874,0.0332919905196869,0.0296741339168118,0.0260311143485081,0.0230380227618214,0.0210786820550553,0.0200249109825048,0.0194774383060947,0.0191484231006394,0.0189760095280214,0.0189629750963833,0.0190401531183104,0.0191111565929694,0.0191406109517436,-1,-1,-1,-1,-1,-1,-1,-1,-1,-1,-1,-1,-1,-1,-1,-1,-1,-1,-1,-1,-1,-1,-1,-1,-1,-1,-1,-1
3593,1,0.0401678613460383,0.0421889401762545,0.0448902616657669,0.0464326677884781,0.0460399950993713,0.0440120510187008,0.0405910512789349,0.035520570137642,0.0288961847701277,0.0220073984812439,0.0167721894423218,0.0141796108450745,0.013533292418213,-1,-1,-1,-1,-1,-1,-1,-1,-1,-1,-1,-1,-1,-1,-1,-1,-1,-1,-1,-1,-1,-1,-1,-1,-1,-1,-1,-1,-1,-1,-1,-1,-1,-1,-1
9409,1,-1,-1,-0.157607853361668,0.176091259055681,-0.0184834056940131,0.115393418702069,-1,-1,-1,-1,-1,-1,-1,-1,-1,-1,-1,-1,-1,-1,-1,-1,-1,-1,-1,-1,-1,-1,-1,-1,-1,-1,-1,-1,-1,-1,-1,-1,-1,-1,-1,-1,-1,-1,-1,-1,-1,-1
8575,1,-1,-1,-1,-1,-1,-1,-1,-1,-1,-1,-1,-1,-1,-1,0.0497889039609332,0.0464704661978808,0.0384822281616273,0.0259739525188492,0.0114068886635634,-0.00155354555120191,-0.0101089205357807,-0.0138865658920864,-0.0147303508199501,-1,-1,-1,-1,-1,-1,-1,-1,-1,-1,-1,-1,-1,-1,-1,-1,-1,-1,-1,-1,-1,-1,-1,-1,-1
6324,1,-0.00342000923875174,-0.00342000923862962,-0.00342000923854568,-0.00342000923807073,-0.00342000923597796,-0.00342000923149821,-0.00342000922565,-0.0034200092207064,-0.00342000921813845,-0.00342000921748187,-1,-1,-1,-1,-1,-1,-1,-1,-1,-1,-1,-1,-1,-1,-1,-1,-1,-1,-1,-1,-1,-1,-1,-1,-1,-1,-1,-1,-1,-1,-1,-1,-1,-1,-1,-1,-1,-1
12279,1,-1,-1,-1,-1,-1,-1,-1,-1,-1,-1,-1,-1,-1,-1,-1,-1,-1,-1,-1,-1,-1,-1,-1,-1,-1,-0.101813038189679,-0.101813038189679,-0.101813038189679,0.373012140042698,0.0798065801828837,0.117851271359673,-0.0658894683977133,-1,-1,-1,-1,-1,-1,-1,-1,-1,-1,-1,-1,-1,-1,-1,-1
12388,1,-1,-1,-1,-1,-1,-1,-1,-1,-1,-1,-1,-1,-1,-1,-1,-1,-1,-1,-1,-1,-1,-1,-1,-1,-1,-1,-1,-1,0.0347621062592118,0.0901766303490881,0.287241711178348,0.0401172232079825,-1,-1,-1,-1,-1,-1,-1,-1,-1,-1,-1,-1,-1,-1,-1,-1
6072,1,-0.223748345786079,-1,-1,-1,-1,-1,-1,-1,-1,-1,-1,-1,-1,-1,-1,-1,-1,-1,-1,-1,-1,-1,-1,-1,-1,-1,-1,-1,-1,-1,-1,-1,-1,-1,-1,-1,-1,-1,-1,-1,-1,-1,-1,-1,-1,-1,-1,-1
12386,1,-1,-1,-1,-1,-1,-1,-1,-1,-1,-1,-1,-1,-1,-1,-1,-1,-1,-1,-1,-1,-1,-1,-1,-1,-1,-1,-1,-1,-1,-1,-1,-1,-1,-0.222443266453761,-1,-1,-1,-1,-1,-1,-1,-1,-1,-1,-1,-1,-1,-1
4565,1,-1,0.765376962347215,-1,-1,-1,-1,-1,-1,-1,-1,-1,-1,-1,-1,-1,-1,-1,-1,-1,-1,-1,-1,-1,-1,-1,-1,-1,-1,-1,-1,-1,-1,-1,-1,-1,-1,-1,-1,-1,-1,-1,-1,-1,-1,-1,-1,-1,-1
4833,1,-1,-1,-1,-1,-1,-1,-1,-1,-1,-1,-1,-1,-1,-1,-0.00876989986896759,-0.00729716318674428,-0.00355199332829562,0.00199614288002806,0.00694875013164903,0.00854645488304007,0.00598883335176809,0.00111949938703598,-0.00319465177031292,-0.00525995471112156,-0.00530083176689156,-0.00449890359549043,-0.00362603203003845,-0.0024881927237837,-0.000376720673799985,0.00302155047927946,0.007002159180826,0.0100993285121401,0.0111994598977939,0.0105792220172489,0.00968053206101638,-1,-1,-1,-1,-1,-1,-1,-1,-1,-1,-1,-1,-1
965,1,-1,-1,-1,-1,-1,-1,-1,-1,-1,-1,-1,-1,-1,-1,-1,-1,-0.439332693830263,0.106455330914287,-1,-1,-1,-1,-1,-1,-1,-1,-1,-1,-1,-1,-1,-1,-1,-1,-1,-1,-1,-1,-1,-1,-1,-1,-1,-1,-1,-1,-1,-1
964,1,-1,-1,-1,-1,-1,-1,-1,-1,-1,-1,-1,-1,-1,-1,-1,-1,-0.0217192496932364,0.434241258238271,-1,-1,-1,-1,-1,-1,-1,-1,-1,-1,-1,-1,-1,-1,-1,-1,-1,-1,-1,-1,-1,-1,-1,-1,-1,-1,-1,-1,-1,-1
966,1,-1,-1,-1,-1,-1,-1,-1,-1,-1,-1,-1,-1,-1,-1,-1,-1,-1,-1,-1,-1,-1,-0.698970004336019,0.301029995663981,0.903089986991944,-0.726998727936262,-1,-1,-1,-1,-1,-1,-1,-1,-1,-1,-1,-1,-1,-1,-1,-1,-1,-1,-1,-1,-1,-1,-1
17997,1,-1,-1,-1,-1,-1,-1,-1,-1,-1,-1,-1,-1,-1,-1,-1,-1,-1,-1,-1,-1,-1,-1,-1,-1,0.0224977240888511,0.0224977240890851,0.0224977240895263,0.0224977240900683,0.0224977240906501,0.0224977240911108,0.0224977240913333,0.0224977240913244,0.0224977240911839,0.0224977240910473,0.0224977240909976,0.0224977240910289,0.0224977240910731,-1,-1,-1,-1,-1,-1,-1,-1,-1,-1,-1
4467,1,-1,-1,-1,-1,-1,-1,-1,-1,-1,-1,-1,-1,-1,-1,-1,-1,-1,-1,-1,-1,-1,-1,-1,-1,-1,-1,-1,-0.133303839860953,-0.119102792009786,-0.0688523460295212,0.00991583332564322,0.0622856378863261,0.0220400992223677,-0.127059577186122,-0.319531832441527,-0.447983961098739,-1,-1,-1,-1,-1,-1,-1,-1,-1,-1,-1,-1
4464,1,-1,-1,-1,-1,-1,-1,-1,-1,-1,-1,-1,-1,-1,-1,-1,-1,-1,-1,-1,-1,-1,-1,-1,-1,-1,-1,-1,-1,0.753482938194732,0.0623651936787808,0.622252606287375,0.622252606287375,-0.659886218070863,0.485886429704943,-2.30663944102426,-1,-1,-1,-1,-1,-1,-1,-1,-1,-1,-1,-1,-1
4470,1,-1,-1,-1,-1,-1,-1,-1,-1,-1,-1,-1,-1,-1,-1,-1,-1,-1,-1,-1,-1,-1,-1,-1,-1,-1,-1,-1,-1,-1,0.650810481082861,-0.96155121906131,0.30177079021859,0.613784447083963,-2.33128580289014,1.33625264754631,-1,-1,-1,-1,-1,-1,-1,-1,-1,-1,-1,-1,-1
4454,1,-1,-1,-1,-1,-1,-1,-1,-1,-1,-1,-1,-1,-1,-1,-1,-1,-1,-1,-1,-1,-1,-1,-1,-1,-1,-1,-1,-1,-1,0.287241711178348,-0.246011342391887,-0.246011342391887,-0.246011342391887,0.149762320333332,-0.149762320333332,0.048304679574555,-1,-1,-1,-1,-1,-1,-1,-1,-1,-1,-1,-1
12934,1,-1,-1,-0.0244131253274322,-0.0244131253274322,-0.0244131253274322,-0.0244131253274322,-0.0244131253274325,-0.0244131253274322,-0.0244131253274322,-0.0244131253274322,-0.0244131253274325,-0.0244131253274322,-0.0244131253274322,-0.0244131253274325,-0.0244131253274322,-0.0244131253274322,-0.0244131253274322,-0.0244131253274322,-0.0244131253274325,-0.0244131253274322,-0.0244131253274322,-0.0244131253274322,-0.0244131253274322,-0.0244131253274325,-0.0244131253274322,-0.0244131253274325,-0.0244131253274322,-0.0244131253274322,-0.0244131253274322,-0.0244131253274325,-0.0244131253274322,-0.0244131253274322,-1,-1,-1,-1,-1,-1,-1,-1,-1,-1,-1,-1,-1,-1,-1,-1
4539,1,-1,-1,-1,-1,-1,-1,-1,-1,-1,-1,-1,-1,-1,-1,-1,-1,-1,0.0547545709871659,0.054170387443976,0.0535352885653521,0.0533780859284592,0.0534228224189026,0.0526911800858614,0.0503913675456777,0.0465510176627149,0.0418160646771284,0.0368335718083306,0.0319203652628606,0.0271606679263079,0.0225636629595303,0.0181832205001018,0.0142529424643878,0.0108916452451875,0.00809467546780862,0.00590568043391726,0.00441686632392746,0.00361193199020438,0.0033476792032423,0.00353218065971683,0.00419990007125759,0.00532133295159554,0.00662624306875204,0.00775020002324922,0.00854146644261311,0.00910659220310994,0.00954885759168556,0.00980837510142618,-1
12933,1,-1,-1,-0.00801830827608663,-0.00801830827608674,-0.00801830827608663,-0.00801830827608663,-0.00801830827608674,-0.00801830827608663,-0.00801830827608663,-0.00801830827608663,-0.00801830827608663,-0.00801830827608674,-0.00801830827608663,-0.00801830827608674,-0.00801830827608652,-0.00801830827608674,-0.00801830827608663,-0.00801830827608663,-0.00801830827608674,-0.00801830827608663,-0.00801830827608663,-0.00801830827608674,-0.00801830827608652,-0.00801830827608674,-0.00801830827608663,-0.00801830827608663,-0.00801830827608663,-0.00801830827608674,-0.00801830827608663,-0.00801830827608663,-0.00801830827608674,-1,-1,-1,-1,-1,-1,-1,-1,-1,-1,-1,-1,-1,-1,-1,-1,-1
4546,1,-1,-1,-1,-1,-1,-1,-0.0326980117636668,-0.0185186896771379,0.0133256318096586,0.0501914814580069,0.066477959626444,0.0489039664303093,0.0142513106082842,-0.00597098754388625,-0.00127262891436075,0.00363240070613102,-0.0225709353096506,-0.076871538089514,-0.120214895449297,-1,-1,-1,-1,-1,-1,-1,-1,-1,-1,-1,-1,-1,-1,-1,-1,-1,-1,-1,-1,-1,-1,-1,-1,-1,-1,-1,-1,-1
4533,1,-1,-1,-1,-1,-1,-1,-0.0506312962233062,-0.0532192758649688,-0.0493035129747477,-0.0324703657095038,-0.00890263137733771,0.00706899372118253,0.00622791274733303,-0.00869223410900077,-0.0289034113145421,-0.0491860238549973,-0.0693997306021596,-0.0881502749234258,-0.0997588088042616,-1,-1,-1,-1,-1,-1,-1,-1,-1,-1,-1,-1,-1,-1,-1,-1,-1,-1,-1,-1,-1,-1,-1,-1,-1,-1,-1,-1,-1
4532,1,-1,-1,-1,-1,-1,-1,-1,0.00644463111259252,0.0195506796050426,0.0307827603017501,0.0253016118705762,0.00849857451403846,-0.000507380199553431,0.00462115051977574,0.00603015608899349,-0.0174022124258335,-0.0608416120139756,-0.0942313739907399,-1,-1,-1,-1,-1,-1,-1,-1,-1,-1,-1,-1,-1,-1,-1,-1,-1,-1,-1,-1,-1,-1,-1,-1,-1,-1,-1,-1,-1,-1
4536,1,-1,-1,-1,-1,-1,-1,-1,-1,0.152610163206159,0.0174300351437799,0.0174300351437802,0.0174300351437799,0.0174300351437799,0.0174300351437802,-0.0561159419789314,0.0144818479676583,0.0144818479676583,-0.345233658156035,-0.146128035678238,-1,-1,-1,-1,-1,-1,-1,-1,-1,-1,-1,-1,-1,-1,-1,-1,-1,-1,-1,-1,-1,-1,-1,-1,-1,-1,-1,-1,-1
21326,1,-1,-1,-1,-1,-1,-1,-1,-1,-1,-1,0.0445281053200648,0.0293990721338182,0.00794428684163218,-0.00508041099286816,-0.0083086072571168,-0.0195825506463336,-0.04945933373808,-0.074868786241628,-0.060639943487842,-0.0113057483775496,0.0227259449759836,0.00642385651352084,-0.0322780994024809,-0.0403720855677168,-0.0121681192296361,0.00810245053091441,-0.00555653573965076,-0.0254315991547944,-0.0164228499663122,0.0117937659100922,0.0240906842421755,0.0127313639433295,0.000886218494914326,0.00110257455438822,0.00112529127395788,-0.00636477525652124,-0.00806193186647897,0.00495299182971665,0.018747829768621,0.0184153022465159,0.011754402223946,0.0139072254531702,0.0215739500291923,-1,-1,-1,-1,-1
4534,1,-1,-1,-1,-1,-1,-1,-1,-1,-1,-1,-1,-1,-1,-0.0669467896306133,-0.410174465089049,0,-0.146128035678238,-0.0969100130080565,0.176091259055681,-1,-1,-1,-1,-1,-1,-1,-1,-1,-1,-1,-1,-1,-1,-1,-1,-1,-1,-1,-1,-1,-1,-1,-1,-1,-1,-1,-1,-1
4535,1,-1,-1,-1,-1,-1,-1,-1,-1,-1,-1,-1,-1,-1,-1,-1,-1,-1,-0.138302698166281,-0.1249387366083,-1,-1,-1,-1,-1,-1,-1,-1,-1,-1,-1,-1,-1,-1,-1,-1,-1,-1,-1,-1,-1,-1,-1,-1,-1,-1,-1,-1,-1
8618,1,-1,-1,-1,-1,-1,-1,-1,-1,-1,-1,-1,-1,-1,-1,-1,-1,-1,-1,0.0652832804441985,0.0653619218647166,0.0656097009058088,0.0661794188450084,0.0672504999264054,0.0689261883340289,0.0711234429901442,0.0735771929619198,0.0759811161644313,0.0781413698821856,0.0800045084853251,0.0815617684834637,0.0827639759783367,0.0835494682362294,0.0839374430697317,0.0840582535754693,-1,-1,-1,-1,-1,-1,-1,-1,-1,-1,-1,-1,-1,-1
12501,1,-1,-1,0.00323033376693527,0.00323033376693482,0.00323033376693527,0.00323033376693527,0.00323033376693527,0.00323033376693527,0.00323033376693527,0.00323033376693527,0.00323033376693527,0.00323033376693527,0.00323033376693482,0.00323033376693527,0.00323033376693527,0.00323033376693527,0.00323033376693527,0.00323033376693527,0.00323033376693527,0.00323033376693527,0.00323033376693482,0.00323033376693571,0.00323033376693482,0.00323033376693527,0.00323033376693527,0.00323033376693527,0.00323033376693527,0.00323033376693527,0.00323033376693527,0.00323033376693482,0.00323033376693527,0.00323033376693527,-1,-1,-1,-1,-1,-1,-1,-1,-1,-1,-1,-1,-1,-1,-1,-1
12488,1,-1,-1,-1,-1,-1,-1,-1,-1,-1,-1,-1,-1,-1,-1,-1,-1,-1,-1,-1,-1,-1,-0.45484486000851,0.916453948549925,0.0329360580949878,-1,-1,-1,-1,-1,-1,-1,-1,-1,-1,-1,-1,-1,-1,-1,-1,-1,-1,-1,-1,-1,-1,-1,-1
17740,1,-1,-1,-1,-1,-1,-1,-1,-1,-1,-1,-1,-1,-1,-1,-1,-1,-1,-1,-1,-1,-1,-1,-1,-1,-1,-1,-1,-1,-1,-1,0.367976785294594,-0.243038048686294,1.19728055812562,-0.155887872967394,0.0193051551953867,-1,-1,-1,-1,-1,-1,-1,-1,-1,-1,-1,-1,-1
12500,1,-1,-1,-0.0042655063746162,-0.00426550637461631,-0.0042655063746162,-0.0042655063746162,-0.00426550637461631,-0.00426550637461631,-0.00426550637461631,-0.0042655063746162,-0.0042655063746162,-0.00426550637461631,-0.00426550637461631,-0.0042655063746162,-0.00426550637461631,-0.0042655063746162,-0.0042655063746162,-0.00426550637461631,-0.00426550637461631,-0.0042655063746162,-0.00426550637461631,-0.0042655063746162,-0.00426550637461631,-0.0042655063746162,-0.00426550637461631,-0.0042655063746162,-0.00426550637461631,-0.00426550637461631,-0.0042655063746162,-0.0042655063746162,-0.00426550637461631,-0.00426550637461631,-1,-1,-1,-1,-1,-1,-1,-1,-1,-1,-1,-1,-1,-1,-1,-1
8966,1,-1,-1,-1,-1,-1,-1,-1,-1,-1,-1,-1,-1,-1,-1,-1,-1,-1,-1,-1,-1,-1,-1,-0.0346502463783405,-0.0346502463788192,-0.0346502463795821,-0.0346502463803287,-0.0346502463809615,-0.0346502463816356,-0.0346502463824998,-0.0346502463834937,-0.0346502463843774,-0.0346502463849516,-0.0346502463851954,-1,-1,-1,-1,-1,-1,-1,-1,-1,-1,-1,-1,-1,-1,-1
9103,1,-1,-1,-1,-1,-1,-1,-1,-1,-1,-1,-1,-1,-1,-1,-1,-1,-1,-1,-1,-1,-1,-1,-1,-1,-1,-1,-1,-1,-1,-1,-1,0.0352323764534066,-0.0669467896306132,-1,-1,-1,-1,-1,-1,-1,-1,-1,-1,-1,-1,-1,-1,-1
22782,1,-1,-1,-1,-1,-1,-1,-1,-1,-1,-1,-1,-1,-1,-1,-1,-1,-1,-1,-1,-1,-1,-1,-1,-1,-1,-1,-1,-1,-1,-1,-1,-1,-1,-1,-1,-1,-1,-1,-1,-1,-1,-1,-0.450469059948222,0.234083206033368,-1,-1,-1,-1
22781,1,-1,-1,-1,-1,-1,-1,-1,-1,-1,-1,-1,-1,-1,-1,-1,-1,-1,-1,-1,-1,-1,-1,-1,-1,-1,-1,-1,-1,-1,-1,-1,-1,-1,-1,-1,-1,-1,-1,-1,-1,-1,-1,-0.407485326578268,-1,-1,-1,-1,-1
22780,1,-1,-1,-1,-1,-1,-1,-1,-1,-1,-1,-1,-1,-1,-1,-1,-1,-1,-1,-1,-1,-1,-1,-1,-1,-1,-1,-1,-1,-1,-1,-1,-1,-1,-1,-1,-1,-1,-1,-1,-1,-1,-1,-0.375663613960885,0.339948061694351,-1,-1,-1,-1
22779,1,-1,-1,-1,-1,-1,-1,-1,-1,-1,-1,-1,-1,-1,-1,-1,-1,-1,-1,-1,-1,-1,-1,-1,-1,-1,-1,-1,-1,-1,-1,-1,-1,-1,-1,-1,-1,-1,-1,-1,-1,-1,-1,-0.765916793966632,0.619788758288394,-1,-1,-1,-1
22778,1,-1,-1,-1,-1,-1,-1,-1,-1,-1,-1,-1,-1,-1,-1,-1,-1,-1,-1,-1,-1,-1,-1,-1,-1,-1,-1,-1,-1,-1,-1,-1,-1,-1,-1,-1,-1,-1,-1,-1,-1,-1,-1,-0.477121254719662,0,-1,-1,-1,-1
22777,1,-1,-1,-1,-1,-1,-1,-1,-1,-1,-1,-1,-1,-1,-1,-1,-1,-1,-1,-1,-1,-1,-1,-1,-1,-1,-1,-1,-1,-1,-1,-1,-1,-1,-1,-1,-1,-1,-1,-1,-1,-1,-1,-0.653212513775344,0.698970004336019,-1,-1,-1,-1
22776,1,-1,-1,-1,-1,-1,-1,-1,-1,-1,-1,-1,-1,-1,-1,-1,-1,-1,-1,-1,-1,-1,-1,-1,-1,-1,-1,-1,-1,-1,-1,-1,-1,-1,-1,-1,-1,-1,-1,-1,-1,-1,-1,-0.929418925714293,0.929418925714293,-1,-1,-1,-1
6302,1,-1,-1,-1,-1,-0.149965811844356,0.0469190170136833,-1,-1,-1,-1,-1,-1,-1,-1,-1,-1,-1,-1,-1,-1,-1,-1,-1,-1,-1,-1,-1,-1,-1,-1,-1,-1,-1,-1,-1,-1,-1,-1,-1,-1,-1,-1,-1,-1,-1,-1,-1,-1
6301,1,-1,-1,-1,-1,-0.103377613434889,-0.0954889427209888,-1,-1,-1,-1,-1,-1,-1,-1,-1,-1,-1,-1,-1,-1,-1,-1,-1,-1,-1,-1,-1,-1,-1,-1,-1,-1,-1,-1,-1,-1,-1,-1,-1,-1,-1,-1,-1,-1,-1,-1,-1,-1
6300,1,-1,-1,-1,-1,0.619788758288394,0.24551266781415,-1,-1,-1,-1,-1,-1,-1,-1,-1,-1,-1,-1,-1,-1,-1,-1,-1,-1,-1,-1,-1,-1,-1,-1,-1,-1,-1,-1,-1,-1,-1,-1,-1,-1,-1,-1,-1,-1,-1,-1,-1,-1
6299,1,-1,-1,-1,-1,0.112704280191288,-0.0969100130080565,-1,-1,-1,-1,-1,-1,-1,-1,-1,-1,-1,-1,-1,-1,-1,-1,-1,-1,-1,-1,-1,-1,-1,-1,-1,-1,-1,-1,-1,-1,-1,-1,-1,-1,-1,-1,-1,-1,-1,-1,-1,-1
6298,1,-1,-1,-1,-1,0.045279981461549,0.0925886392254136,-1,-1,-1,-1,-1,-1,-1,-1,-1,-1,-1,-1,-1,-1,-1,-1,-1,-1,-1,-1,-1,-1,-1,-1,-1,-1,-1,-1,-1,-1,-1,-1,-1,-1,-1,-1,-1,-1,-1,-1,-1,-1
6297,1,-1,-1,-1,-1,0.0812444066113982,-0.122885330977241,-1,-1,-1,-1,-1,-1,-1,-1,-1,-1,-1,-1,-1,-1,-1,-1,-1,-1,-1,-1,-1,-1,-1,-1,-1,-1,-1,-1,-1,-1,-1,-1,-1,-1,-1,-1,-1,-1,-1,-1,-1,-1
954,1,-1,-1,-1,-1,-1,-1,-1,-1,-1,0.239406534412288,0.223033424411232,0.193167716411446,0.157744891725869,0.122652352125383,0.0869715619775193,0.045630783504838,-0.00352111791995169,-0.0548047631185713,-0.0968913304819794,-0.120772513886909,-0.126659988577168,-0.123486191223407,-0.121331328780125,-0.123759427081432,-0.127183521816488,-1,-1,-1,-1,-1,-1,-1,-1,-1,-1,-1,-1,-1,-1,-1,-1,-1,-1,-1,-1,-1,-1,-1
953,1,-1,-1,-1,-1,-1,-1,-1,-1,-1,-1,-1,-1,-1,-1,-1,-1,-1,-1,-1,-1,-1,0.0347621062592118,-0.210853365314893,0.0511525224473813,-0.109144469425068,-1,-1,-1,-1,-1,-1,-1,-1,-1,-1,-1,-1,-1,-1,-1,-1,-1,-1,-1,-1,-1,-1,-1
12247,1,-1,-1,-1,-1,-1,-1,-1,-1,-1,-1,-1,-1,-1,-1,-1,-1,-1,-1,-1,-1,-1,-1,-1,-1,-1,-0.655379045344397,-1,-1,-1,-1,-1,-1,-1,-1,-1,-1,-1,-1,-1,-1,-1,-1,-1,-1,-1,-1,-1,-1
979,1,-1,-1,-1,-1,-0.766711877573482,0.827107229262273,-2.33301521230038,1.29299861980773,0.411918882016352,-1,-1,-1,-1,-1,-1,-1,-1,-1,-1,-1,-1,-1,-1,-1,-1,-1,-1,-1,-1,-1,-1,-1,-1,-1,-1,-1,-1,-1,-1,-1,-1,-1,-1,-1,-1,-1,-1,-1
984,1,-1,-1,-1,-1,-1,-0.0634160785762896,-0.0634160785747975,-0.0634160785722173,-0.0634160785694444,-0.0634160785672657,-0.0634160785659739,-0.0634160785654463,-1,-1,-1,-1,-1,-1,-1,-1,-1,-1,-1,-1,-1,-1,-1,-1,-1,-1,-1,-1,-1,-1,-1,-1,-1,-1,-1,-1,-1,-1,-1,-1,-1,-1,-1,-1
983,1,-1,-1,-1,-1,-1,-0.141215876879462,-0.13339970651433,-0.118274710918618,-0.098672617083374,-0.078778670282315,-0.0630206936602529,-0.0547312383390912,-1,-1,-1,-1,-1,-1,-1,-1,-1,-1,-1,-1,-1,-1,-1,-1,-1,-1,-1,-1,-1,-1,-1,-1,-1,-1,-1,-1,-1,-1,-1,-1,-1,-1,-1,-1
982,1,-1,-1,-1,-1,-1,-0.128959909057117,-0.128959909057034,-0.12895990905704,-0.128959909057363,-0.12895990905804,-0.128959909058815,-0.128959909059306,-1,-1,-1,-1,-1,-1,-1,-1,-1,-1,-1,-1,-1,-1,-1,-1,-1,-1,-1,-1,-1,-1,-1,-1,-1,-1,-1,-1,-1,-1,-1,-1,-1,-1,-1,-1
981,1,-1,-1,-1,-1,-1,-0.152717805214561,-0.152717805214561,-0.152717805214561,1.17460394773251,-0.496155610541098,-0.792391689498254,0.575957188763757,-1,-1,-1,-1,-1,-1,-1,-1,-1,-1,-1,-1,-1,-1,-1,-1,-1,-1,-1,-1,-1,-1,-1,-1,-1,-1,-1,-1,-1,-1,-1,-1,-1,-1,-1,-1
980,1,-1,-1,-1,-1,-1,-1,-0.0210750260836443,-0.629289644818873,0.651506049961327,-0.0368569313253437,-0.391779699967219,0.0352323764534068,-1,-1,-1,-1,-1,-1,-1,-1,-1,-1,-1,-1,-1,-1,-1,-1,-1,-1,-1,-1,-1,-1,-1,-1,-1,-1,-1,-1,-1,-1,-1,-1,-1,-1,-1,-1
978,1,-1,-1,-1,-1,-1,-1,-1,-0.903089986991944,0.176091259055681,-0.176091259055681,0.0791812460476247,-0.0377885608893997,-1,-1,-1,-1,-1,-1,-1,-1,-1,-1,-1,-1,-1,-1,-1,-1,-1,-1,-1,-1,-1,-1,-1,-1,-1,-1,-1,-1,-1,-1,-1,-1,-1,-1,-1,-1
977,1,-1,-1,-1,-1,-1,-1,-1,-0.748188027006201,0.301029995663981,0.204119982655925,0.193820026016112,-0.193820026016112,-1,-1,-1,-1,-1,-1,-1,-1,-1,-1,-1,-1,-1,-1,-1,-1,-1,-1,-1,-1,-1,-1,-1,-1,-1,-1,-1,-1,-1,-1,-1,-1,-1,-1,-1,-1
4834,1,-1,-1,-1,-1,-1,-1,-1,-1,-1,-1,-1,-1,-1,-1,-0.00770175647106938,-0.00986068701641643,-0.0127526670622851,-0.0128052377235308,-0.00676031837841298,0.00478222044531657,0.0170577748756003,0.0249056508174043,0.0261258894468303,0.0207835206492988,0.00921435608503823,-0.00665108525522756,-0.0204523900572811,-0.0235932277540515,-0.0130343492309183,0.00409757114225112,0.0161350383622125,0.0173795168588196,0.0116913364288611,0.00615877911380125,0.00384427596943904,-1,-1,-1,-1,-1,-1,-1,-1,-1,-1,-1,-1,-1
8789,1,-1,-1,-1,-1,-1,-1,-1,-1,-1,-1,-1,-1,-1,-1,-1,0.000642443315468366,0.000642443315463037,0.000642443315464369,0.000642443315488794,0.00064244331554697,0.000642443315674424,0.000642443315914232,0.000642443316294816,0.000642443316798413,0.000642443317345531,0.000642443317838914,0.000642443318207953,0.00064244331845309,0.00064244331861385,0.000642443318727981,0.000642443318807473,0.00064244331883323,0.00064244331881147,0.000642443318770169,0.000642443318738639,-1,-1,-1,-1,-1,-1,-1,-1,-1,-1,-1,-1,-1
12314,1,-1,-1,-1,-1,-1,-1,-1,-1,-1,-1,-1,-1,-1,-1,-1,-1,-1,-1,-1,-1,-1,-1,-1,-1,-1,-0.025744239540169,-0.0279038799180997,-0.0307577502627798,-0.0315829908632612,-0.028092864545866,-0.0193948187214661,-0.00610274888650131,0.00941224664886597,0.0230091665999028,0.0305448839871922,-1,-1,-1,-1,-1,-1,-1,-1,-1,-1,-1,-1,-1
12312,1,-1,-1,-1,-1,-1,-1,-1,-1,-1,-1,-1,-1,-1,-1,-1,-1,-1,-1,-1,-1,-1,-1,-1,-1,-1,-0.0792919084209853,0.0781840137336762,-0.169485892457155,0.0516984615285803,-0.190513601620869,0.151731913196237,0.0268979161920393,0.0268979161920393,-0.0397093711054737,-1,-1,-1,-1,-1,-1,-1,-1,-1,-1,-1,-1,-1,-1
12311,1,-1,-1,-1,-1,-1,-1,-1,-1,-1,-1,-1,-1,-1,-1,-1,-1,-1,-1,-1,-1,-1,-1,-1,-1,-1,-0.00290491072646382,-0.0313625084188789,-0.0652376976833515,-0.0732515946947685,-0.0448203637714071,0.00228120181075497,0.0398552494847377,0.0517039793205907,0.0411452868661495,0.0227690413909067,0.0104124169885131,-1,-1,-1,-1,-1,-1,-1,-1,-1,-1,-1,-1
4531,1,-1,-1,-1,-1,-1,-1,-1,-1,-1,-1,-1,-1,-1,-1,-1,-1,-1,-1,-1,-1,-1,-1,-1,-1,-1,0.00369247990071053,0.00369247989990718,0.00369247989892862,0.00369247989873434,0.00369247989973243,0.00369247990133981,0.00369247990247068,-1,-1,-1,-1,-1,-1,-1,-1,-1,-1,-1,-1,-1,-1,-1,-1
4391,1,-1,-1,-1,-1,-1,-1,-1,-1,-1,-1,-1,-1,-1,-1,-1,-1,-1,-1,-1,-1,-1,-1,-1,-1,-1,0.318758762624413,-0.0268721464003013,-0.672097857935718,0.778151250383644,-1,-1,-1,-1,-1,-1,-1,-1,-1,-1,-1,-1,-1,-1,-1,-1,-1,-1,-1
4390,1,-1,-1,-1,-1,-1,-1,-1,-1,-1,-1,-1,-1,-1,-1,-1,-1,-1,-1,-1,-1,-1,-1,-1,-1,-1,0.477121254719662,-0.644612342013426,-0.0543576623225927,0.845098040014257,-1,-1,-1,-1,-1,-1,-1,-1,-1,-1,-1,-1,-1,-1,-1,-1,-1,-1,-1
4389,1,-1,-1,-1,-1,-1,-1,-1,-1,-1,-1,-1,-1,-1,-1,-1,-1,-1,-1,-1,-1,-1,-1,-1,-1,-1,1.34373673472004,-1.13961675206411,-0.149762320333332,-1,-1,-1,-1,-1,-1,-1,-1,-1,-1,-1,-1,-1,-1,-1,-1,-1,-1,-1,-1
4388,1,-1,-1,-1,-1,-1,-1,-1,-1,-1,-1,-1,-1,-1,-1,-1,-1,-1,-1,-1,-1,-1,-1,-1,-1,-1,0.835056101720116,-1.23299611039215,0.176091259055681,-1,-1,-1,-1,-1,-1,-1,-1,-1,-1,-1,-1,-1,-1,-1,-1,-1,-1,-1,-1
4387,1,-1,-1,-1,-1,-1,-1,-1,-1,-1,-1,-1,-1,-1,-1,-1,-1,-1,-1,-1,-1,-1,-1,-1,-1,-1,0.352182518111363,0.2498774732166,-0.425968732272281,-1,-1,-1,-1,-1,-1,-1,-1,-1,-1,-1,-1,-1,-1,-1,-1,-1,-1,-1,-1
4393,1,-1,-1,-1,-1,-1,-1,-1,-1,-1,-1,-1,-1,-1,-1,-1,-1,-1,-1,-1,-1,-1,-1,-1,-1,-1,-1,-0.306938855274502,-0.465382851448418,-1,-1,-1,-1,-1,-1,-1,-1,-1,-1,-1,-1,-1,-1,-1,-1,-1,-1,-1,-1
4392,1,-1,-1,-1,-1,-1,-1,-1,-1,-1,-1,-1,-1,-1,-1,-1,-1,-1,-1,-1,-1,-1,-1,-1,-1,-1,-1,-0.301029995663981,-0.142667503568732,-1,-1,-1,-1,-1,-1,-1,-1,-1,-1,-1,-1,-1,-1,-1,-1,-1,-1,-1,-1
4469,1,-1,-1,-1,-1,-1,-1,-1,-1,-1,-1,-1,-1,-1,-1,-1,-1,-1,-1,-1,-1,-1,-1,-1,-1,-1,-1,-1,0.0294507816423897,0.0294507816434293,0.0294507816452614,0.0294507816472349,0.0294507816487115,0.0294507816494223,0.0294507816495122,0.0294507816493388,0.0294507816491991,-1,-1,-1,-1,-1,-1,-1,-1,-1,-1,-1,-1
12414,1,-1,-1,-1,-1,-1,-1,-1,-1,-1,-1,-1,-1,-1,-1,-1,-1,-1,-1,-1,-1,-1,-1,-1,-1,-1,-1,-1,-1,0.57139117156151,-1,-1,-1,-1,-1,-1,-1,-1,-1,-1,-1,-1,-1,-1,-1,-1,-1,-1,-1
4466,1,-1,-1,-1,-1,-1,-1,-1,-1,-1,-1,-1,-1,-1,-1,-1,-1,-1,-1,-1,-1,-1,-1,-1,-1,-1,-1,-1,-1,0.914519448772725,-0.616394443752151,0.474514804930276,0.474514804930276,0.479844113055136,-0.0539163538931169,-1.15020362876281,-1,-1,-1,-1,-1,-1,-1,-1,-1,-1,-1,-1,-1
4472,1,-1,-1,-1,-1,-1,-1,-1,-1,-1,-1,-1,-1,-1,-1,-1,-1,-1,-1,-1,-1,-1,-1,-1,-1,-1,-1,-1,-1,-1,-0.572934366053744,-0.00590885961052023,0.525488553353068,-0.375974188768351,0.230200823981122,-0.818156412055227,-1,-1,-1,-1,-1,-1,-1,-1,-1,-1,-1,-1,-1
4459,1,-1,-1,-1,-1,-1,-1,-1,-1,-1,-1,-1,-1,-1,-1,-1,-1,-1,-1,-1,-1,-1,-1,-1,-1,-1,-1,-1,-1,-1,-1,0.125838829120963,0.144390469307492,-0.233945049683578,0.0114509886826626,-0.277463935619352,-0.118864588896107,-1,-1,-1,-1,-1,-1,-1,-1,-1,-1,-1,-1
4463,1,-1,-1,-1,-1,-1,-1,-1,-1,-1,-1,-1,-1,-1,-1,-1,-1,-1,-1,-1,-1,-1,-1,-1,-1,-1,-1,-1,-1,-1,-1,-1,-1,0.10790539730952,-0.619788758288394,-0.0791812460476247,-1,-1,-1,-1,-1,-1,-1,-1,-1,-1,-1,-1,-1
931,1,-1,-1,-1,-1,0.0234982813381115,0.0234982813381119,-0.248641926204293,0.1627272974977,-0.463757293161681,-0.0318345399346884,-0.0318345399346887,0.0636690798693771,-0.19553392880482,-0.19553392880482,-0.19553392880482,-0.19553392880482,-0.19553392880482,-0.19553392880482,-0.19553392880482,-0.19553392880482,-0.477121254719662,-1,-1,-1,-1,-1,-1,-1,-1,-1,-1,-1,-1,-1,-1,-1,-1,-1,-1,-1,-1,-1,-1,-1,-1,-1,-1,-1
19917,1,-1,-1,-1,-1,-1,-0.0850672245706079,-0.199572354905204,-1,-1,-1,-1,-1,-1,-1,-1,-1,-1,-1,-1,-1,-1,-1,-1,-1,-1,-1,-1,-1,-1,-1,-1,-1,-1,-1,-1,-1,-1,-1,-1,-1,-1,-1,-1,-1,-1,-1,-1,-1
7808,1,-1,-1,-1,-1,-1,-0.0795319275520658,-0.0795319275520656,-0.0795319275520658,-0.0795319275520658,-0.0795319275520656,-0.0795319275520658,-0.0795319275520656,-0.0795319275520658,-0.0795319275520657,-0.0795319275520657,-0.0273877749620367,-0.0273877749620366,-0.0273877749620366,-0.0273877749620367,-0.0273877749620366,-0.0273877749620366,-0.0273877749620367,-0.0273877749620367,-0.0273877749620366,-0.0273877749620367,-1,-1,-1,-1,-1,-1,-1,-1,-1,-1,-1,-1,-1,-1,-1,-1,-1,-1,-1,-1,-1,-1,-1
7810,1,-1,-1,-1,-1,-1,-1,-1,-1,-1,-1,-1,-1,-1,-1,-1,-0.0516855873302509,-0.0516855873302509,-0.0516855873302509,-0.0516855873302509,-0.0516855873302509,-0.0516855873302509,-0.0516855873302509,-0.0516855873302509,-0.0516855873302511,-0.0516855873302506,-1,-1,-1,-1,-1,-1,-1,-1,-1,-1,-1,-1,-1,-1,-1,-1,-1,-1,-1,-1,-1,-1,-1
7809,1,-1,-1,-1,-1,-1,-1,-1,-1,-1,-1,-1,-1,-1,-1,-1,-0.0570802297597519,-0.0570802297597521,-0.0570802297597521,-0.0570802297597519,-0.0570802297597519,-0.0570802297597521,-0.0570802297597521,-0.0570802297597521,-0.0570802297597519,-0.057080229759752,-1,-1,-1,-1,-1,-1,-1,-1,-1,-1,-1,-1,-1,-1,-1,-1,-1,-1,-1,-1,-1,-1,-1
7807,1,-1,-1,-1,-1,-1,-1,-1,-1,-1,-1,-1,-1,-1,-1,-1,-0.085603802607827,-0.085603802607827,-0.085603802607827,-0.085603802607827,-0.085603802607827,-0.085603802607827,-0.085603802607827,-0.0856038026078271,-0.085603802607827,-0.085603802607827,-1,-1,-1,-1,-1,-1,-1,-1,-1,-1,-1,-1,-1,-1,-1,-1,-1,-1,-1,-1,-1,-1,-1
7806,1,-1,-1,-1,-1,-1,-1,-1,-1,-1,-1,-1,-1,-1,-1,-1,-0.0619093330626743,-0.0619093330626743,-0.0619093330626743,-0.0619093330626741,-0.0619093330626743,-0.0619093330626743,-0.0619093330626741,-0.0619093330626745,-0.0619093330626741,-0.0619093330626743,-1,-1,-1,-1,-1,-1,-1,-1,-1,-1,-1,-1,-1,-1,-1,-1,-1,-1,-1,-1,-1,-1,-1
955,1,-1,-1,-1,-1,-1,0.25533295302008,0.195625744217507,0.0797753160449262,-0.0489589100424088,-0.122476901298301,-0.103974876685965,-0.026617246410685,0.0376477157910791,0.0514527912613036,0.0413927084431908,0.0491944347195116,0.071360661469139,0.0678628810558459,0.0252301824504553,-0.0173896071568294,-1,-1,-1,-1,-1,-1,-1,-1,-1,-1,-1,-1,-1,-1,-1,-1,-1,-1,-1,-1,-1,-1,-1,-1,-1,-1,-1,-1
941,1,-1,-1,-1,-1,-1,0.0209489255436498,0.0224273654005969,0.0243878670485452,0.0251865370713955,0.0235563702413751,0.0189531356151565,0.0112064791907737,0.000319048210596362,-0.0131282937682137,-0.0274320151358598,-0.0399519048503094,-0.0482918605484717,-0.0517239061926,-0.0516851210455465,-0.0507532640657391,-1,-1,-1,-1,-1,-1,-1,-1,-1,-1,-1,-1,-1,-1,-1,-1,-1,-1,-1,-1,-1,-1,-1,-1,-1,-1,-1,-1
8673,1,-1,-1,-1,-1,-1,-1,-1,-1,-1,-1,-1,-1,-1,-1,-1,-1,-1,-1,-1,-1,-1,-1,-1,-0.325134548625591,0.516582938962572,0.0375430994696688,0.0375430994696684,0.0375430994696684,-0.972066193782257,0.211765174345826,-1,-1,-1,-1,-1,-1,-1,-1,-1,-1,-1,-1,-1,-1,-1,-1,-1,-1
940,1,-1,-1,-1,-1,-1,-0.00479871958009626,-0.00545375209477839,-0.00604087510475071,-0.00559585208436841,-0.00361344068121938,-3.9316922414212e-05,0.00515768702171937,0.0119871590653391,0.0199118975794887,0.0275859973196819,0.0334417579700854,0.0366702587680483,0.0376393698655333,0.0374351736584637,0.037082095482952,-1,-1,-1,-1,-1,-1,-1,-1,-1,-1,-1,-1,-1,-1,-1,-1,-1,-1,-1,-1,-1,-1,-1,-1,-1,-1,-1,-1
12381,1,-1,-1,-1,-1,-1,-1,-1,-1,-1,-1,-1,-1,-1,-1,-1,-1,-1,-1,-1,-1,-1,-1,-1,-1,-1,-1,-1,-1,-1,-1,-1,-1,-1,0.195686815119062,-1,-1,-1,-1,-1,-1,-1,-1,-1,-1,-1,-1,-1,-1
939,1,-1,-1,-1,-1,-1,0.00260956101382104,0.00260956101387833,0.00260956101394516,0.00260956101395449,0.00260956101386456,0.00260956101365495,0.00260956101330012,0.00260956101277832,0.00260956101212306,0.00260956101144871,0.00260956101090026,0.00260956101056431,0.00260956101042997,0.00260956101041598,0.0026095610104333,-1,-1,-1,-1,-1,-1,-1,-1,-1,-1,-1,-1,-1,-1,-1,-1,-1,-1,-1,-1,-1,-1,-1,-1,-1,-1,-1,-1
6215,1,-1,-1,-1,-1,-1,-1,-1,-1,-1,-1,-1,-1,-1,-1,-1,-1,-1,-1,-1,0.0623322190778581,-0.0410229100494082,-1,-1,-1,-1,-1,-1,-1,-1,-1,-1,-1,-1,-1,-1,-1,-1,-1,-1,-1,-1,-1,-1,-1,-1,-1,-1,-1
938,1,-1,-1,-1,-1,-1,-0.0510347499554402,-0.0434587982755567,-0.0549988276845329,-0.0793503257084339,-0.0551911347235945,0.0446015728082962,0.133149032412053,0.0894621836998553,-0.073974067480939,-0.187665443721601,-0.11284845330939,0.0844912095318392,0.207455033571073,0.167013192860385,0.0751347596362022,-1,-1,-1,-1,-1,-1,-1,-1,-1,-1,-1,-1,-1,-1,-1,-1,-1,-1,-1,-1,-1,-1,-1,-1,-1,-1,-1,-1
926,1,-1,-1,-1,-1,-1,-0.143422142302313,-0.603320643829706,-1,-1,-1,-1,-1,-1,-1,-1,-1,-1,-1,-1,-1,-1,-1,-1,-1,-1,-1,-1,-1,-1,-1,-1,-1,-1,-1,-1,-1,-1,-1,-1,-1,-1,-1,-1,-1,-1,-1,-1,-1
4827,1,-1,-1,-1,-1,-1,-1,-1,-1,-1,-1,-1,-1,-1,-1,0.0012769476184423,0.00127694761863753,0.00127694761898542,0.00127694761942548,0.00127694761998481,0.00127694762077091,0.00127694762185232,0.0012769476231666,0.00127694762453284,0.00127694762573682,0.00127694762663094,0.00127694762721026,0.00127694762761799,0.00127694762805158,0.00127694762861241,0.00127694762922897,0.00127694762973979,0.00127694763004638,0.00127694763017883,0.00127694763022757,0.00127694763024738,-1,-1,-1,-1,-1,-1,-1,-1,-1,-1,-1,-1,-1
927,1,-1,-1,-1,-1,-1,-1,-1,-1,-1,-1,-1,-1,-1,-1,-1,-1,-1,-1,-1,-1,-1,0.477121254719662,0.176091259055681,0,-0.255272505103306,-1,-1,-1,-1,-1,-1,-1,-1,-1,-1,-1,-1,-1,-1,-1,-1,-1,-1,-1,-1,-1,-1,-1
12297,1,-1,-1,-1,-1,-1,-1,-1,-1,-1,-1,-1,-1,-1,-1,-1,-1,-1,-1,-1,-1,-1,-1,-1,-1,-1,-0.0607719517185907,-0.0272921353869562,0.0137103153695297,0.0319637459175148,0.0242864472191586,0.010627941335795,0.00602485832140598,0.00763027173408481,0.00735750475958397,0.00521510041974338,-1,-1,-1,-1,-1,-1,-1,-1,-1,-1,-1,-1,-1
12296,1,-1,-1,-1,-1,-1,-1,-1,-1,-1,-1,-1,-1,-1,-1,-1,-1,-1,-1,-1,-1,-1,-1,-1,-1,-1,-0.211093638893306,0.147019811108423,0.0245347829379374,-0.162281049917399,0.0590102228999918,-0.245940052938262,0.0514136737006876,0.0514136737006878,0.0240667931492218,-1,-1,-1,-1,-1,-1,-1,-1,-1,-1,-1,-1,-1,-1
12294,1,-1,-1,-1,-1,-1,-1,-1,-1,-1,-1,-1,-1,-1,-1,-1,-1,-1,-1,-1,-1,-1,-1,-1,-1,-1,-0.0102967420066904,-0.0102967420068167,-0.0102967420068865,-0.0102967420067275,-0.0102967420064117,-0.010296742006225,-0.0102967420064128,-0.0102967420069651,-0.0102967420076427,-0.0102967420081765,-0.0102967420084363,-1,-1,-1,-1,-1,-1,-1,-1,-1,-1,-1,-1
4523,1,-1,-1,-1,-1,-1,-1,-1,-1,-1,-1,-1,-1,-1,-1,-1,-1,-1,-1,-1,-1,-1,-1,-1,-1,-1,-0.0125415710513754,-0.0125415710478087,-0.0125415710314376,-0.0125415709925301,-0.0125415709333583,-0.0125415708730379,-0.0125415708366106,-1,-1,-1,-1,-1,-1,-1,-1,-1,-1,-1,-1,-1,-1,-1,-1
17725,1,-1,-1,-1,-1,-1,-1,0.0118173054242654,0.0118173054242656,0.0118173054242654,0.0118173054242656,0.0118173054242654,0.0118173054242656,0.0118173054242654,0.0118173054242656,0.0118173054242654,0.0118173054242656,0.0118173054242656,0.0118173054242654,0.0118173054242656,0.0118173054242656,0.0118173054242654,0.0118173054242654,0.0118173054242656,0.0118173054242654,0.0118173054242656,0.0118173054242656,0.0118173054242654,0.0118173054242656,0.0118173054242656,0.0118173054242654,0.0118173054242654,0.0118173054242656,0.0118173054242656,0.0118173054242654,0.0118173054242656,0.0118173054242654,0.0118173054242656,0.0118173054242654,0.0118173054242656,-1,-1,-1,-1,-1,-1,-1,-1,-1
17724,1,-1,-1,-1,-1,-1,-1,-0.0607370113267467,-0.0607370113267469,-0.0607370113267467,-0.0607370113267467,-0.0607370113267469,-0.0607370113267467,-0.0607370113267467,-0.0607370113267468,-0.0607370113267467,-0.0607370113267468,-0.0607370113267467,-0.0607370113267467,-0.0607370113267467,-0.0607370113267469,-0.0607370113267467,-0.0607370113267467,-0.0607370113267467,-0.0607370113267467,-0.0607370113267469,-0.0607370113267467,-0.0607370113267467,-0.0607370113267466,-0.0607370113267469,-0.0607370113267467,-0.0607370113267467,-0.0607370113267467,-0.0607370113267469,-0.0607370113267466,-0.0607370113267467,-0.0607370113267467,-0.0607370113267469,-0.0607370113267467,-0.0607370113267466,-1,-1,-1,-1,-1,-1,-1,-1,-1
17723,1,-1,-1,-1,-1,-1,-1,0,0,0,0,0,0,0,0,0,0,0,0,0,0,0,0,0,0,0,0,0,0,0,0,0,0,0,0,0,0,0,0,0,-1,-1,-1,-1,-1,-1,-1,-1,-1
17722,1,-1,-1,-1,-1,-1,-1,0.0155647905619827,0.0155647905619825,0.0155647905619827,0.0155647905619825,0.0155647905619827,0.0155647905619827,0.0155647905619825,0.0155647905619827,0.0155647905619825,0.0155647905619827,0.0155647905619825,0.0155647905619827,0.0155647905619825,0.0155647905619827,0.0155647905619825,0.0155647905619827,0.0155647905619825,0.0155647905619827,0.0155647905619825,0.0155647905619827,0.0155647905619825,0.0155647905619827,0.0155647905619827,0.0155647905619825,0.0155647905619827,0.0155647905619825,0.0155647905619827,0.0155647905619825,0.0155647905619827,0.0155647905619825,0.0155647905619827,0.0155647905619825,0.0155647905619827,-1,-1,-1,-1,-1,-1,-1,-1,-1
17721,1,-1,-1,-1,-1,-1,-1,-0.0595087220407744,-0.0595087220407744,-0.0595087220407744,-0.0595087220407744,-0.0595087220407744,-0.0595087220407744,-0.0595087220407744,-0.0595087220407744,-0.0595087220407744,-0.0595087220407744,-0.0595087220407744,-0.0595087220407746,-0.0595087220407742,-0.0595087220407746,-0.0595087220407742,-0.0595087220407746,-0.0595087220407742,-0.0595087220407744,-0.0595087220407746,-0.0595087220407744,-0.0595087220407742,-0.0595087220407744,-0.0595087220407746,-0.0595087220407744,-0.0595087220407744,-0.0595087220407743,-0.0595087220407745,-0.0595087220407743,-0.0595087220407745,-0.0595087220407743,-0.0595087220407746,-0.0595087220407743,-0.0595087220407743,-1,-1,-1,-1,-1,-1,-1,-1,-1
17720,1,-1,-1,-1,-1,-1,-1,-0.0273663632421801,-0.0273663632421801,-0.0273663632421801,-0.0273663632421801,-0.0273663632421801,-0.0273663632421801,-0.0273663632421801,-0.0273663632421801,-0.02736636324218,-0.0273663632421802,-0.0273663632421801,-0.0273663632421801,-0.02736636324218,-0.0273663632421802,-0.02736636324218,-0.0273663632421801,-0.0273663632421801,-0.0273663632421801,-0.0273663632421802,-0.02736636324218,-0.0273663632421801,-0.0273663632421801,-0.0273663632421801,-0.0273663632421801,-0.0273663632421801,-0.0273663632421801,-0.0273663632421802,-0.0273663632421801,-0.0273663632421801,-0.0273663632421801,-0.0273663632421802,-0.0273663632421801,-0.0273663632421801,-1,-1,-1,-1,-1,-1,-1,-1,-1
6329,1,-1,-1,-1,-1,-1,-1,-0.0481145797848492,-0.047731056067934,-0.047322939535331,-0.0466403401251951,-0.0442903324111741,-0.0388414677599427,-0.0301298579082647,-0.0190301550876568,-0.00641170686259329,0.00687546492314106,0.0191596825546683,0.0281981462466743,0.0328964780225456,0.0343257176088165,-1,-1,-1,-1,-1,-1,-1,-1,-1,-1,-1,-1,-1,-1,-1,-1,-1,-1,-1,-1,-1,-1,-1,-1,-1,-1,-1,-1
7662,1,-1,-1,-1,-1,-1,-1,-1,-1,-1,-1,-1,-1,-1,-1,0.248662320403975,0.248662320403975,-0.0329051793468227,-0.0329051793468227,-0.0329051793468225,-0.0329051793468227,-0.0329051793468229,-0.0329051793468225,-0.0329051793468227,-0.0329051793468227,-1,-1,-1,-1,-1,-1,-1,-1,-1,-1,-1,-1,-1,-1,-1,-1,-1,-1,-1,-1,-1,-1,-1,-1
4563,1,-1,-1,-1,-1,-1,-1,-0.202026993150081,-1,-1,-1,-1,-1,-1,-1,-1,-1,-1,-1,-1,-1,-1,-1,-1,-1,-1,-1,-1,-1,-1,-1,-1,-1,-1,-1,-1,-1,-1,-1,-1,-1,-1,-1,-1,-1,-1,-1,-1,-1
943,1,-1,-1,-1,-1,-1,-1,0.00488083735675104,0.00488083735675104,0.00488083735675016,0.00488083735675104,0.00488083735675104,0.00488083735675104,0.00488083735675016,0.00488083735675104,0.00488083735675104,0.00488083735675104,0.00488083735675016,0.00488083735675104,0.00488083735675104,0.00488083735675104,0.00488083735675016,0.00488083735675104,0.00488083735675104,-1,-1,-1,-1,-1,-1,-1,-1,-1,-1,-1,-1,-1,-1,-1,-1,-1,-1,-1,-1,-1,-1,-1,-1,-1
6167,1,-1,-1,-1,-1,-1,-1,-1,0.438557859580302,0.165625825377516,-0.0261965520479803,-0.717355584940779,-1,-1,-1,-1,-1,-1,-1,-1,-1,-1,-1,-1,-1,-1,-1,-1,-1,-1,-1,-1,-1,-1,-1,-1,-1,-1,-1,-1,-1,-1,-1,-1,-1,-1,-1,-1,-1
914,1,-1,-1,-1,-1,-1,-1,-1,-1,-0.126293790693266,-0.0868486870001601,-1,-1,-1,-1,-1,-1,-1,-1,-1,-1,-1,-1,-1,-1,-1,-1,-1,-1,-1,-1,-1,-1,-1,-1,-1,-1,-1,-1,-1,-1,-1,-1,-1,-1,-1,-1,-1,-1
913,1,-1,-1,-1,-1,-1,-1,-1,-1,-0.0659608766489619,-0.0260418018643502,-1,-1,-1,-1,-1,-1,-1,-1,-1,-1,-1,-1,-1,-1,-1,-1,-1,-1,-1,-1,-1,-1,-1,-1,-1,-1,-1,-1,-1,-1,-1,-1,-1,-1,-1,-1,-1,-1
912,1,-1,-1,-1,-1,-1,-1,-1,-1,0.0690809191432991,-0.133538908370217,-1,-1,-1,-1,-1,-1,-1,-1,-1,-1,-1,-1,-1,-1,-1,-1,-1,-1,-1,-1,-1,-1,-1,-1,-1,-1,-1,-1,-1,-1,-1,-1,-1,-1,-1,-1,-1,-1
911,1,-1,-1,-1,-1,-1,-1,-1,-1,0.288561355104383,0.0590447826009535,-1,-1,-1,-1,-1,-1,-1,-1,-1,-1,-1,-1,-1,-1,-1,-1,-1,-1,-1,-1,-1,-1,-1,-1,-1,-1,-1,-1,-1,-1,-1,-1,-1,-1,-1,-1,-1,-1
915,1,-1,-1,-1,-1,-1,-1,-1,-1,-1,0.00395557119087409,0.00350363630240658,0.00233175762697924,0.000146352687741658,-0.00322437051823066,-0.00767472012621173,-0.012735050945119,-0.0176887590714951,-0.021886943425721,-0.0250786330217578,-0.027516713568196,-0.0297337650156244,-0.0321208138172069,-0.0346034476050709,-0.0366675670805163,-0.0377719224473245,-1,-1,-1,-1,-1,-1,-1,-1,-1,-1,-1,-1,-1,-1,-1,-1,-1,-1,-1,-1,-1,-1,-1
8623,1,-1,-1,-1,-1,-1,-1,-1,-1,-1,-1,-1,-1,-1,-1,-1,-1,-1,-1,-1,-1,-1,-1,-1,-1,-1,-1,-1,-1,-1,-1,-1,-1,-1,-1,-0.0162155442381913,0.00352609094152845,-1,-1,-1,-1,-1,-1,-1,-1,-1,-1,-1,-1
973,1,-1,-1,-1,-1,-1,-1,-1,-0.410393750366065,0.0193051551953869,-1,-1,-1,-1,-1,-1,-1,-1,-1,-1,-1,-1,-1,-1,-1,-1,-1,-1,-1,-1,-1,-1,-1,-1,-1,-1,-1,-1,-1,-1,-1,-1,-1,-1,-1,-1,-1,-1,-1
4830,1,-1,-1,-1,-1,-1,-1,-1,-1,-1,-1,-1,-1,-1,-1,0.00337572803920128,0.00278021101471981,0.00152296004052799,-0.000207645603370804,-0.00204229622108468,-0.00366721390661115,-0.00491826152059785,-0.00565646093775488,-0.00565880666073575,-0.00475243573633059,-0.00304802893085175,-0.000934659614228575,0.00119057797118644,0.00310807661386256,0.004659944978143,0.00558076662921377,0.00561703316144405,0.00483773194988182,0.00370958339020677,0.00278670246053278,0.00234363324227532,-1,-1,-1,-1,-1,-1,-1,-1,-1,-1,-1,-1,-1
975,1,-1,-1,-1,-1,-1,-1,-1,-1,-1,-1,-1,-1,-1,-1,-1,-1,-1,-1,-1,-1,-1,0,0.903089986991944,-0.1249387366083,0.0669467896306132,-1,-1,-1,-1,-1,-1,-1,-1,-1,-1,-1,-1,-1,-1,-1,-1,-1,-1,-1,-1,-1,-1,-1
974,1,-1,-1,-1,-1,-1,-1,-1,-1,-1,-1,-1,-1,-1,-1,-1,-1,-1,-1,-1,-1,-1,-0.0118992232997077,0.370554208182405,-0.43549501511542,-1,-1,-1,-1,-1,-1,-1,-1,-1,-1,-1,-1,-1,-1,-1,-1,-1,-1,-1,-1,-1,-1,-1,-1
12320,1,-1,-1,-1,-1,-1,-1,-1,-1,-1,-1,-1,-1,-1,-1,-1,-1,-1,-1,-1,-1,-1,-1,-1,-1,-1,-0.0885413827911952,-0.0558922187018822,-0.0111247585184684,0.0223869713723679,0.0437805500311852,0.0607335728397873,0.061529465369309,0.0245593772362651,-0.0423279304336419,-0.0942360796445172,-1,-1,-1,-1,-1,-1,-1,-1,-1,-1,-1,-1,-1
12318,1,-1,-1,-1,-1,-1,-1,-1,-1,-1,-1,-1,-1,-1,-1,-1,-1,-1,-1,-1,-1,-1,-1,-1,-1,-1,0.517049201619614,0.0945561076145789,0.161693438355039,-0.025110720583031,0.195196554844916,-0.229241174600441,0.0344033630073686,0.0344033630073686,-0.394769961882531,-1,-1,-1,-1,-1,-1,-1,-1,-1,-1,-1,-1,-1,-1
12317,1,-1,-1,-1,-1,-1,-1,-1,-1,-1,-1,-1,-1,-1,-1,-1,-1,-1,-1,-1,-1,-1,-1,-1,-1,-1,0.0867096680658777,0.0558495907667333,0.00588126418478629,-0.0394336586178023,-0.0611403057620672,-0.0559544079903629,-0.033834848765514,-0.0086589340940233,0.0097547966831828,0.0185637088630752,0.0206979945365897,-1,-1,-1,-1,-1,-1,-1,-1,-1,-1,-1,-1
4529,1,-1,-1,-1,-1,-1,-1,-1,-1,-1,-1,-1,-1,-1,-1,-1,-1,-1,-1,-1,-1,-1,-1,-1,-1,-1,0.0639835971899294,0.0452620769705849,0.0127033817804121,-0.0226376949870064,-0.0508772325531794,-0.068033858555189,-0.0752391289422991,-1,-1,-1,-1,-1,-1,-1,-1,-1,-1,-1,-1,-1,-1,-1,-1
12417,1,-1,-1,-1,-1,-1,-1,-1,-1,-1,-1,-1,-1,-1,-1,-1,-1,-1,-1,-1,-1,-1,-1,-1,-1,-1,-1,-1,-1,0.0413926851582251,-1,-1,-1,-1,-1,-1,-1,-1,-1,-1,-1,-1,-1,-1,-1,-1,-1,-1,-1
4455,1,-1,-1,-1,-1,-1,-1,-1,-1,-1,-1,-1,-1,-1,-1,-1,-1,-1,-1,-1,-1,-1,-1,-1,-1,-1,-1,-1,-1,-1,2.18249310343824,-0.727497701146081,-0.727497701146081,-0.727497701146082,1.98489176401011,-0.0211116627434115,-0.163110261792532,-1,-1,-1,-1,-1,-1,-1,-1,-1,-1,-1,-1
18049,1,-1,-1,-1,-1,-1,-1,-1,-1,-1,-1,-1,-1,-1,-1,-1,-1,-1,-1,-1,-1,-1,-1,-1,-1,-1,-1,-1,-1,-1,-1,-1,-1,-1,-1,-1,-1,-1,-1,-1,-0.574031267727719,0.397940008672038,-1,-1,-1,-1,-1,-1,-1
6345,1,-1,-1,-1,-1,-1,-1,-1,-1,0.223312253888925,0.208646842072543,-0.340499092304829,-0.284682344538246,-0.0565872685201974,-0.194385882098644,-1,-1,-1,-1,-1,-1,-1,-1,-1,-1,-1,-1,-1,-1,-1,-1,-1,-1,-1,-1,-1,-1,-1,-1,-1,-1,-1,-1,-1,-1,-1,-1,-1,-1
8750,1,-1,-1,-1,-1,-1,-1,-1,-1,-1,-1,-1,-1,-1,-1,-1,-1,-1,-1,-1,-1,-1,-1,-1,-1,-1,-1,-1,-1,0.0157489306426584,0.0157489306443606,0.0157489306467085,0.0157489306488496,0.0157489306515006,0.0157489306558867,0.0157489306616772,0.0157489306668772,0.0157489306698575,0.0157489306708052,-1,-1,-1,-1,-1,-1,-1,-1,-1,-1
951,1,-1,-1,-1,-1,-1,-1,-1,-1,-0.0129094696379459,-0.0129094696379457,-0.0129094696379457,-0.0129094696379457,-0.0129094696379459,-0.0129094696379457,-0.0129094696379457,-0.0129094696379459,-0.0129094696379457,-0.0129094696379457,0.141329152796469,-0.277548899814458,0.607737124219653,-0.409369470452819,0.329058719264225,-1,-1,-1,-1,-1,-1,-1,-1,-1,-1,-1,-1,-1,-1,-1,-1,-1,-1,-1,-1,-1,-1,-1,-1,-1
12300,1,-1,-1,-1,-1,-1,-1,-1,-1,-1,-1,-1,-1,-1,-1,-1,-1,-1,-1,-1,-1,-1,-1,-1,-1,-1,0.00472701953846788,0.00472701953876076,0.00472701953867061,0.00472701953762167,0.00472701953585286,0.00472701953410914,0.00472701953280175,0.00472701953178323,0.00472701953089549,0.0047270195303375,-1,-1,-1,-1,-1,-1,-1,-1,-1,-1,-1,-1,-1
12299,1,-1,-1,-1,-1,-1,-1,-1,-1,-1,-1,-1,-1,-1,-1,-1,-1,-1,-1,-1,-1,-1,-1,-1,-1,-1,0.0551607154182134,-0.273655823026982,0.0266755885866257,0.166751232801538,0.0498918699456374,-0.163646439601424,0.0911584198465587,0.0911584198465585,-0.00432137378264263,-1,-1,-1,-1,-1,-1,-1,-1,-1,-1,-1,-1,-1,-1
12298,1,-1,-1,-1,-1,-1,-1,-1,-1,-1,-1,-1,-1,-1,-1,-1,-1,-1,-1,-1,-1,-1,-1,-1,-1,-1,-0.0542571529527065,-0.0472426873797722,-0.0321583575796143,-0.0111766572147411,0.0102680680828868,0.0255270597978277,0.0294075803770775,0.0207404363121075,0.00362903197650732,-0.0138866154032218,-0.024121388145625,-1,-1,-1,-1,-1,-1,-1,-1,-1,-1,-1,-1
4527,1,-1,-1,-1,-1,-1,-1,-1,-1,-1,-1,-1,-1,-1,-1,-1,-1,-1,-1,-1,-1,-1,-1,-1,-1,-1,0.00736628974398679,0.00736628974352005,0.00736628974345321,0.00736628974492848,0.007366289748163,0.00736628975191223,0.0073662897542992,-1,-1,-1,-1,-1,-1,-1,-1,-1,-1,-1,-1,-1,-1,-1,-1
990,1,-1,-1,-1,-1,-1,-1,-1,-1,-1,-0.0348151786830445,-0.035034055841393,-0.0364773188478353,-0.0403394583117325,-0.0464744364901526,-0.0515667088655302,-0.0490329195595182,-0.0323247380235886,5.47272552643419e-05,0.0423033643624512,0.0845774547290046,0.119233896460556,0.144424357813013,0.162223251585757,0.174290946436814,0.180382232399637,-1,-1,-1,-1,-1,-1,-1,-1,-1,-1,-1,-1,-1,-1,-1,-1,-1,-1,-1,-1,-1,-1,-1
989,1,-1,-1,-1,-1,-1,-1,-1,-1,-1,-1,-1,-1,-1,-1,-1,-1,0.480514197617002,0.944751430623434,-1.13984070590703,-0.571391171561511,-1,-1,-1,-1,-1,-1,-1,-1,-1,-1,-1,-1,-1,-1,-1,-1,-1,-1,-1,-1,-1,-1,-1,-1,-1,-1,-1,-1
988,1,-1,-1,-1,-1,-1,-1,-1,-1,-1,-1,-1,-1,-1,-1,-1,-1,0.480514197617002,0.944751430623434,-1.13984070590703,-0.571391171561511,-1,-1,-1,-1,-1,-1,-1,-1,-1,-1,-1,-1,-1,-1,-1,-1,-1,-1,-1,-1,-1,-1,-1,-1,-1,-1,-1,-1
8626,1,-1,-1,-1,-1,-1,-1,-1,-1,-1,-1,-1,-1,-1,-1,-1,-1,-1,-1,-1,-1,-1,-1,-1,-1,-1,-1,-1,-1,-1,-1,-1,-1,-1,-1,1.74036268949424,-0.993384959087139,0.342422680822206,-1,-1,-1,-1,-1,-1,-1,-1,-1,-1,-1
986,1,-1,-1,-1,-1,-1,-1,-1,-1,-1,0.039116886985189,-0.00685363154931107,-0.0817331104983403,-0.15908896079481,-0.222280451493366,-0.269548988268706,-0.300053854287274,-0.292428762606722,-0.203979996618253,-0.0121821429418228,0.225663211270145,0.363070207198793,0.251375811581672,-0.124615352982236,-0.588684990579608,-0.887414124105045,-1,-1,-1,-1,-1,-1,-1,-1,-1,-1,-1,-1,-1,-1,-1,-1,-1,-1,-1,-1,-1,-1,-1
985,1,-1,-1,-1,-1,-1,-1,-1,-1,-1,-1,-1,-1,-1,-1,-1,-1,0.442019874811889,-1.8839767124683,2.44870631990508,-1.17506212473073,-1,-1,-1,-1,-1,-1,-1,-1,-1,-1,-1,-1,-1,-1,-1,-1,-1,-1,-1,-1,-1,-1,-1,-1,-1,-1,-1,-1
972,1,-1,-1,-1,-1,-1,-1,-1,-1,-1,-0.10121099814337,-0.101210998143365,-0.101210998143374,-0.101210998143429,-0.101210998143544,-0.101210998143696,-0.101210998143827,-0.101210998143877,-0.101210998143838,-0.101210998143762,-0.101210998143738,-0.101210998143826,-0.101210998144019,-0.101210998144247,-0.101210998144429,-0.101210998144519,-1,-1,-1,-1,-1,-1,-1,-1,-1,-1,-1,-1,-1,-1,-1,-1,-1,-1,-1,-1,-1,-1,-1
971,1,-1,-1,-1,-1,-1,-1,-1,-1,-1,-1,-1,-1,-1,-1,-1,-0.0299632233774434,-0.301029995663981,0.535113201697349,-0.212984366136141,-0.21298436613614,-1,-1,-1,-1,-1,-1,-1,-1,-1,-1,-1,-1,-1,-1,-1,-1,-1,-1,-1,-1,-1,-1,-1,-1,-1,-1,-1,-1
970,1,-1,-1,-1,-1,-1,-1,-1,-1,-1,-1,-1,-1,-1,-1,-1,-0.243038048686294,0.176091259055681,-0.176091259055681,0.0484550065040282,0.0484550065040282,-1,-1,-1,-1,-1,-1,-1,-1,-1,-1,-1,-1,-1,-1,-1,-1,-1,-1,-1,-1,-1,-1,-1,-1,-1,-1,-1,-1
969,1,-1,-1,-1,-1,-1,-1,-1,-1,-1,-1,-1,-1,-1,-1,-1,-1,-1,-1,-1,-1,-1,-0.0365938022764563,0.192226283009556,-0.449411982757142,-1,-1,-1,-1,-1,-1,-1,-1,-1,-1,-1,-1,-1,-1,-1,-1,-1,-1,-1,-1,-1,-1,-1,-1
4305,1,-1,-1,-1,-1,-1,-1,-1,-1,-1,-1,-1,-1,-1,-1,-1,-1,-1,-1,-1,-1,-1,-1,-0.464886798302651,-0.1249387366083,-1,-1,-1,-1,-1,-1,-1,-1,-1,-1,-1,-1,-1,-1,-1,-1,-1,-1,-1,-1,-1,-1,-1,-1
4304,1,-1,-1,-1,-1,-1,-1,-1,-1,-1,-1,-1,-1,-1,-1,-1,-1,-1,-1,-1,-1,-1,-1,0.0969100130080565,-0.0969100130080565,-1,-1,-1,-1,-1,-1,-1,-1,-1,-1,-1,-1,-1,-1,-1,-1,-1,-1,-1,-1,-1,-1,-1,-1
4303,1,-1,-1,-1,-1,-1,-1,-1,-1,-1,-1,-1,-1,-1,-1,-1,-1,-1,-1,-1,-1,-1,-1,0.243038048686294,0.154901959985743,-1,-1,-1,-1,-1,-1,-1,-1,-1,-1,-1,-1,-1,-1,-1,-1,-1,-1,-1,-1,-1,-1,-1,-1
12293,1,-1,-1,-1,-1,-1,-1,-1,-1,-1,-1,-1,-1,-1,-1,-1,-1,-1,-1,-1,-1,-1,-1,-1,-1,-1,0.0875138239267892,0.00792428259174915,-0.0658578502687437,-0.0565325980029399,0.00675652981001207,0.0376522267404997,0.0125406630810569,-0.00998457983883161,0.0142305891961665,0.0523302101499523,-1,-1,-1,-1,-1,-1,-1,-1,-1,-1,-1,-1,-1
12291,1,-1,-1,-1,-1,-1,-1,-1,-1,-1,-1,-1,-1,-1,-1,-1,-1,-1,-1,-1,-1,-1,-1,-1,-1,-1,-0.138766936031869,0.193342891639733,0.0274827845190448,0.0601631046219016,-0.115820129405947,0.128128894058558,-0.0445887813886829,-0.0445887813886827,-0.00860017176191774,-1,-1,-1,-1,-1,-1,-1,-1,-1,-1,-1,-1,-1,-1
12289,1,-1,-1,-1,-1,-1,-1,-1,-1,-1,-1,-1,-1,-1,-1,-1,-1,-1,-1,-1,-1,-1,-1,-1,-1,-1,-0.019951683944915,-0.0216061764720066,-0.0235690484309448,-0.0235357092839925,-0.0197355514495503,-0.0121325919074848,-0.00256497700506664,0.00623832591174822,0.0121821073398538,0.0148757560326409,0.0155056186494849,-1,-1,-1,-1,-1,-1,-1,-1,-1,-1,-1,-1
4526,1,-1,-1,-1,-1,-1,-1,-1,-1,-1,-1,-1,-1,-1,-1,-1,-1,-1,-1,-1,-1,-1,-1,-1,-1,-1,-0.0130810070156411,-0.0130810070220455,-0.0130810070322915,-0.013081007041563,-0.0130810070465126,-0.0130810070473864,-0.0130810070467804,-1,-1,-1,-1,-1,-1,-1,-1,-1,-1,-1,-1,-1,-1,-1,-1
4522,1,-1,-1,-1,-1,-1,-1,-1,-1,-1,-1,-1,-1,-1,-1,-1,-1,-1,-1,-1,-1,-1,-1,-1,-1,-1,0,-0.0299632233774432,0.109144469425068,-0.285235728480749,-0.0917703733556454,0.158717162986258,-1,-1,-1,-1,-1,-1,-1,-1,-1,-1,-1,-1,-1,-1,-1,-1,-1
12418,1,-1,-1,-1,-1,-1,-1,-1,-1,-1,-1,-1,-1,-1,-1,-1,-1,-1,-1,-1,-1,-1,-1,-1,-1,-1,-1,-1,-1,0,-1,-1,-1,-1,-1,-1,-1,-1,-1,-1,-1,-1,-1,-1,-1,-1,-1,-1,-1
18048,1,-1,-1,-1,-1,-1,-1,-1,-1,-1,-1,-1,-1,-1,-1,-1,-1,-1,-1,-1,-1,-1,-1,-1,-1,-1,-1,-1,-1,-1,-1,-1,-1,-1,-1,-1,-1,-1,-1,-1,0.362027452781393,-0.17459626796873,-1,-1,-1,-1,-1,-1,-1
963,1,-1,-1,-1,-1,-1,-1,-1,-1,-1,0.171550292000278,0.188436026657514,0.180410677169458,0.106218705772094,-0.02187816542587,-0.14242434611625,-0.200979164173994,-0.192490980298908,-0.148603689779579,-0.0981237223798475,-0.0538585326828547,-0.0325792250947492,-0.0642448614738242,-0.162341301817079,-0.289191441619601,-0.373848096894929,-1,-1,-1,-1,-1,-1,-1,-1,-1,-1,-1,-1,-1,-1,-1,-1,-1,-1,-1,-1,-1,-1,-1
8624,1,-1,-1,-1,-1,-1,-1,-1,-1,-1,-1,-1,-1,-1,-1,-1,-1,-1,-1,-1,-1,-1,-1,-1,-1,-1,-1,-1,-1,-1,-1,-1,-1,-1,-1,-0.217483944213906,-0.346787486224656,-1,-1,-1,-1,-1,-1,-1,-1,-1,-1,-1,-1
960,1,-1,-1,-1,-1,-1,-1,-1,-1,-1,-0.118535202712884,-0.126861096089671,-0.144736978113499,-0.170401104894022,-0.19891155955283,-0.222383812110196,-0.23112445731948,-0.217838460386146,-0.182986488549211,-0.135793420818519,-0.0882638566756333,-0.0470182409815763,-0.0110846461880418,0.0221509322896646,0.049989648291727,0.0655944523958838,-1,-1,-1,-1,-1,-1,-1,-1,-1,-1,-1,-1,-1,-1,-1,-1,-1,-1,-1,-1,-1,-1,-1
959,1,-1,-1,-1,-1,-1,-1,-1,-1,-1,0.253731615352444,0.234024070071702,0.203809161579743,0.153334278818289,0.0423093470341174,-0.145131880893076,-0.335575858379733,-0.393122716973923,-0.242725012084439,0.0334416552989523,0.24416417645416,0.248260878703582,0.0662257956753105,-0.162621834142484,-0.316659211812093,-0.374377766548597,-1,-1,-1,-1,-1,-1,-1,-1,-1,-1,-1,-1,-1,-1,-1,-1,-1,-1,-1,-1,-1,-1,-1
4831,1,-1,-1,-1,-1,-1,-1,-1,-1,-1,-1,-1,-1,-1,-1,-0.00198850290138197,-0.00198980604524979,-0.00209388709972957,-0.00223788922227736,-0.00212463469885482,-0.00153340382079625,-0.000600723359148125,0.000327224561675332,0.00105373829463434,0.00160530051149876,0.00199069584180828,0.00208221609416004,0.00180084682832027,0.00125731856364003,0.000575163270828405,-0.000315765869215168,-0.00151972918328952,-0.00283956739133834,-0.00381815494483079,-0.0042034605644245,-0.00421655891888079,-1,-1,-1,-1,-1,-1,-1,-1,-1,-1,-1,-1,-1
958,1,-1,-1,-1,-1,-1,-1,-1,-1,-1,-1,-1,-1,-1,-1,-1,-1,-1,-1,-1,-1,-1,-0.301029995663981,0.740362689494244,0.134698573897456,-0.8750612633917,-1,-1,-1,-1,-1,-1,-1,-1,-1,-1,-1,-1,-1,-1,-1,-1,-1,-1,-1,-1,-1,-1,-1
12310,1,-1,-1,-1,-1,-1,-1,-1,-1,-1,-1,-1,-1,-1,-1,-1,-1,-1,-1,-1,-1,-1,-1,-1,-1,-1,0.00984025474738126,-0.00489225787894476,-0.0718193946957351,0.0474428459889726,0.0139656561368238,-0.0177669450169726,0.00425329194888424,0.00425329194888424,0.000467737774779708,-1,-1,-1,-1,-1,-1,-1,-1,-1,-1,-1,-1,-1,-1
12309,1,-1,-1,-1,-1,-1,-1,-1,-1,-1,-1,-1,-1,-1,-1,-1,-1,-1,-1,-1,-1,-1,-1,-1,-1,-1,0.0120994150496025,0.0113561365627188,0.00999113679693808,0.00840463247557088,0.00703603529508423,0.0061009368636582,0.0055071033433991,0.0049873596274248,0.00435880490827878,0.00370247533223789,0.00328449553927657,-1,-1,-1,-1,-1,-1,-1,-1,-1,-1,-1,-1
4530,1,-1,-1,-1,-1,-1,-1,-1,-1,-1,-1,-1,-1,-1,-1,-1,-1,-1,-1,-1,-1,-1,-1,-1,-1,-1,0.111418782777622,0.0595331839214486,-0.011368409484074,-0.0481380012489003,-0.0241242471832894,0.0368032279325832,0.0834872738232213,-1,-1,-1,-1,-1,-1,-1,-1,-1,-1,-1,-1,-1,-1,-1,-1
12415,1,-1,-1,-1,-1,-1,-1,-1,-1,-1,-1,-1,-1,-1,-1,-1,-1,-1,-1,-1,-1,-1,-1,-1,-1,-1,-1,-1,-1,-0.098925304243382,-1,-1,-1,-1,-1,-1,-1,-1,-1,-1,-1,-1,-1,-1,-1,-1,-1,-1,-1
948,1,-1,-1,-1,-1,-1,-1,-1,-1,-1,-0.0764791126478221,-0.0776915761344084,-0.0785087070603834,-0.0767386213064865,-0.071407222589515,-0.0632360602281361,-0.0536185141188708,-0.0435392815159803,-0.0335349756139902,-0.0243140969541409,-0.0169164941210507,-0.0120783522864178,-0.00961142389810932,-0.00860476188607939,-0.00820049227311581,-0.0080339575362951,-1,-1,-1,-1,-1,-1,-1,-1,-1,-1,-1,-1,-1,-1,-1,-1,-1,-1,-1,-1,-1,-1,-1
947,1,-1,-1,-1,-1,-1,-1,-1,-1,-1,-1,-1,-1,-1,-1,-1,-1,-0.353457231330297,0.366002716068877,-0.147614498562027,-0.713094647027625,-1,-1,-1,-1,-1,-1,-1,-1,-1,-1,-1,-1,-1,-1,-1,-1,-1,-1,-1,-1,-1,-1,-1,-1,-1,-1,-1,-1
946,1,-1,-1,-1,-1,-1,-1,-1,-1,-1,-1,-1,-1,-1,-1,-1,-1,-0.625681080564757,0.272868236534468,-0.125412082139521,-0.688211486406341,-1,-1,-1,-1,-1,-1,-1,-1,-1,-1,-1,-1,-1,-1,-1,-1,-1,-1,-1,-1,-1,-1,-1,-1,-1,-1,-1,-1
944,1,-1,-1,-1,-1,-1,-1,-1,-1,-1,0.0910568055619656,0.128006644919103,0.180918039024605,0.206550933328137,0.16594702069983,0.0502853155088707,-0.111858327490277,-0.268160212409498,-0.368292371982861,-0.386866320290762,-0.331547764321296,-0.234042519599326,-0.131674699016489,-0.0512214348332601,-0.00272327093446401,0.0172865642679538,-1,-1,-1,-1,-1,-1,-1,-1,-1,-1,-1,-1,-1,-1,-1,-1,-1,-1,-1,-1,-1,-1,-1
945,1,-1,-1,-1,-1,-1,-1,-1,-1,-1,-1,-1,-1,-1,-1,-1,-1,-0.0969100130080565,0.574031267727719,-0.778151250383644,1.23044892137827,-1,-1,-1,-1,-1,-1,-1,-1,-1,-1,-1,-1,-1,-1,-1,-1,-1,-1,-1,-1,-1,-1,-1,-1,-1,-1,-1,-1
937,1,-1,-1,-1,-1,-1,-1,-1,-1,-1,-0.0391805642007725,-0.0372254380596211,-0.0345496831325778,-0.0323600081924049,-0.029914029395339,-0.0251244995955457,-0.0168008919213851,-0.00547855121839036,0.00776871298082527,0.0222145233265474,0.0366256191952963,0.0484174406971145,0.0550458603492812,0.0565643193639078,0.0559024105172656,-1,-1,-1,-1,-1,-1,-1,-1,-1,-1,-1,-1,-1,-1,-1,-1,-1,-1,-1,-1,-1,-1,-1,-1
936,1,-1,-1,-1,-1,-1,-1,-1,-1,-1,-1,-1,-1,-1,-1,-1,-0.0519177992654936,0.238085948487042,-0.675698661923031,0.557350256358481,-0.427716398541801,-1,-1,-1,-1,-1,-1,-1,-1,-1,-1,-1,-1,-1,-1,-1,-1,-1,-1,-1,-1,-1,-1,-1,-1,-1,-1,-1,-1
935,1,-1,-1,-1,-1,-1,-1,-1,-1,-1,-1,-1,-1,-1,-1,-1,-1,0.293133514817947,-0.35168475933836,0.243677187112029,-0.404374118677448,-1,-1,-1,-1,-1,-1,-1,-1,-1,-1,-1,-1,-1,-1,-1,-1,-1,-1,-1,-1,-1,-1,-1,-1,-1,-1,-1,-1
8625,1,-1,-1,-1,-1,-1,-1,-1,-1,-1,-1,-1,-1,-1,-1,-1,-1,-1,-1,-1,-1,-1,-1,-1,-1,-1,-1,-1,-1,-1,-1,-1,-1,-1,-1,-0.0877784045018215,-0.420167876149003,0.21475507460374,-1,-1,-1,-1,-1,-1,-1,-1,-1,-1,-1
918,1,-1,-1,-1,-1,-1,-1,-1,-1,-1,0.292528481187662,0.293332009299695,0.293368750432882,0.289095825149942,0.275450069095466,0.248504812948415,0.208115381757297,0.15744680821249,0.100759910537643,0.0435605035659217,-0.00516522008978626,-0.03439128967557,-0.0389138154222612,-0.026603840251088,-0.0144328223360746,-1,-1,-1,-1,-1,-1,-1,-1,-1,-1,-1,-1,-1,-1,-1,-1,-1,-1,-1,-1,-1,-1,-1,-1
916,1,-1,-1,-1,-1,-1,-1,-1,-1,-1,-1,-1,-1,-0.0119243568094749,-0.252676373227831,0.0305175240039386,-0.179986302939206,0.083076289931149,-0.112201915205367,-1,-1,-1,-1,-1,-1,-1,-1,-1,-1,-1,-1,-1,-1,-1,-1,-1,-1,-1,-1,-1,-1,-1,-1,-1,-1,-1,-1,-1,-1
917,1,-1,-1,-1,-1,-1,-1,-1,-1,-1,-1,-1,-1,-1,-1,-1,-1,-1,-1,-1,-1,-1,-0.0791812460476249,-0.522878745280338,-0.176091259055681,0.301029995663981,-1,-1,-1,-1,-1,-1,-1,-1,-1,-1,-1,-1,-1,-1,-1,-1,-1,-1,-1,-1,-1,-1,-1
910,1,-1,-1,-1,-1,-1,-1,-1,-1,-1,0.209924694816303,0.220206771471309,0.241438279805354,0.265974095118176,0.278866376898037,0.26809642292716,0.231537476228038,0.172898146028166,0.0961937531907244,0.0109917696083768,-0.0588959018107249,-0.0826154167106328,-0.0465490374262449,0.0290041957769218,0.101570991535705,0.136563751687225,0.127168485844666,0.0905007275407197,0.0511014824987766,0.0274340129421211,0.025409942452316,0.0373313253281524,0.0482717735186449,-1,-1,-1,-1,-1,-1,-1,-1,-1,-1,-1,-1,-1,-1,-1,-1
8622,1,-1,-1,-1,-1,-1,-1,-1,-1,-1,-1,-1,-1,-1,-1,-1,-1,-1,-1,-1,-1,-1,-1,-1,-1,-1,-1,-1,-1,-1,-1,-1,-1,-1,-1,-0.312981616198705,-0.146128035678238,-1,-1,-1,-1,-1,-1,-1,-1,-1,-1,-1,-1
930,1,-1,-1,-1,-1,-1,-1,-1,-1,-1,-1,-1,-1,-0.074886580821425,0.263387097858926,-0.579085093077568,0.280668713016273,-1,-1,-1,-1,-1,-1,-1,-1,-1,-1,-1,-1,-1,-1,-1,-1,-1,-1,-1,-1,-1,-1,-1,-1,-1,-1,-1,-1,-1,-1,-1,-1
929,1,-1,-1,-1,-1,-1,-1,-1,-1,-1,-1,-1,-1,0.226500762533282,-0.0571428861365688,-0.0427519804209502,-0.0928729240415009,-1,-1,-1,-1,-1,-1,-1,-1,-1,-1,-1,-1,-1,-1,-1,-1,-1,-1,-1,-1,-1,-1,-1,-1,-1,-1,-1,-1,-1,-1,-1,-1
928,1,-1,-1,-1,-1,-1,-1,-1,-1,-1,-1,-1,-1,0.290191424681392,0.0360867265293945,-0.233053827779693,-0.1249387366083,-1,-1,-1,-1,-1,-1,-1,-1,-1,-1,-1,-1,-1,-1,-1,-1,-1,-1,-1,-1,-1,-1,-1,-1,-1,-1,-1,-1,-1,-1,-1,-1
18001,1,-1,-1,-1,-1,-1,-1,-1,-1,-1,-1,-1,-1,-1,-1,-1,-1,-1,-1,-1,-1,-1,-1,-1,-1,-0.00590656695908387,-0.0059065669589371,-0.00590656695865799,-0.00590656695830605,-0.00590656695791414,-0.00590656695758396,-0.00590656695738789,-0.00590656695733216,-0.00590656695736103,-0.00590656695740011,-0.00590656695739922,-0.00590656695736258,-0.00590656695732905,-1,-1,-1,-1,-1,-1,-1,-1,-1,-1,-1
12411,1,-1,-1,-1,-1,-1,-1,-1,-1,-1,-1,-1,-1,-1,-1,-1,-1,-1,-1,-1,-1,-1,-1,-1,-1,-1,-1,-1,-2.26145069888923,1.28827276520623,-1,-1,-1,-1,-1,-1,-1,-1,-1,-1,-1,-1,-1,-1,-1,-1,-1,-1,-1
4468,1,-1,-1,-1,-1,-1,-1,-1,-1,-1,-1,-1,-1,-1,-1,-1,-1,-1,-1,-1,-1,-1,-1,-1,-1,-1,-1,-1,-0.0974107268014396,-0.0974107268018335,-0.0974107268025353,-0.0974107268033055,-0.0974107268038994,-0.0974107268042054,-0.0974107268042665,-0.0974107268042134,-0.0974107268041636,-1,-1,-1,-1,-1,-1,-1,-1,-1,-1,-1,-1
4465,1,-1,-1,-1,-1,-1,-1,-1,-1,-1,-1,-1,-1,-1,-1,-1,-1,-1,-1,-1,-1,-1,-1,-1,-1,-1,-1,-1,-1,0.537129077727811,-0.203263997804967,0.116520327932176,0.116520327932176,0.100592749933111,0.593962608105772,-2.52280359312932,-1,-1,-1,-1,-1,-1,-1,-1,-1,-1,-1,-1,-1
4471,1,-1,-1,-1,-1,-1,-1,-1,-1,-1,-1,-1,-1,-1,-1,-1,-1,-1,-1,-1,-1,-1,-1,-1,-1,-1,-1,-1,-1,-1,1.78962343876015,0.173735031672625,-1.96335847043278,0,0,2.17459717558425,-1,-1,-1,-1,-1,-1,-1,-1,-1,-1,-1,-1,-1
4457,1,-1,-1,-1,-1,-1,-1,-1,-1,-1,-1,-1,-1,-1,-1,-1,-1,-1,-1,-1,-1,-1,-1,-1,-1,-1,-1,-1,-1,-1,-1,-0.786238904626982,0.39728644273695,-1.22010808804005,0.477121254719662,0.278753600952829,0.356394912744779,-1,-1,-1,-1,-1,-1,-1,-1,-1,-1,-1,-1
4460,1,-1,-1,-1,-1,-1,-1,-1,-1,-1,-1,-1,-1,-1,-1,-1,-1,-1,-1,-1,-1,-1,-1,-1,-1,-1,-1,-1,-1,-1,-1,-1,-1,0.0147232568207063,-0.0969100130080562,0.397940008672037,-1,-1,-1,-1,-1,-1,-1,-1,-1,-1,-1,-1,-1
8812,1,-1,-1,-1,-1,-1,-1,-1,-1,-1,-1,-1,-1,-1,0.569875307956561,-0.354275507617206,-0.264817823009536,0.107209969647868,-0.00275765689712681,-0.00275765689712659,-0.00275765689712659,-0.00275765689712681,-0.00275765689712659,-1,-1,-1,-1,-1,-1,-1,-1,-1,-1,-1,-1,-1,-1,-1,-1,-1,-1,-1,-1,-1,-1,-1,-1,-1,-1
8811,1,-1,-1,-1,-1,-1,-1,-1,-1,-1,-1,-1,-1,-1,0.645003981691722,-0.225619099781152,-0.419384881910569,0.493389559982203,-0.422372340682991,-0.422372340682991,-0.422372340682991,-0.422372340682991,-0.422372340682991,-1,-1,-1,-1,-1,-1,-1,-1,-1,-1,-1,-1,-1,-1,-1,-1,-1,-1,-1,-1,-1,-1,-1,-1,-1,-1
8810,1,-1,-1,-1,-1,-1,-1,-1,-1,-1,-1,-1,-1,-1,0.753327666658612,0.532979072184663,-0.484674392610108,0.082974235064764,-0.0371273153923823,-0.0371273153923823,-0.0371273153923823,-0.0371273153923823,-0.0371273153923821,-1,-1,-1,-1,-1,-1,-1,-1,-1,-1,-1,-1,-1,-1,-1,-1,-1,-1,-1,-1,-1,-1,-1,-1,-1,-1
8808,1,-1,-1,-1,-1,-1,-1,-1,-1,-1,-1,-1,-1,-1,2.26861396960195,-2.26861396960195,1.67351712221158,0.173010303015884,-0.369305485045492,-0.369305485045492,-0.369305485045492,-0.369305485045493,-0.369305485045492,-1,-1,-1,-1,-1,-1,-1,-1,-1,-1,-1,-1,-1,-1,-1,-1,-1,-1,-1,-1,-1,-1,-1,-1,-1,-1
8800,1,-1,-1,-1,-1,-1,-1,-1,-1,-1,-1,-1,-1,-1,0.602059991327962,0.812913356642856,-0.812913356642856,0.0969100130080565,-0.0795880017344076,-0.0795880017344075,-0.0795880017344074,-0.0795880017344076,-0.0795880017344076,-1,-1,-1,-1,-1,-1,-1,-1,-1,-1,-1,-1,-1,-1,-1,-1,-1,-1,-1,-1,-1,-1,-1,-1,-1,-1
5339,1,-1,-1,-1,-1,-1,-1,-1,-1,-1,-1,-1,-1,-1,0.0586970863518936,0.0586970863518936,0.0586970863518936,-0.0211892990699378,-0.0969100130080567,-0.1249387366083,-1,-1,-1,-1,-1,-1,-1,-1,-1,-1,-1,-1,-1,-1,-1,-1,-1,-1,-1,-1,-1,-1,-1,-1,-1,-1,-1,-1,-1
5329,1,-1,-1,-1,-1,-1,-1,-1,-1,-1,-1,-1,-1,-1,-1,-1,-1,-1,-0.0326167264207737,-0.0296336483175299,-0.0241710633170871,-0.0186381002810156,-0.0173317312559456,-0.0247206735984951,-0.0422329296033985,-0.0655118044409426,-0.0848985323304055,-0.0901416984215784,-0.0771939072089949,-0.0530056377661325,-0.0311698259619959,-0.0147929671088938,-0.00387506120682457,0.00158389174420881,-1,-1,-1,-1,-1,-1,-1,-1,-1,-1,-1,-1,-1,-1,-1
5340,1,-1,-1,-1,-1,-1,-1,-1,-1,-1,-1,-1,-1,-1,-1,-1,-1,-1,-1,-1,-1,-0.0934216851622351,0.0644579892269186,0.261877871701833,-0.054818461054511,-0.0548184610545106,-0.0548184610545106,-0.054818461054511,-0.0548184610545106,-0.054818461054511,-0.0548184610545106,-0.0548184610545106,-0.054818461054511,-0.0548184610545106,-1,-1,-1,-1,-1,-1,-1,-1,-1,-1,-1,-1,-1,-1,-1
5341,1,-1,-1,-1,-1,-1,-1,-1,-1,-1,-1,-1,-1,-1,-1,-1,-1,-1,-1,-1,-1,-1,-1,0.0843208857000355,-0.139178521578473,-0.139178521578473,-0.139178521578473,0.51952510327275,-0.332438459915605,0.0121395680707224,0.0121395680707224,0.0121395680707224,0.0121395680707224,0.0121395680707224,-1,-1,-1,-1,-1,-1,-1,-1,-1,-1,-1,-1,-1,-1,-1
11993,1,-1,-1,-1,-1,-1,-1,-1,-1,-1,-1,-1,-1,-1,-1,-1,-1,-1,-1,-1,-1,-1,-1,-1,-1,-1,-1,0.047923552317183,0.0428083300689552,0.0428083300689552,0.0428083300689557,-1,-1,-1,-1,-1,-1,-1,-1,-1,-1,-1,-1,-1,-1,-1,-1,-1,-1
4592,1,-1,-1,-1,-1,-1,-1,-1,-1,-1,-1,-1,-1,-1,-0.0061230822104219,-0.0061230822104219,-0.0061230822104219,-0.0061230822104219,-0.0061230822104219,-0.00612308221042168,-0.0061230822104219,-0.0061230822104219,-0.0061230822104219,-0.0061230822104219,-0.00612308221042168,-0.0061230822104219,-0.0061230822104219,-0.0061230822104219,-0.0061230822104219,-0.00612308221042168,-0.0061230822104219,-0.0061230822104219,-1,-1,-1,-1,-1,-1,-1,-1,-1,-1,-1,-1,-1,-1,-1,-1,-1
4326,1,-1,-1,-1,-1,-1,-1,-1,-1,-1,-1,-1,-1,-1,-0.00112241033823812,-0.00112241033823812,-0.00112241033823834,-0.00112241033823812,-0.00112241033823812,-0.00112241033823812,-0.00112241033823812,-0.00112241033823834,-0.00112241033823812,-0.00112241033823812,-0.00112241033823812,-0.00112241033823812,-0.00112241033823834,-0.0011224103382379,-0.00112241033823834,-0.00112241033823812,-0.00112241033823812,-0.00112241033823812,-1,-1,-1,-1,-1,-1,-1,-1,-1,-1,-1,-1,-1,-1,-1,-1,-1
7672,1,-1,-1,-1,-1,-1,-1,-1,-1,-1,-1,-1,-1,-1,-1,0.140413304787847,0.140413304787847,-0.105637255001782,-0.105637255001782,-0.105637255001782,-0.105637255001782,-0.105637255001782,-0.105637255001782,-0.105637255001782,-0.105637255001782,-1,-1,-1,-1,-1,-1,-1,-1,-1,-1,-1,-1,-1,-1,-1,-1,-1,-1,-1,-1,-1,-1,-1,-1
12409,1,-1,-1,-1,-1,-1,-1,-1,-1,-1,-1,-1,-1,-1,-1,-1,-1,-1,-1,-1,-1,-1,-1,-1,-1,-1,-1,-1,0.434152181326482,-0.0400051616715839,-1,-1,-1,-1,-1,-1,-1,-1,-1,-1,-1,-1,-1,-1,-1,-1,-1,-1,-1
7664,1,-1,-1,-1,-1,-1,-1,-1,-1,-1,-1,-1,-1,-1,-1,-0.301029995663981,-0.301029995663981,0.0972689062979555,0.0972689062979554,0.0972689062979554,0.0972689062979554,0.0972689062979555,0.0972689062979554,0.0972689062979555,0.0972689062979555,-1,-1,-1,-1,-1,-1,-1,-1,-1,-1,-1,-1,-1,-1,-1,-1,-1,-1,-1,-1,-1,-1,-1,-1
25587,1,-1,-1,-1,-1,-1,-1,-1,-1,-1,-1,-1,-1,-1,-1,-1,-1,-1,-1,-1,-1,-1,-1,-1,-0.0381655450641434,-0.0280266964950191,-0.0141163522602841,-0.00024472596573677,0.020222179050307,0.0540365102167515,0.0914995168772408,0.108074760964348,0.0869733556431163,0.0383946644704407,-0.00680774585037414,-0.0228256508698665,-0.00798923503709892,0.0184589356642157,0.0336919215284381,0.0253300441088418,-0.00494611533195055,-0.0439793287910892,-0.0719631474297775,-0.0704582445449526,-0.0329788486149183,0.0284664862906698,0.0880077380053645,0.121709989827336,-1
7663,1,-1,-1,-1,-1,-1,-1,-1,-1,-1,-1,-1,-1,-1,-1,-1.00216068689132,-1.00216068689132,0.25054017172283,0.25054017172283,0.25054017172283,0.25054017172283,0.25054017172283,0.25054017172283,0.25054017172283,0.25054017172283,-1,-1,-1,-1,-1,-1,-1,-1,-1,-1,-1,-1,-1,-1,-1,-1,-1,-1,-1,-1,-1,-1,-1,-1
12403,1,-1,-1,-1,-1,-1,-1,-1,-1,-1,-1,-1,-1,-1,-1,-1,-1,-1,-1,-1,-1,-1,-1,-1,-1,-1,-1,-1,0.976310345070331,0.0228846602934389,-1,-1,-1,-1,-1,-1,-1,-1,-1,-1,-1,-1,-1,-1,-1,-1,-1,-1,-1
4832,1,-1,-1,-1,-1,-1,-1,-1,-1,-1,-1,-1,-1,-1,-1,0.00809585828894874,0.00748104639612945,0.0061035799929347,0.00412566264501493,0.00203009684165242,0.000261975343896603,-0.00107824065668069,-0.00213302766370109,-0.0029129880935901,-0.00312107080034199,-0.00236938116472735,-0.00050350385221358,0.00228924637496468,0.00556413789040712,0.00870944655641906,0.0110503933315103,0.0120965985404466,0.0118430961118996,0.0108190065916365,0.00976400141296388,0.00918510039378242,-1,-1,-1,-1,-1,-1,-1,-1,-1,-1,-1,-1,-1
12119,1,-1,-1,-1,-1,-1,-1,-1,-1,-1,-1,-1,-1,-1,-1,-1,-1,-1,-1,-1,-1,-1,-1,-1,-1,-1,-0.0871501757189003,-1,-1,-1,-1,-1,-1,-1,-1,-1,-1,-1,-1,-1,-1,-1,-1,-1,-1,-1,-1,-1,-1
4829,1,-1,-1,-1,-1,-1,-1,-1,-1,-1,-1,-1,-1,-1,-1,0.0552392168738677,0.0559482851207866,0.0566319837251376,0.0565020611994913,0.055517477078964,0.0540881085371697,0.0521836976846988,0.0491186753159567,0.0442517627529003,0.0376479640080948,0.0299484068643331,0.0217922190890627,0.0135602660869117,0.00558464046622548,-0.00163274873428998,-0.00747746540040284,-0.0114154403645715,-0.0131845964697715,-0.0130319290850765,-0.0118649161765011,-0.010907426677934,-1,-1,-1,-1,-1,-1,-1,-1,-1,-1,-1,-1,-1
976,1,-1,-1,-1,-1,-1,-1,-1,-1,-1,-1,-1,-1,-1,-1,-1,0.455931955649724,0.322219294733919,-0.184855857212376,-0.184855857212376,-0.184855857212376,-0.184855857212377,-0.184855857212376,0.869231719730976,-1,-1,-1,-1,-1,-1,-1,-1,-1,-1,-1,-1,-1,-1,-1,-1,-1,-1,-1,-1,-1,-1,-1,-1,-1
4825,1,-1,-1,-1,-1,-1,-1,-1,-1,-1,-1,-1,-1,-1,-1,-0.0179725982911348,-0.0177964059279885,-0.0172917673292389,-0.016131986823694,-0.0137596653771303,-0.00954995165448415,-0.00333114898894345,0.00403089964461571,0.0106172614336836,0.0143201404922862,0.0140536018002906,0.0103361660106993,0.00482156216418494,-0.000685080337989391,-0.00488898737750071,-0.00709163814149325,-0.0070829104422821,-0.00518105341461733,-0.00228832658507769,0.000361044047224021,0.00180490162547155,-1,-1,-1,-1,-1,-1,-1,-1,-1,-1,-1,-1,-1
6331,1,-1,-1,-1,-1,-1,-1,-1,-1,-1,-1,-1,-1,-1,-1,-1,0.0211892990699381,0.0202033860882869,-0.0137975617194084,-0.0137975617194084,-0.0137975617194082,-0.0147233316990718,0.181054704113948,-0.220206671255384,-1,-1,-1,-1,-1,-1,-1,-1,-1,-1,-1,-1,-1,-1,-1,-1,-1,-1,-1,-1,-1,-1,-1,-1,-1
6330,1,-1,-1,-1,-1,-1,-1,-1,-1,-1,-1,-1,-1,-1,-1,-1,-0.02590052285307,-0.344368036363504,0.0305049792306333,0.0305049792306331,0.0305049792306333,-0.0132282670769341,-0.524373541837967,0.637972397461915,-1,-1,-1,-1,-1,-1,-1,-1,-1,-1,-1,-1,-1,-1,-1,-1,-1,-1,-1,-1,-1,-1,-1,-1,-1
4575,1,-1,-1,-1,-1,-1,-1,-1,-1,-1,-1,-1,-1,-1,-1,-1,-1,-1,-1,-1,-1,-0.447158031342219,-1,-1,-1,-1,-1,-1,-1,-1,-1,-1,-1,-1,-1,-1,-1,-1,-1,-1,-1,-1,-1,-1,-1,-1,-1,-1,-1
968,1,-1,-1,-1,-1,-1,-1,-1,-1,-1,-1,-1,-1,-1,-1,-1,-1,-1,-1,-1,-1,-1,2.00432137378264,0.241191294031507,-2.24551266781415,1.41497334797082,-1,-1,-1,-1,-1,-1,-1,-1,-1,-1,-1,-1,-1,-1,-1,-1,-1,-1,-1,-1,-1,-1,-1
12288,1,-1,-1,-1,-1,-1,-1,-1,-1,-1,-1,-1,-1,-1,-1,-1,-1,-1,-1,-1,-1,-1,-1,-1,-1,-1,0.0263410672579549,0.0233316529044207,0.0176545492066109,0.0106192790506567,0.00365041563468438,-0.00242298525203855,-0.00738505699680769,-0.0112559561840273,-0.0139511075007663,-0.0152970180599248,-1,-1,-1,-1,-1,-1,-1,-1,-1,-1,-1,-1,-1
12287,1,-1,-1,-1,-1,-1,-1,-1,-1,-1,-1,-1,-1,-1,-1,-1,-1,-1,-1,-1,-1,-1,-1,-1,-1,-1,-0.291270158374825,0.553613362256506,0.143422142302313,0.0133639615579817,0.0897063601548933,0.00456355668695463,-0.0214542743815873,-0.0214542743815871,-0.0845595746216272,-1,-1,-1,-1,-1,-1,-1,-1,-1,-1,-1,-1,-1,-1
12285,1,-1,-1,-1,-1,-1,-1,-1,-1,-1,-1,-1,-1,-1,-1,-1,-1,-1,-1,-1,-1,-1,-1,-1,-1,-1,-0.0354420305841348,-0.0359462731106908,-0.0357287951947285,-0.0332731354095335,-0.0280822753040602,-0.0209740610361902,-0.0132946377658731,-0.00608852771011104,-7.9336416882736e-06,0.00434316849893901,0.00648706719416725,-1,-1,-1,-1,-1,-1,-1,-1,-1,-1,-1,-1
4524,1,-1,-1,-1,-1,-1,-1,-1,-1,-1,-1,-1,-1,-1,-1,-1,-1,-1,-1,-1,-1,-1,-1,-1,-1,-1,-0.0113859894242436,-0.0113859894250012,-0.011385989425909,-0.0113859894260404,-0.011385989425011,-0.0113859894234012,-0.011385989422277,-1,-1,-1,-1,-1,-1,-1,-1,-1,-1,-1,-1,-1,-1,-1,-1
9098,1,-1,-1,-1,-1,-1,-1,-1,-1,-1,-1,-1,-1,-1,-1,-1,-1,-1,-1,-1,-1,-1,-1,-1,-1,-1,-1,-1,-1,-1,-0.330993219041425,-0.21162958443467,0.366531544420413,-1,-1,-1,-1,-1,-1,-1,-1,-1,-1,-1,-1,-1,-1,-1,-1
9097,1,-1,-1,-1,-1,-1,-1,-1,-1,-1,-1,-1,-1,-1,-1,-1,-1,-1,-1,-1,-1,-1,-1,-1,-1,-1,-1,-1,-1,-1,0.0152399665567369,0.0147232568207063,-1,-1,-1,-1,-1,-1,-1,-1,-1,-1,-1,-1,-1,-1,-1,-1,-1
9096,1,-1,-1,-1,-1,-1,-1,-1,-1,-1,-1,-1,-1,-1,-1,-1,-1,-1,-1,-1,-1,-1,-1,-1,-1,-1,-1,-1,-1,-1,0.13321126257429,-0.247154614881127,0.0791812460476247,-1,-1,-1,-1,-1,-1,-1,-1,-1,-1,-1,-1,-1,-1,-1,-1
9095,1,-1,-1,-1,-1,-1,-1,-1,-1,-1,-1,-1,-1,-1,-1,-1,-1,-1,-1,-1,-1,-1,-1,-1,-1,-1,-1,-1,-1,-1,-0.301029995663981,0.216709109963945,-0.333214679035382,-1,-1,-1,-1,-1,-1,-1,-1,-1,-1,-1,-1,-1,-1,-1,-1
4824,1,-1,-1,-1,-1,-1,-1,-1,-1,-1,-1,-1,-1,-1,-1,0.0713986700857431,0.0681939601048161,0.0610893222870578,0.0470677487283851,0.0250955151954496,-0.00120953112520333,-0.0239577548555344,-0.0347990420599768,-0.0302934642446129,-0.0145748892147133,0.00341817747220774,0.0160886670189543,0.0214532814011117,0.0222963835223173,0.0220739784013467,0.0220749987477714,0.0219603173323795,0.0217029579692998,0.0220221303224006,0.0231493986971613,0.0241879787308658,-1,-1,-1,-1,-1,-1,-1,-1,-1,-1,-1,-1,-1
8752,1,-1,-1,-1,-1,-1,-1,-1,-1,-1,-1,-1,-1,-1,-1,-1,-0.057564281279018,0.134242382172839,-1,-1,-1,-1,-1,-1,-1,-1,-1,-1,-1,-1,-1,-1,-1,-1,-1,-1,-1,-1,-1,-1,-1,-1,-1,-1,-1,-1,-1,-1,-1
908,1,-1,-1,-1,-1,-1,-1,-1,-1,-1,-1,-1,-1,-1,-1,-1,-0.0821867561873502,0.115134833114256,0.385875497270657,-0.0979306820604635,-0.56020306830415,0.210567739206667,-1,-1,-1,-1,-1,-1,-1,-1,-1,-1,-1,-1,-1,-1,-1,-1,-1,-1,-1,-1,-1,-1,-1,-1,-1,-1,-1
907,1,-1,-1,-1,-1,-1,-1,-1,-1,-1,-1,-1,-1,-1,-1,-1,0.107268464426312,-0.0961794922607004,0.419303060287564,-0.0798766737092764,0.116505569071437,-0.0175957314311623,-1,-1,-1,-1,-1,-1,-1,-1,-1,-1,-1,-1,-1,-1,-1,-1,-1,-1,-1,-1,-1,-1,-1,-1,-1,-1,-1
906,1,-1,-1,-1,-1,-1,-1,-1,-1,-1,-1,-1,-1,-1,-1,-1,-1,-0.0969100130080565,0.397940008672037,-0.176091259055681,-0.823908740944319,0.823908740944319,-1,-1,-1,-1,-1,-1,-1,-1,-1,-1,-1,-1,-1,-1,-1,-1,-1,-1,-1,-1,-1,-1,-1,-1,-1,-1,-1
909,1,-1,-1,-1,-1,-1,-1,-1,-1,-1,-1,-1,-1,-1,-1,-1,-1,-1,-1,-1,-1,-1,-0.361027925339267,0.045757490560675,-0.301029995663981,-0.0299632233774434,-1,-1,-1,-1,-1,-1,-1,-1,-1,-1,-1,-1,-1,-1,-1,-1,-1,-1,-1,-1,-1,-1,-1
8680,1,-1,-1,-1,-1,-1,-1,-1,-1,-1,-1,-1,-1,-1,-1,-1,-1,-1,-1,-1,-1,-1,-1,-1,-1,-1,-1,-1,-1,-0.0964501987968625,0.103749437538362,0.0347621062592118,-1,-1,-1,-1,-1,-1,-1,-1,-1,-1,-1,-1,-1,-1,-1,-1,-1
967,1,-1,-1,-1,-1,-1,-1,-1,-1,-1,-1,-1,-1,-1,-1,-1,-1,0.679946767022588,-0.503855507966907,-0.208275942427083,-1,-1,-1,-1,-1,-1,-1,-1,-1,-1,-1,-1,-1,-1,-1,-1,-1,-1,-1,-1,-1,-1,-1,-1,-1,-1,-1,-1,-1
962,1,-1,-1,-1,-1,-1,-1,-1,-1,-1,-1,-1,-1,-1,-1,-1,-1,0.380211241711606,-0.982271233039568,0.934498451243568,-1.63346845557959,-1,-1,-1,-1,-1,-1,-1,-1,-1,-1,-1,-1,-1,-1,-1,-1,-1,-1,-1,-1,-1,-1,-1,-1,-1,-1,-1,-1
961,1,-1,-1,-1,-1,-1,-1,-1,-1,-1,-1,-1,-1,-1,-1,-1,-1,0.389166084364532,-0.0991314730020145,0.0991314730020145,-1.69019608002851,-1,-1,-1,-1,-1,-1,-1,-1,-1,-1,-1,-1,-1,-1,-1,-1,-1,-1,-1,-1,-1,-1,-1,-1,-1,-1,-1,-1
952,1,-1,-1,-1,-1,-1,-1,-1,-1,-1,-1,-1,-1,-1,-1,-1,-1,0.0487526367900344,-0.358382804215933,-0.333922703888719,-0.817344971441931,-1,-1,-1,-1,-1,-1,-1,-1,-1,-1,-1,-1,-1,-1,-1,-1,-1,-1,-1,-1,-1,-1,-1,-1,-1,-1,-1,-1
950,1,-1,-1,-1,-1,-1,-1,-1,-1,-1,-1,-1,-1,-1,-1,-1,-1,0.966141732739033,0.0115818725498151,0.402487636422758,-1.98227123303957,-1,-1,-1,-1,-1,-1,-1,-1,-1,-1,-1,-1,-1,-1,-1,-1,-1,-1,-1,-1,-1,-1,-1,-1,-1,-1,-1,-1
949,1,-1,-1,-1,-1,-1,-1,-1,-1,-1,-1,-1,-1,-1,-1,-1,-1,1.01072386539177,-0.709693869727792,1.09254520760561,-1.99563519459755,-1,-1,-1,-1,-1,-1,-1,-1,-1,-1,-1,-1,-1,-1,-1,-1,-1,-1,-1,-1,-1,-1,-1,-1,-1,-1,-1,-1
942,1,-1,-1,-1,-1,-1,-1,-1,-1,-1,-1,-1,-1,-1,-1,-1,-1,0.301029995663981,0.301029995663981,-0.301029995663981,0.602059991327962,-1,-1,-1,-1,-1,-1,-1,-1,-1,-1,-1,-1,-1,-1,-1,-1,-1,-1,-1,-1,-1,-1,-1,-1,-1,-1,-1,-1
934,1,-1,-1,-1,-1,-1,-1,-1,-1,-1,-1,-1,-1,-1,-1,-1,-1,-0.0689435493866888,0.198834386194241,0.0258072636062856,-1.29003461136252,-1,-1,-1,-1,-1,-1,-1,-1,-1,-1,-1,-1,-1,-1,-1,-1,-1,-1,-1,-1,-1,-1,-1,-1,-1,-1,-1,-1
933,1,-1,-1,-1,-1,-1,-1,-1,-1,-1,-1,-1,-1,-1,-1,-1,-1,0.0120645114013809,0.182000118666202,-0.06759937349781,-1.2373609157946,-1,-1,-1,-1,-1,-1,-1,-1,-1,-1,-1,-1,-1,-1,-1,-1,-1,-1,-1,-1,-1,-1,-1,-1,-1,-1,-1,-1
904,1,-1,-1,-1,-1,-1,-1,-1,-1,-1,-1,-1,-1,-1,-1,-1,-1,-0.0847137346475859,-0.490694061908936,0.321233381752268,0.0641174996117488,-1,-1,-1,-1,-1,-1,-1,-1,-1,-1,-1,-1,-1,-1,-1,-1,-1,-1,-1,-1,-1,-1,-1,-1,-1,-1,-1,-1
6186,1,-1,-1,-1,-1,-1,-1,-1,-1,-1,-1,-1,-1,-1,-1,-1,-1,-1,-1,0.195226269495942,0.331741357868818,0.522878745280337,-1,-1,-1,-1,-1,-1,-1,-1,-1,-1,-1,-1,-1,-1,-1,-1,-1,-1,-1,-1,-1,-1,-1,-1,-1,-1,-1
4528,1,-1,-1,-1,-1,-1,-1,-1,-1,-1,-1,-1,-1,-1,-1,-1,-1,-1,-1,0.583576585633949,0.122572003329193,0.68301749540139,-0.108511848072269,0.06341039159692,-0.504167781560734,-1,-1,-1,-1,-1,-1,-1,-1,-1,-1,-1,-1,-1,-1,-1,-1,-1,-1,-1,-1,-1,-1,-1,-1
932,1,-1,-1,-1,-1,-1,-1,-1,-1,-1,-1,-1,-1,-1,-1,-1,-1,-1,-1,0.622268759737308,0.536718880469787,0.339795044819836,0.0558021796692199,-0.220985382026619,-0.367123648444421,-0.312820176484712,-0.108976701594635,0.0951119249323886,0.168677308015139,0.110794684644532,0.0373785540886642,0.0465315497860037,0.106798441397842,0.0994776545346912,-0.0297975855816373,-0.191728112111832,-0.248899633754981,-0.175904906456582,-0.0848075911801789,-1,-1,-1,-1,-1,-1,-1,-1,-1,-1
11890,1,-1,-1,-1,-1,-1,-1,-1,-1,-1,-1,-1,-1,-1,-1,-1,-1,-1,-1,-1,0.468465700333105,0.35929699012471,0.112393236395478,-0.200153571305432,-0.398611851641585,-0.342205793285692,-0.0868487622662051,0.140826532253695,0.164407392531795,0.0388804650356791,-0.0295413790402859,0.0576253991314821,0.169771113636255,0.121170065790432,-0.0802887501369085,-0.235575908577882,-0.206634887706233,-0.0828452364471886,-0.0438631074664382,-0.115870319753034,-0.157592574958196,-0.0811934685550357,0.0211573037959347,-1,-1,-1,-1,-1,-1
11892,1,-1,-1,-1,-1,-1,-1,-1,-1,-1,-1,-1,-1,-1,-1,-1,-1,-1,-1,-1,-1,-1,-1,-1,-1,-1,-1,-1,-1,-1,-1,-1,-1,-1,0.524894036515663,-0.223864040851682,-0.153941131094046,-0.0196324717403891,0.260264450660805,-1,-1,-1,-1,-1,-1,-1,-1,-1,-1
11891,1,-1,-1,-1,-1,-1,-1,-1,-1,-1,-1,-1,-1,-1,-1,-1,-1,-1,-1,-1,-1,-1,-1,-1,-1,-1,-1,-1,-1,-1,-1,-1,-1,-1,-1,0.396554206986655,-0.42706821432225,-0.42706821432225,0.269014859232818,-1,-1,-1,-1,-1,-1,-1,-1,-1,-1
4542,1,-1,-1,-1,-1,-1,-1,-1,-1,-1,-1,-1,-1,-1,-1,-1,-1,-1,-1,-1,0.511883360978874,-1,-1,-1,-1,-1,-1,-1,-1,-1,-1,-1,-1,-1,-1,-1,-1,-1,-1,-1,-1,-1,-1,-1,-1,-1,-1,-1,-1
19697,1,-1,-1,-1,-1,-1,-1,-1,-1,-1,-1,-1,-1,-1,-1,-1,-1,-1,-1,-1,-1,0.021066098250424,0.0197614517647393,0.0169105961387928,0.0112869923310117,0.00139549828031837,-0.0112918337849872,-0.0207953153102229,-0.0205819553379079,-0.00999997250327533,0.00404035378980083,0.0126862537157546,0.0123814445400234,0.00646330591695499,0.000523022993594857,-0.00270207935894273,-0.00414395212009699,-0.00578538851848709,-0.00832601984470616,-0.0108810240497421,-0.0118575496791697,-0.0101092943747849,-0.00628647695806395,-0.00357271075721188,-0.0061257135784456,-0.0153144477008134,-0.0271922407267962,-0.035026876612096,-1
4520,1,-1,-1,-1,-1,-1,-1,-1,-1,-1,-1,-1,-1,-1,-1,-1,-1,-1,-1,-1,-1,-1,-1,-1,-1,-1,-0.0444416173816968,-0.0444416173816966,-0.0444416173816968,-0.0444416173816966,-0.0444416173816968,-0.0444416173816966,-0.0444416173816968,-1,-1,-1,-1,-1,-1,-1,-1,-1,-1,-1,-1,-1,-1,-1,-1
987,1,-1,-1,-1,-1,-1,-1,-1,-1,-1,-1,-1,-1,-1,-1,-1,-1,-1,-1,-1,-1,-1,0.150859388676621,-0.453279127868608,-0.0660197999896539,-0.163316971019252,-0.118689787331298,-1,-1,-1,-1,-1,-1,-1,-1,-1,-1,-1,-1,-1,-1,-1,-1,-1,-1,-1,-1,-1,-1
6332,1,-1,-1,-1,-1,-1,-1,-1,-1,-1,-1,-1,-1,-1,-1,-1,-1,-1,-1,-1,-1,-1,-1,-1,-0.0353410370028882,-0.290285721217391,-1,-1,-1,-1,-1,-1,-1,-1,-1,-1,-1,-1,-1,-1,-1,-1,-1,-1,-1,-1,-1,-1,-1
905,1,-1,-1,-1,-1,-1,-1,-1,-1,-1,-1,-1,-1,-1,-1,-1,-1,-1,-1,-1,-1,-1,-0.0147232568207065,-0.0894859949288493,-0.163396988427476,0.205458333428187,-1,-1,-1,-1,-1,-1,-1,-1,-1,-1,-1,-1,-1,-1,-1,-1,-1,-1,-1,-1,-1,-1,-1
8791,1,-1,-1,-1,-1,-1,-1,-1,-1,-1,-1,-1,-1,-1,-1,-1,-1,-1,-1,-1,-1,-1,-1,0.0936541457495612,-0.683279498826176,0.596774394866279,-0.633291228692041,0.147215131319452,-0.00546289570150216,-1,-1,-1,-1,-1,-1,-1,-1,-1,-1,-1,-1,-1,-1,-1,-1,-1,-1,-1,-1
25498,1,-1,-1,-1,-1,-1,-1,-1,-1,-1,-1,-1,-1,-1,-1,-1,-1,-1,-1,-1,-1,-1,-1,-1,0.0746216019411963,0.0755000531470098,0.0773442220183522,0.0795645400910739,0.0808776903596593,0.0800934696243484,0.0770057847477731,0.0724781141274135,0.0675956062949685,0.0627619293911664,0.0576367251715924,0.0518513619288938,0.0456558653276747,0.0398627224680601,0.035266558945207,0.0321709086864474,0.030382169635541,0.0295063655129841,0.0291883718367988,-1,-1,-1,-1,-1,-1
8675,1,-1,-1,-1,-1,-1,-1,-1,-1,-1,-1,-1,-1,-1,-1,-1,-1,-1,-1,-1,-1,-1,-1,-1,-0.215599800339355,0.00343317583839386,0.142983552678847,0.142983552678847,0.142983552678847,0.0153633532009565,0.0153633532009565,-1,-1,-1,-1,-1,-1,-1,-1,-1,-1,-1,-1,-1,-1,-1,-1,-1,-1
18000,1,-1,-1,-1,-1,-1,-1,-1,-1,-1,-1,-1,-1,-1,-1,-1,-1,-1,-1,-1,-1,-1,-1,-1,-1,-0.00537929883447141,-0.00537929883527677,-0.00537929883684174,-0.00537929883898003,-0.00537929884158506,-0.00537929884438393,-0.00537929884716593,-0.00537929884984978,-0.00537929885241173,-0.00537929885478117,-0.00537929885679378,-0.00537929885822241,-0.00537929885891697,-1,-1,-1,-1,-1,-1,-1,-1,-1,-1,-1
4461,1,-1,-1,-1,-1,-1,-1,-1,-1,-1,-1,-1,-1,-1,-1,-1,-1,-1,-1,-1,-1,-1,-1,-1,-1,-1,-1,-1,-1,-1,-1,-1,-1,-0.335756673895119,-1.34104323715774,2.36839500711294,-1,-1,-1,-1,-1,-1,-1,-1,-1,-1,-1,-1,-1
17999,1,-1,-1,-1,-1,-1,-1,-1,-1,-1,-1,-1,-1,-1,-1,-1,-1,-1,-1,-1,-1,-1,-1,-1,-1,-0.0195250691248274,-0.0195250691246018,-0.0195250691241993,-0.0195250691238078,-0.0195250691235034,-0.0195250691233986,-0.0195250691235112,-0.0195250691237447,-0.0195250691239672,-0.0195250691240845,-0.0195250691240771,-0.0195250691239999,-0.0195250691239344,-1,-1,-1,-1,-1,-1,-1,-1,-1,-1,-1
12405,1,-1,-1,-1,-1,-1,-1,-1,-1,-1,-1,-1,-1,-1,-1,-1,-1,-1,-1,-1,-1,-1,-1,-1,-1,-1,-1,-1,1.7294205830536,0.441920891865176,-1,-1,-1,-1,-1,-1,-1,-1,-1,-1,-1,-1,-1,-1,-1,-1,-1,-1,-1
13278,1,-1,-1,-1,-1,-1,-1,-1,-1,-1,-1,-1,-1,-1,-1,-1,-1,-1,-1,-1,-1,-1,-1,-1,-1,-1,-1,-1,-1,-0.328332907617833,-0.384877535832796,0.798446018793552,-1,-1,-1,-1,-1,-1,-1,-1,-1,-1,-1,-1,-1,-1,-1,-1,-1
4458,1,-1,-1,-1,-1,-1,-1,-1,-1,-1,-1,-1,-1,-1,-1,-1,-1,-1,-1,-1,-1,-1,-1,-1,-1,-1,-1,-1,-1,-1,-1,0.250977839877107,0.0577952110821804,-0.175894523160175,0.148481941071715,-0.52050973372912,0.3896621375103,-1,-1,-1,-1,-1,-1,-1,-1,-1,-1,-1,-1
4462,1,-1,-1,-1,-1,-1,-1,-1,-1,-1,-1,-1,-1,-1,-1,-1,-1,-1,-1,-1,-1,-1,-1,-1,-1,-1,-1,-1,-1,-1,-1,-1,-1,-0.11778103102168,0.18599954771593,0.0892231843417653,-1,-1,-1,-1,-1,-1,-1,-1,-1,-1,-1,-1,-1
17998,1,-1,-1,-1,-1,-1,-1,-1,-1,-1,-1,-1,-1,-1,-1,-1,-1,-1,-1,-1,-1,-1,-1,-1,-1,-0.131473336725181,-0.13147333672515,-0.131473336725093,-0.131473336725034,-0.131473336724982,-0.131473336724952,-0.131473336724949,-0.131473336724975,-0.131473336725026,-0.131473336725097,-0.131473336725176,-0.131473336725242,-0.131473336725278,-1,-1,-1,-1,-1,-1,-1,-1,-1,-1,-1
4456,1,-1,-1,-1,-1,-1,-1,-1,-1,-1,-1,-1,-1,-1,-1,-1,-1,-1,-1,-1,-1,-1,-1,-1,-1,-1,-1,-1,-1,-1,0.756520746965055,-0.838990560554309,-0.838990560554309,-0.838990560554309,1.46689558612777,-0.143701881108702,0.51069879125004,-1,-1,-1,-1,-1,-1,-1,-1,-1,-1,-1,-1
8670,1,-1,-1,-1,-1,-1,-1,-1,-1,-1,-1,-1,-1,-1,-1,-1,-1,-1,-1,-1,-1,-1,-1,-1,-1,-0.4323089103033,0.298524732174082,0.298524732174082,0.298524732174082,-0.162235290554965,0.0560205660079971,-1,-1,-1,-1,-1,-1,-1,-1,-1,-1,-1,-1,-1,-1,-1,-1,-1,-1
13254,1,-1,-1,-1,-1,-1,-1,-1,-1,-1,-1,-1,-1,-1,-1,-1,-1,-1,-1,-1,-1,-1,-1,-1,-1,-1,-0.0544574751993119,-0.0545672550847549,-0.0535673527680949,-0.0503070600110451,-0.0450272350158194,-0.0392234007007757,-0.0342849010203463,-0.0304972052114993,-0.0274205258248419,-0.0249436537266969,-0.0235416186045587,-1,-1,-1,-1,-1,-1,-1,-1,-1,-1,-1,-1
13253,1,-1,-1,-1,-1,-1,-1,-1,-1,-1,-1,-1,-1,-1,-1,-1,-1,-1,-1,-1,-1,-1,-1,-1,-1,-1,0.0832309827302284,0.0743123134621873,0.0570557023537361,0.0354983263713573,0.0151825807499051,1.26948391718784e-05,-0.00961142207570509,-0.0161810182013775,-0.0223352033996125,-0.0283147308727496,-0.0321178509978997,-1,-1,-1,-1,-1,-1,-1,-1,-1,-1,-1,-1
12410,1,-1,-1,-1,-1,-1,-1,-1,-1,-1,-1,-1,-1,-1,-1,-1,-1,-1,-1,-1,-1,-1,-1,-1,-1,-1,-1,-1,-0.264817823009536,-0.2518119729938,-1,-1,-1,-1,-1,-1,-1,-1,-1,-1,-1,-1,-1,-1,-1,-1,-1,-1,-1
12375,1,-1,-1,-1,-1,-1,-1,-1,-1,-1,-1,-1,-1,-1,-1,-1,-1,-1,-1,-1,-1,-1,-1,-1,-1,-1,-1,-1,-1,0.124931611361474,-0.179815906772009,-1,-1,-1,-1,-1,-1,-1,-1,-1,-1,-1,-1,-1,-1,-1,-1,-1,-1
4327,1,-1,-1,-1,-1,-1,-1,-1,-1,-1,-1,-1,-1,-1,-1,-1,-1,-1,-1,-1,-1,-1,-1,-1,-1,-1,-1,-1,0.0529057209954193,0.0529057209954198,0.0529057209954193,-1,-1,-1,-1,-1,-1,-1,-1,-1,-1,-1,-1,-1,-1,-1,-1,-1,-1
12013,1,-1,-1,-1,-1,-1,-1,-1,-1,-1,-1,-1,-1,-1,-1,-1,-1,-1,-1,-1,-1,-1,-1,-1,-1,-1,-1,-1,-1,-1,0.022857966394958,-0.00819286986929457,-0.0573059013943835,-0.0972710841878186,-0.103408378846838,-0.0708613273648606,-0.0199078426867934,0.0166673188460289,0.0179256540090069,-0.00819289353666774,-0.0325671854470222,-1,-1,-1,-1,-1,-1,-1,-1
12383,1,-1,-1,-1,-1,-1,-1,-1,-1,-1,-1,-1,-1,-1,-1,-1,-1,-1,-1,-1,-1,-1,-1,-1,-1,-1,-1,-1,-1,-1,-1,-1,-1,-1,0.199572354905204,-1,-1,-1,-1,-1,-1,-1,-1,-1,-1,-1,-1,-1,-1
25584,1,-1,-1,-1,-1,-1,-1,-1,-1,-1,-1,-1,-1,-1,-1,-1,-1,-1,-1,-1,-1,-1,-1,-1,-1,-1,-1,-1,-1,-1,-1,-1,-1,-1,-1,-1,-1,-1,-1,-1,-1,-1,-1,-0.145386772678779,0.204518600840773,0.0737939960307399,0.0260782422140997,0.0260782422140999,0.0260782422140997
25583,1,-1,-1,-1,-1,-1,-1,-1,-1,-1,-1,-1,-1,-1,-1,-1,-1,-1,-1,-1,-1,-1,-1,-1,-1,-1,-1,-1,-1,-1,-1,-1,-1,-1,-1,-1,-1,-1,-1,-1,-1,-1,-1,0.0075096017787456,0.0812444066113982,0.136615387458855,-0.0139228450048574,-0.0139228450048573,-0.0139228450048574
25582,1,-1,-1,-1,-1,-1,-1,-1,-1,-1,-1,-1,-1,-1,-1,-1,-1,-1,-1,-1,-1,-1,-1,-1,-1,-1,-1,-1,-1,-1,-1,-1,-1,-1,-1,-1,-1,-1,-1,-1,-1,-1,-1,-0.140015893610402,-0.149921024695377,-1,-1,-1,-1
25581,1,-1,-1,-1,-1,-1,-1,-1,-1,-1,-1,-1,-1,-1,-1,-1,-1,-1,-1,-1,-1,-1,-1,-1,-1,-1,-1,-1,-1,-1,-1,-1,-1,-1,-1,-1,-1,-1,-1,-1,-1,-1,-1,0.0103520379016772,-0.132758437994582,-1,-1,-1,-1
25580,1,-1,-1,-1,-1,-1,-1,-1,-1,-1,-1,-1,-1,-1,-1,-1,-1,-1,-1,-1,-1,-1,-1,-1,-1,-1,-1,-1,-1,-1,-1,-1,-1,-1,-1,-1,-1,-1,-1,-1,-1,-1,-1,-0.211891460865784,0.17801718009172,-1,-1,-1,-1
25579,1,-1,-1,-1,-1,-1,-1,-1,-1,-1,-1,-1,-1,-1,-1,-1,-1,-1,-1,-1,-1,-1,-1,-1,-1,-1,-1,-1,-1,-1,-1,-1,-1,-1,-1,-1,-1,-1,-1,-1,-1,-1,-1,-0.28940584846835,-0.0358496374578067,-1,-1,-1,-1
25578,1,-1,-1,-1,-1,-1,-1,-1,-1,-1,-1,-1,-1,-1,-1,-1,-1,-1,-1,-1,-1,-1,-1,-1,-1,-1,-1,-1,-1,-1,-1,-1,-1,-1,-1,-1,-1,-1,-1,-1,-1,-1,-1,-0.0690115469856223,-0.0602600604332604,0.00843316753686274,0.0535447693306186,0.0535447693306186,0.0535447693306188
25577,1,-1,-1,-1,-1,-1,-1,-1,-1,-1,-1,-1,-1,-1,-1,-1,-1,-1,-1,-1,-1,-1,-1,-1,-1,-1,-1,-1,-1,-1,-1,-1,-1,-1,-1,-1,-1,-1,-1,-1,-1,-1,-1,-0.0575291930906403,-0.0577937747260606,0.164309428507574,-0.02719215286239,-0.0271921528623902,-0.0271921528623902
25576,1,-1,-1,-1,-1,-1,-1,-1,-1,-1,-1,-1,-1,-1,-1,-1,-1,-1,-1,-1,-1,-1,-1,-1,-1,-1,-1,-1,-1,-1,-1,-1,-1,-1,-1,-1,-1,-1,-1,-1,-1,-1,-1,-0.109714036040348,0.120025850711858,-0.059476715883378,0.0186473552544324,0.0186473552544326,0.0186473552544326
25575,1,-1,-1,-1,-1,-1,-1,-1,-1,-1,-1,-1,-1,-1,-1,-1,-1,-1,-1,-1,-1,-1,-1,-1,-1,-1,-1,-1,-1,-1,-1,-1,-1,-1,-1,-1,-1,-1,-1,-1,-1,-1,-1,-0.177403327974814,-0.0755173962087539,0.0570625559425737,-0.0342588716278138,-0.0342588716278136,-0.0342588716278138
17739,1,-1,-1,-1,-1,-1,-1,-1,-1,-1,-1,-1,-1,-1,-1,-1,-1,-1,-1,-1,-1,-1,-1,-1,-1,-1,-1,-1,-1,-1,-1,1.22936046346039,-0.074089048342287,0.875664031679861,0.330269796638888,-0.22563280014209,-1,-1,-1,-1,-1,-1,-1,-1,-1,-1,-1,-1,-1
17738,1,-1,-1,-1,-1,-1,-1,-1,-1,-1,-1,-1,-1,-1,-1,-1,-1,-1,-1,-1,-1,-1,-1,-1,-1,-1,-1,-1,-1,-1,-1,-0.0193051551953867,0.456917868631376,-0.267861632411327,0.121733596733089,0,-1,-1,-1,-1,-1,-1,-1,-1,-1,-1,-1,-1,-1
17737,1,-1,-1,-1,-1,-1,-1,-1,-1,-1,-1,-1,-1,-1,-1,-1,-1,-1,-1,-1,-1,-1,-1,-1,-1,-1,-1,-1,-1,-1,-1,0.195226269495942,0.0427519804209497,-0.177791043933576,0.0917703733556456,-0.123562207779497,-1,-1,-1,-1,-1,-1,-1,-1,-1,-1,-1,-1,-1
22024,1,-1,-1,-1,-1,-1,-1,-1,-1,-1,-1,-1,-1,-1,-1,-1,-1,-1,-1,-1,-1,-1,-1,-1,-1,-1,-1,-1,-1,-1,-1,-1,-1,-0.514909815609062,-1,-1,-1,-1,-1,-1,-1,-1,-1,-1,-1,-1,-1,-1,-1
12684,1,-1,-1,-1,-1,-1,-1,-1,-1,-1,-1,-1,-1,-1,-1,-1,-1,-1,-1,-1,-1,-1,-1,-1,-1,-1,-1,-1,-1,-1,-1,-1,-1,-0.514909815609062,-1,-1,-1,-1,-1,-1,-1,-1,-1,-1,-1,-1,-1,-1,-1
19676,1,-1,-1,-1,-1,-1,-1,-1,-1,-1,-1,-1,-1,-1,-1,-1,-1,-1,-1,-1,-1,-1,-1,-1,-1,-1,-1,-1,-1,-1,-1,-1,-1,-1,-1,-1,-1,-1,-1,-1,-0.387216143280265,-1,-1,-1,-1,-1,-1,-1,-1
11987,1,-1,-1,-1,-1,-1,-1,-1,-1,-1,-1,-1,-1,-1,-1,-1,-1,-1,-1,-1,-1,-1,-1,-1,-1,-1,-1,-1,-1,-1,-1,-1,-1,-1,-1,-1,-0.273407597821028,-0.0571217139497562,0.015932239189953,-1,-1,-1,-1,-1,-1,-1,-1,-1,-1
11985,1,-1,-1,-1,-1,-1,-1,-1,-1,-1,-1,-1,-1,-1,-1,-1,-1,-1,-1,-1,-1,-1,-1,-1,-1,-1,-1,-1,-1,-1,-1,-1,-1,-1,-1,-1,0.244243418546666,-0.0966693399723026,-0.0324623948688125,-1,-1,-1,-1,-1,-1,-1,-1,-1,-1
11988,1,-1,-1,-1,-1,-1,-1,-1,-1,-1,-1,-1,-1,-1,-1,-1,-1,-1,-1,-1,-1,-1,-1,-1,-1,-1,-1,-1,-1,-1,-1,-1,-1,-1,-1,-1,-1,-1,0.109518377740806,-1,-1,-1,-1,-1,-1,-1,-1,-1,-1
