population_id,1970,1971,1972,1973,1974,1975,1976,1977,1978,1979,1980,1981,1982,1983,1984,1985,1986,1987,1988,1989,1990,1991,1992,1993,1994,1995,1996,1997,1998,1999,2000,2001,2002,2003,2004,2005,2006,2007,2008,2009,2010,2011,2012,2013,2014,2015,2016
11374,1,-1,0.230054017353626,0.128297383213562,0.0253931266704004,-0.0125906623723031,-0.060918644684721,-0.212304202897347,-0.413937237206244,-0.521201881615417,-0.479567374249389,-0.358618355004316,-0.210682418077116,0.00093488512654416,0.288759585526221,0.53501625304188,0.580278260765775,0.398178133192293,0.122549493816132,-0.091343885824966,-0.181912062047537,-0.166688772258828,-0.0836244421483653,0.0202154846190767,0.0863807265643572,0.080801444373456,0.0249150421359384,-0.0340601239217697,-0.0747215208513725,-0.103636462600743,-0.122274696234431,-1,-1,-1,-1,-1,-1,-1,-1,-1,-1,-1,-1,-1,-1,-1,-1
11373,1,-1,-0.0370880277459209,-0.0378714916519867,-0.039315687289355,-0.0409847956649543,-0.0423077276352588,-0.0426157820350546,-0.0411133264249941,-0.0371947497611844,-0.031053341482808,-0.0238906975540338,-0.0172183268397061,-0.0117812455957087,-0.00724300118376142,-0.00297658750510177,0.00101979727835322,0.00417037020954547,0.00611885303835691,0.00711168998945899,0.00748895074000266,0.00709654101075219,0.00549292061884987,0.00264993625035292,-0.000818044516579075,-0.00414419351772177,-0.00692131646752614,-0.0090831484054501,-0.0106195725678826,-0.0115112910956843,-0.0118597788820327,-1,-1,-1,-1,-1,-1,-1,-1,-1,-1,-1,-1,-1,-1,-1,-1
17578,1,-1,-1,-1,-1,-1,-1,-1,-1,-1,-1,-1,-1,-1,-1,-1,-1,-1,0.00399428424636417,0.00399428424703285,0.00399428424799231,0.00399428424870441,0.00399428424896864,0.00399428424896808,0.0039942842489149,0.00399428424884207,0.00399428424873915,0.00399428424859305,0.00399428424848314,-1,-1,-1,-1,-1,-1,-1,-1,-1,-1,-1,-1,-1,-1,-1,-1,-1,-1
17577,1,-1,-1,-1,-1,-1,-1,-1,-1,-1,-1,-1,-1,-1,-1,-1,-1,-1,-0.090958041365817,-0.0909580413660461,-0.0909580413665007,-0.0909580413670998,-0.0909580413677342,-0.0909580413682817,-0.090958041368608,-0.0909580413686157,-0.0909580413683227,-0.0909580413679205,-0.0909580413676556,-1,-1,-1,-1,-1,-1,-1,-1,-1,-1,-1,-1,-1,-1,-1,-1,-1,-1
17575,1,-1,-1,-1,-1,-1,-1,-1,-1,-1,-1,-1,-1,-1,-1,-1,-1,-1,0.0187520095392369,0.0208312362231721,0.020992696964326,0.0150219967463655,0.00283968403208512,-0.011912057325971,-0.0257269151306364,-0.0373992583989313,-0.0467908511114788,-0.0536966321494386,-0.057289728606096,-1,-1,-1,-1,-1,-1,-1,-1,-1,-1,-1,-1,-1,-1,-1,-1,-1,-1
7906,1,-1,-1,-1,-1,-1,-1,-1,-1,-1,-1,-1,-1,-1,-1,-1,-1,-1,-1,-1,-1,-1,-1,0.0334477772959979,0.0334477772959979,0.0334477772959979,0.0334477772959979,0.0334477772959979,0.033447777295998,0.0334477772959979,0.0334477772959979,0.0334477772959979,-1,-1,-1,-1,-1,-1,-1,-1,-1,-1,-1,-1,-1,-1,-1
11372,1,-1,-0.109295194538544,-0.0551274053809326,0.0886118939990278,0.214993147688246,0.156278038667369,-0.0425074785921333,-0.170339870851489,-0.223519309031607,-0.437794252563385,-0.794110337811526,-0.81729429397795,-0.20186997652928,0.579172005315633,0.74285711784149,0.226679892083521,-0.224704528591289,-0.106348038042591,0.194820190860155,0.0877672483501851,-0.290144324110648,-0.319672055004064,0.118449611050011,0.469647612529352,0.345793570766401,0.0279055209296434,-0.0667764530966825,0.00651032428221826,-0.0355634535027055,-0.169037391916182,-1,-1,-1,-1,-1,-1,-1,-1,-1,-1,-1,-1,-1,-1,-1,-1
17582,1,-1,-1,-1,-1,-1,-1,-1,-1,-1,-1,-1,-1,-1,-1,-1,-1,-1,-0.0370574232021016,-0.0354244628752504,-0.0279161190501885,-0.0105467408593301,0.0163975463725228,0.0452233261746128,0.0620019586761736,0.0548880571382181,0.0244431795515598,-0.0137111072598901,-0.0384533446360761,-1,-1,-1,-1,-1,-1,-1,-1,-1,-1,-1,-1,-1,-1,-1,-1,-1,-1
17581,1,-1,-1,-1,-1,-1,-1,-1,-1,-1,-1,-1,-1,-1,-1,-1,-1,-1,0.351915084103571,0.215887910034929,0.0340110451311499,-0.071448187429969,-0.0612591370744336,0.00549824796036313,0.0511297040225167,0.0426556896010618,-0.0153231648432164,-0.0805291242378993,-0.118560010332659,-1,-1,-1,-1,-1,-1,-1,-1,-1,-1,-1,-1,-1,-1,-1,-1,-1,-1
17580,1,-1,-1,-1,-1,-1,-1,-1,-1,-1,-1,-1,-1,-1,-1,-1,-1,-1,0.0365307386238565,0.0365307386243475,0.0365307386252249,0.036530738626148,0.0365307386267209,0.0365307386267721,0.0365307386264992,0.03653073862627,0.036530738626185,0.0365307386262826,0.0365307386264163,-1,-1,-1,-1,-1,-1,-1,-1,-1,-1,-1,-1,-1,-1,-1,-1,-1,-1
7880,1,-1,-1,-1,-1,-1,-1,-1,-1,-1,-1,-1,-1,-1,-1,-1,-1,-1,-1,-1,-1,-1,-1,0.123771483589649,0.123771483589649,0.123771483589648,0.123771483589649,0.123771483589649,0.123771483589648,0.123771483589649,0.123771483589649,0.123771483589649,-1,-1,-1,-1,-1,-1,-1,-1,-1,-1,-1,-1,-1,-1,-1
7947,1,-1,-1,-1,-1,-1,-1,-1,-1,-1,-1,-1,-1,-1,-1,-1,-1,-1,-1,-1,-1,-1,-1,-1,-1,-1,-1,-1,-1,-1,-1,0.136847557257972,-1,-1,-1,-1,-1,-1,-1,-1,-1,-1,-1,-1,-1,-1,-1
7946,1,-1,-1,-1,-1,-1,-1,-1,-1,-1,-1,-1,-1,-1,-1,-1,-1,-1,-1,-1,-1,-1,-1,-1,-1,-1,-1,-1,-1,-1,-1,0.192952304484886,-1,-1,-1,-1,-1,-1,-1,-1,-1,-1,-1,-1,-1,-1,-1
7945,1,-1,-1,-1,-1,-1,-1,-1,-1,-1,-1,-1,-1,-1,-1,-1,-1,-1,-1,-1,-1,-1,-1,-1,-1,-1,-1,-1,-1,-1,-1,-0.289572126271042,-1,-1,-1,-1,-1,-1,-1,-1,-1,-1,-1,-1,-1,-1,-1
7944,1,-1,-1,-1,-1,-1,-1,-1,-1,-1,-1,-1,-1,-1,-1,-1,-1,-1,-1,-1,-1,-1,-1,-1,-1,-1,-1,-1,-1,-1,-1,0.100696040727459,-1,-1,-1,-1,-1,-1,-1,-1,-1,-1,-1,-1,-1,-1,-1
26665,1,-1,-1,-1,-1,-1,-1,-1,-1,-1,-1,-1,-1,-1,-1,-1,-1,-1,-1,-1,-1,-1,-1,-1,-1,-1,-1,-1,-1,-1,-1,-1,-1,-1,-1,-0.105510184769974,-0.397940008672037,0.0511525224473812,-1,-1,-1,-1,-1,-1,-1,-1,-1
11371,1,-1,0.0394419854900172,0.103094797544233,0.180447727245224,0.204141152360381,0.152443251953293,0.0507455371861711,-0.0757047353910765,-0.219032940232485,-0.352560070979151,-0.40573162581709,-0.310266569880505,-0.080202127953266,0.172236633926261,0.318854018727751,0.315382754545834,0.217398539742027,0.107919534782396,0.0257950964538827,-0.0355590207485332,-0.0832239757169824,-0.102995897846345,-0.0826681324041785,-0.0386805514762286,-0.00639584081039668,-0.00654074457683218,-0.0287953513458611,-0.0483275212065726,-0.0524942022874139,-0.0485742365133249,-1,-1,-1,-1,-1,-1,-1,-1,-1,-1,-1,-1,-1,-1,-1,-1
5545,1,-1,-1,-1,-1,-1,-1,-1,-1,-1,-1,-1,-1,-1,-1,-1,0.163721185455411,0.094794171634109,-0.011191445248371,-0.0973674078763695,-0.127876567935499,-0.113130056140983,-0.091784695540658,-1,-1,-1,-1,-1,-1,-1,-1,-1,-1,-1,-1,-1,-1,-1,-1,-1,-1,-1,-1,-1,-1,-1,-1
11370,1,-1,-0.631661404023037,-0.207189056199566,0.331079721192418,0.598130144288196,0.516962504026962,0.262027601124619,-0.040860195723873,-0.373936910068296,-0.657576134592663,-0.725322394403566,-0.521587594261584,-0.199119878331511,0.0531771912158281,0.197718898450437,0.294841982942674,0.341687487991839,0.274662238740999,0.108419718087781,-0.0340105637847751,-0.0528213765833841,0.0335036957849256,0.143088978461805,0.217382091978302,0.226725794926598,0.154961937288942,0.0321423505737665,-0.0579019871796607,-0.061307497113892,-0.0238412894754869,-1,-1,-1,-1,-1,-1,-1,-1,-1,-1,-1,-1,-1,-1,-1,-1
5550,1,-1,-1,-1,-1,-1,-1,-1,-1,-1,-1,-1,-1,-1,-1,-1,0,0.256577954027893,0.256577954027894,0.256577954027893,0.256577954027894,0.256577954027893,0.979129615299049,-1,-1,-1,-1,-1,-1,-1,-1,-1,-1,-1,-1,-1,-1,-1,-1,-1,-1,-1,-1,-1,-1,-1,-1
26646,1,-1,-1,-1,-1,-1,-1,-1,-1,-1,-1,-1,-1,-1,-1,-1,-1,-1,-1,-1,-1,-1,-1,-1,-1,-1,-1,-1,-1,-1,-1,-1,-1,-1,-1,-0.355387657986574,-0.273001272063738,-0.1249387366083,-1,-1,-1,-1,-1,-1,-1,-1,-1
25493,1,-1,-1,-0.0222209910292919,-0.0222209910292921,-0.0222209910292919,-0.0222209910292921,-0.0222209910292919,-0.0222209910292921,-0.0222209910292919,-0.0222209910292921,-0.0222209910292921,-0.0222209910292919,-0.0222209910292921,-0.0222209910292919,-0.0222209910292919,-0.0222209910292923,-0.0222209910292919,-0.0222209910292919,-0.0222209910292919,-0.0222209910292923,-0.0222209910292919,-0.0222209910292919,-0.0222209910292923,-0.0222209910292919,-0.0222209910292919,-0.0222209910292923,-0.0222209910292919,-0.0222209910292919,-0.0222209910292919,-0.0222209910292923,-0.0222209910292919,-0.0222209910292919,-0.0222209910292923,-0.0222209910292919,-0.0222209910292919,-0.0222209910292919,-0.0222209910292919,-0.0222209910292923,-0.0222209910292919,-0.0222209910292919,-0.0222209910292923,-0.0222209910292919,-0.0222209910292919,-0.0222209910292923,-0.0222209910292919,-0.0222209910292919
26660,1,-1,-1,-1,-1,-1,-1,-1,-1,-1,-1,-1,-1,-1,-1,-1,-1,-1,-1,-1,-1,-1,-1,-1,-1,-1,-1,-1,-1,-1,-1,-1,-1,-1,-1,-0.49008623188403,0.57139117156151,0.103219486915064,-1,-1,-1,-1,-1,-1,-1,-1,-1
25492,1,-1,-1,-0.00684159081054503,-0.00684159081054503,-0.00684159081054503,-0.00684159081054503,-0.00684159081054503,-0.00684159081054503,-0.00684159081054503,-0.00684159081054503,-0.00684159081054503,-0.00684159081054503,-0.00684159081054503,-0.00684159081054503,-0.00684159081054503,-0.00684159081054503,-0.00684159081054503,-0.00684159081054503,-0.00684159081054503,-0.00684159081054503,-0.00684159081054503,-0.00684159081054503,-0.00684159081054503,-0.00684159081054503,-0.00684159081054503,-0.00684159081054503,-0.00684159081054503,-0.00684159081054503,-0.00684159081054503,-0.00684159081054503,-0.00684159081054503,-0.00684159081054503,-0.00684159081054503,-0.00684159081054503,-0.00684159081054503,-0.00684159081054503,-0.00684159081054503,-0.00684159081054503,-0.00684159081054503,-0.00684159081054503,-0.00684159081054503,-0.00684159081054503,-0.00684159081054503,-0.00684159081054503,-0.00684159081054503,-0.00684159081054503
25491,1,-1,-1,0.0108436648799923,0.0108436648799923,0.0108436648799923,0.0108436648799923,0.0108436648799923,0.0108436648799923,0.0108436648799923,0.0108436648799923,0.0108436648799923,0.0108436648799923,0.0108436648799923,0.0108436648799923,0.0108436648799923,0.0108436648799923,0.0108436648799923,0.0108436648799923,0.0108436648799923,0.0108436648799923,0.0108436648799923,0.0108436648799923,0.0108436648799923,0.0108436648799923,0.0108436648799923,0.0108436648799923,0.0108436648799923,0.0108436648799923,0.0108436648799923,0.0108436648799923,0.0108436648799923,0.0108436648799923,0.0108436648799923,0.0108436648799923,0.0108436648799923,0.0108436648799923,0.0108436648799923,0.0108436648799923,0.0108436648799923,0.0108436648799919,0.0108436648799928,0.0108436648799923,0.0108436648799923,0.0108436648799919,0.0108436648799928,0.0108436648799923
25490,1,-1,-1,-0.0397315460683227,-0.0397315460683227,-0.0397315460683227,-0.0397315460683227,-0.0397315460683227,-0.0397315460683227,-0.0397315460683227,-0.0397315460683227,-0.0397315460683227,-0.0397315460683227,-0.0397315460683227,-0.0397315460683227,-0.0397315460683227,-0.0397315460683227,-0.0397315460683227,-0.0397315460683227,-0.0397315460683227,-0.0397315460683227,-0.039731546068323,-0.0397315460683223,-0.0397315460683227,-0.0397315460683227,-0.0397315460683227,-0.0397315460683227,-0.0397315460683227,-0.0397315460683227,-0.0397315460683227,-0.0397315460683227,-0.0397315460683227,-0.0397315460683227,-0.0397315460683227,-0.0397315460683227,-0.0397315460683227,-0.0397315460683227,-0.0397315460683227,-0.0397315460683227,-0.0397315460683227,-0.0397315460683227,-0.0397315460683227,-0.0397315460683227,-0.0397315460683227,-0.0397315460683227,-0.0397315460683227,-0.0397315460683227
26631,1,-1,-1,-1,-1,-1,-1,-1,-1,-1,-1,-1,-1,-1,-1,-1,-1,-1,-1,-1,-1,-1,-1,-1,-1,-1,-1,-1,-1,-1,-1,-1,-1,-1,-1,-1,-1,-1,-1,-0.0841757140028827,-0.0819773613491661,-0.0769312440305234,-0.0687570321813675,-0.0580800206626648,-0.0467288819180554,-0.0374145589458539,-0.0324541610402065
25488,1,-1,-1,-0.0370782674775721,-0.037078267477572,-0.037078267477572,-0.0370782674775721,-0.0370782674775721,-0.037078267477572,-0.0370782674775721,-0.037078267477572,-0.0370782674775721,-0.037078267477572,-0.037078267477572,-0.0370782674775723,-0.037078267477572,-0.037078267477572,-0.037078267477572,-0.0370782674775723,-0.037078267477572,-0.037078267477572,-0.037078267477572,-0.037078267477572,-0.0370782674775723,-0.037078267477572,-0.037078267477572,-0.037078267477572,-0.0370782674775723,-0.037078267477572,-0.037078267477572,-0.037078267477572,-0.0370782674775723,-0.037078267477572,-0.0370782674775723,-0.037078267477572,-0.037078267477572,-0.037078267477572,-0.037078267477572,-0.0370782674775723,-0.0370782674775718,-0.0370782674775723,-0.0370782674775723,-0.0370782674775718,-0.0370782674775723,-0.0370782674775723,-0.0370782674775718,-0.0370782674775723
25486,1,-1,-1,-0.0551479832128313,-0.0551479832128312,-0.0551479832128313,-0.0551479832128312,-0.0551479832128313,-0.0551479832128312,-0.0551479832128312,-0.0551479832128312,-0.0551479832128314,-0.0551479832128312,-0.0551479832128312,-0.0551479832128312,-0.0551479832128314,-0.055147983212831,-0.0551479832128314,-0.0551479832128312,-0.0551479832128312,-0.0551479832128314,-0.0551479832128312,-0.0551479832128312,-0.0551479832128314,-0.055147983212831,-0.0551479832128312,-0.0551479832128312,-0.0551479832128314,-0.0551479832128312,-0.0551479832128314,-0.055147983212831,-0.0551479832128314,-0.055147983212831,-0.0551479832128314,-0.0551479832128314,-0.055147983212831,-0.0551479832128314,-0.055147983212831,-0.0551479832128314,-0.0551479832128314,-0.055147983212831,-0.0551479832128314,-0.055147983212831,-0.0551479832128314,-0.0551479832128314,-0.055147983212831,-0.0551479832128314
5554,1,-1,-1,-1,-1,-1,-1,-1,-1,-1,-1,-1,-1,-1,0.333879884672001,0.269844999396038,0.148396037696536,0.00122292619475539,-0.13264904134693,-0.228561066383946,-0.281925021056119,-0.297399456847172,-0.296820194183034,-1,-1,-1,-1,-1,-1,-1,-1,-1,-1,-1,-1,-1,-1,-1,-1,-1,-1,-1,-1,-1,-1,-1,-1
14935,1,-1,-1,-1,-1,-1,-1,-1,-1,-1,-1,-1,-1,-1,-1,-1,-1,-1,-1,-1,-1,-1,-1,-1,-1,-1,-1,-0.00917173590058998,-0.0124582004705722,0.00994709586570297,-0.0113616702774753,-0.224046637447232,-1,-1,-1,-1,-1,-1,-1,-1,-1,-1,-1,-1,-1,-1,-1
14934,1,-1,-1,-1,-1,-1,-1,-1,-1,-1,-1,-1,-1,-1,-1,-1,-1,-1,-1,-1,-1,-1,-1,-1,-1,-1,-1,-0.126062150782506,-0.126062150782499,-0.126062150782488,-0.126062150782453,-0.126062150782349,-0.126062150782163,-0.126062150781964,-0.126062150781861,-0.126062150781878,-0.126062150781934,-1,-1,-1,-1,-1,-1,-1,-1,-1,-1
5552,1,-1,-1,-1,-1,-1,-1,-1,-1,-1,-1,-1,-1,-1,-0.905238457785771,-0.90523845778577,2.10813432859612,-0.297657413024582,0.297657413024582,-2.10813432859612,2.28309554814943,-0.47261863257789,0,-1,-1,-1,-1,-1,-1,-1,-1,-1,-1,-1,-1,-1,-1,-1,-1,-1,-1,-1,-1,-1,-1,-1,-1
14953,1,-1,-1,-1,-1,-1,-1,-1,-1,-1,-1,-1,-1,-1,-1,-1,-1,-1,-1,-1,-1,-1,-1,-1,-1,-1,-1,-1,0.0782160276389259,0.12372918907197,0,-2.07743520124492,0,-1,-1,-1,-1,-1,-1,-1,-1,-1,-1,-1,-1,-1,-1
14952,1,-1,-1,-1,-1,-1,-1,-1,-1,-1,-1,-1,-1,-1,-1,-1,-1,-1,-1,-1,-1,-1,-1,-1,-1,-1,-1,-1,0,-2.00432137378264,2.00432137378264,-2.00432137378264,0,-1,-1,-1,-1,-1,-1,-1,-1,-1,-1,-1,-1,-1,-1
5547,1,-1,-1,-1,-1,-1,-1,-1,-1,-1,-1,-1,-1,-1,0.00956033548594404,0.00956033548597954,0.0095603354858964,0.00956033548547029,0.00956033548457109,0.00956033548328319,0.00956033548190064,0.00956033548079872,0.00956033548023545,-1,-1,-1,-1,-1,-1,-1,-1,-1,-1,-1,-1,-1,-1,-1,-1,-1,-1,-1,-1,-1,-1,-1,-1
5546,1,-1,-1,-1,-1,-1,-1,-1,-1,-1,-1,-1,-1,-1,-0.037073468689105,-0.0370734686893219,-0.0370734686897048,-0.0370734686901769,-0.0370734686907269,-0.0370734686914075,-0.0370734686922555,-0.0370734686932297,-0.037073468694089,-0.0370734686945678,-1,-1,-1,-1,-1,-1,-1,-1,-1,-1,-1,-1,-1,-1,-1,-1,-1,-1,-1,-1,-1,-1,-1
14949,1,-1,-1,-1,-1,-1,-1,-1,-1,-1,-1,-1,-1,-1,-1,-1,-1,-1,-1,-1,-1,-1,-1,-1,-1,-1,-1,-1,-0.863866771572224,1.15379082834364,-0.606796917445785,-1.81760425173733,1.27061034083948,-1,-1,-1,-1,-1,-1,-1,-1,-1,-1,-1,-1,-1,-1
5544,1,-1,-1,-1,-1,-1,-1,-1,-1,-1,-1,-1,-1,-1,-0.0645891757478622,-0.0645891757478686,-0.0645891757478418,-0.0645891757477948,-0.0645891757478341,-0.0645891757481017,-0.0645891757486726,-0.0645891757495012,-0.0645891757503035,-0.0645891757507674,-1,-1,-1,-1,-1,-1,-1,-1,-1,-1,-1,-1,-1,-1,-1,-1,-1,-1,-1,-1,-1,-1,-1
14951,1,-1,-1,-1,-1,-1,-1,-1,-1,-1,-1,-1,-1,-1,-1,-1,-1,-1,-1,-1,-1,-1,-1,-1,-1,-1,-1,-1,0,0.662486057904305,-2.38449554541767,1.72200948751336,0.296891787920535,-1,-1,-1,-1,-1,-1,-1,-1,-1,-1,-1,-1,-1,-1
14950,1,-1,-1,-1,-1,-1,-1,-1,-1,-1,-1,-1,-1,-1,-1,-1,-1,-1,-1,-1,-1,-1,-1,-1,-1,-1,-1,-1,-2.00432137378264,0,2.00432137378264,-2.00432137378264,0,-1,-1,-1,-1,-1,-1,-1,-1,-1,-1,-1,-1,-1,-1
5543,1,-1,-1,-1,-1,-1,-1,-1,-1,-1,-1,-1,-1,-1,0.067072245210789,0.0541855160948983,0.0305476910451949,0.00243729362830969,-0.0238781242354924,-0.0451694230539013,-0.0609186371709707,-0.0713894457893951,-0.0765376456721407,-1,-1,-1,-1,-1,-1,-1,-1,-1,-1,-1,-1,-1,-1,-1,-1,-1,-1,-1,-1,-1,-1,-1,-1
5542,1,-1,-1,-1,-1,-1,-1,-1,-1,-1,-1,-1,-1,-1,0.0260795276858452,0.033688321575976,0.0514556974360385,0.0692015522394083,0.0633587572570222,0.0133647874775371,-0.0775175091697529,-0.175459820672042,-0.235856015071013,-1,-1,-1,-1,-1,-1,-1,-1,-1,-1,-1,-1,-1,-1,-1,-1,-1,-1,-1,-1,-1,-1,-1,-1
5541,1,-1,-1,-1,-1,-1,-1,-1,-1,-1,-1,-1,-1,-1,-0.0172417366275679,-0.017241736627591,-0.0172417366275772,-0.0172417366274413,-0.0172417366271456,-0.0172417366267319,-0.0172417366263062,-0.0172417366259814,-0.0172417366258228,-1,-1,-1,-1,-1,-1,-1,-1,-1,-1,-1,-1,-1,-1,-1,-1,-1,-1,-1,-1,-1,-1,-1,-1
8749,1,-1,-1,-1,-1,-1,-1,-1,-1,-1,-1,-1,-1,-1,-1,0.390563279613283,-0.332857146717583,-0.0354297381845483,-0.301029995663981,0.620136054973757,-0.0226004201429367,-0.022600420142937,-0.0226004201429368,-0.0226004201429368,-0.022600420142937,-0.0226004201429368,-0.0226004201429368,-0.0226004201429369,-1,-1,-1,-1,-1,-1,-1,-1,-1,-1,-1,-1,-1,-1,-1,-1,-1,-1,-1
7884,1,-1,-1,-1,-1,-1,-1,-1,-1,-1,-1,-1,-1,-1,-1,-1,-1,-1,-1,-1,-1,-1,-1,-0.0499965565195608,-0.0499965565195608,-0.0499965565195608,-0.049996556519561,-0.0499965565195608,-0.0499965565195608,-0.0499965565195608,-0.049996556519561,-0.0499965565195608,-1,-1,-1,-1,-1,-1,-1,-1,-1,-1,-1,-1,-1,-1,-1
8747,1,-1,-1,-1,-1,-1,-1,-1,-1,-1,-1,-1,-1,-1,-1,-1,-1,-1,-1,-1,-1,-1,-1,-1,-1,-1,-1,0.221848749616356,0.113943352306837,-1,-1,-1,-1,-1,-1,-1,-1,-1,-1,-1,-1,-1,-1,-1,-1,-1,-1
26668,1,-1,-1,-1,-1,-1,-1,-1,-1,-1,-1,-1,-1,-1,-1,-1,-1,-1,-1,-1,-1,-1,-1,-1,-1,-1,-1,-1,-1,-1,-1,-1,-1,-1,-1,0.266267889404769,0.176091259055681,0.214549510874857,-1,-1,-1,-1,-1,-1,-1,-1,-1
17529,1,-1,-1,-1,-1,-1,-1,-1,-1,-1,-1,-1,-1,-1,-1,-1,0.271047152041343,-0.138730338245914,-0.157149741708119,-0.0224205173822831,0.0186124256016866,-1,-1,-1,-1,-1,-1,-1,-1,-1,-1,-1,-1,-1,-1,-1,-1,-1,-1,-1,-1,-1,-1,-1,-1,-1,-1
17528,1,-1,-1,-1,-1,-1,-1,-1,-1,-1,-1,-1,-1,-1,-1,-1,-0.17732303832381,-0.1170422150185,0.331364925543852,-0.0947125875755948,-0.0937694958866349,-1,-1,-1,-1,-1,-1,-1,-1,-1,-1,-1,-1,-1,-1,-1,-1,-1,-1,-1,-1,-1,-1,-1,-1,-1,-1
17585,1,-1,-1,-1,-1,-1,-1,-1,-1,-1,-1,-1,-1,-1,-1,-1,-1,-1,-0.0171356916440668,-0.0176205431109051,-0.0158729656272932,-0.00961307723842442,0.000187941562000252,0.0105741224342775,0.020052971334078,0.0293323281848667,0.0385346444320078,0.0466667678709581,0.0514111394886245,-1,-1,-1,-1,-1,-1,-1,-1,-1,-1,-1,-1,-1,-1,-1,-1,-1,-1
17584,1,-1,-1,-1,-1,-1,-1,-1,-1,-1,-1,-1,-1,-1,-1,-1,-1,-1,-0.0099014084247544,-0.0056779506114516,0.00363354468767263,0.0175060995450085,0.033896991428967,0.0496027213260454,0.060964943239236,0.0654376805106116,0.0632054654345671,0.0577775476937904,0.0537725002862418,-1,-1,-1,-1,-1,-1,-1,-1,-1,-1,-1,-1,-1,-1,-1,-1,-1,-1
17583,1,-1,-1,-1,-1,-1,-1,-1,-1,-1,-1,-1,-1,-1,-1,-1,-1,-1,0.138471067382405,0.0648215144306841,-0.0294480357604709,-0.076996155342077,-0.0628936174747067,-0.0248552354329159,0.00100433433543734,0.0101218478381855,0.00685261525930814,0.00575925153611923,0.00804811592881871,-1,-1,-1,-1,-1,-1,-1,-1,-1,-1,-1,-1,-1,-1,-1,-1,-1,-1
17527,1,-1,-1,-1,-1,-1,-1,-1,-1,-1,-1,-1,-1,-1,-1,-1,-0.0680849195339046,0.162624460138735,-0.110125440377788,-0.00358740244378986,0.064052725449415,-1,-1,-1,-1,-1,-1,-1,-1,-1,-1,-1,-1,-1,-1,-1,-1,-1,-1,-1,-1,-1,-1,-1,-1,-1,-1
5549,1,-1,-1,-1,-1,-1,-1,-1,-1,-1,-1,-1,-1,-1,-1,-1,0.154901959985743,-0.397940008672038,0,0,0,0,-1,-1,-1,-1,-1,-1,-1,-1,-1,-1,-1,-1,-1,-1,-1,-1,-1,-1,-1,-1,-1,-1,-1,-1,-1
17539,1,-1,-1,-1,-1,-1,-1,-1,-1,-1,-1,-1,-1,-1,-1,-1,-1,-0.0858591620748008,-0.670033444416112,-0.141227242081775,-0.141227242081775,-0.141227242081775,-0.141227242081775,0.875281382241776,-1.23643164405563,-0.0103458285401257,-0.0103458285401257,-0.0103458285401258,-0.0103458285401256,-0.0103458285401257,-0.0103458285401258,0.130374282929655,-1,-1,-1,-1,-1,-1,-1,-1,-1,-1,-1,-1,-1,-1,-1
17532,1,-1,-1,-1,-1,-1,-1,-1,-1,-1,-1,-1,-1,-1,-1,-1,-1,-0.969087921481453,-0.102683474718941,-0.102683474718941,-0.102683474718941,-0.102683474718941,-0.102683474718941,-0.251587584917398,-1,-1,-1,-1,-1,-1,-1,-1,-1,-1,-1,-1,-1,-1,-1,-1,-1,-1,-1,-1,-1,-1,-1
17531,1,-1,-1,-1,-1,-1,-1,-1,-1,-1,-1,-1,-1,-1,-1,-1,-1,-0.247826969107964,-0.192938890607087,-0.192938890607087,-0.192938890607087,-0.192938890607088,-0.192938890607087,0.480855954622769,-1,-1,-1,-1,-1,-1,-1,-1,-1,-1,-1,-1,-1,-1,-1,-1,-1,-1,-1,-1,-1,-1,-1
26696,1,-1,-1,-1,-1,-1,-1,-1,-1,-1,-1,-1,-1,-1,-1,-1,-1,-1,-1,-1,-1,-1,-1,-1,-1,-1,-1,-1,-1,-1,-1,-1,-1,-1,-1,-0.0060741477121935,0.279075419775931,-0.0529658632108498,-1,-1,-1,-1,-1,-1,-1,-1,-1
5551,1,-1,-1,-1,-1,-1,-1,-1,-1,-1,-1,-1,-1,-1,-1,-1,-1,-0.745680846917136,-0.745680846917136,0,2.08278537031645,0.0961915769767193,-2.17897694729317,-1,-1,-1,-1,-1,-1,-1,-1,-1,-1,-1,-1,-1,-1,-1,-1,-1,-1,-1,-1,-1,-1,-1,-1
14966,1,-1,-1,-1,-1,-1,-1,-1,-1,-1,-1,-1,-1,-1,-1,-1,-1,-1,-1,-1,-1,-1,-1,-1,-1,-1,-1,-1,-1,-1,-0.519182599720374,-1,-1,-1,-1,-1,-1,-1,-1,-1,-1,-1,-1,-1,-1,-1,-1
27215,1,-1,-1,-1,-1,-1,-1,-1,-1,-1,-1,-1,-1,-1,-1,-1,-1,-1,0.0926031961649202,0.0896706171294434,0.0817629461328266,0.0675767489792126,0.0480416422587151,0.0269180820559071,0.00993998578377353,0.00182184209769132,0.00275576212613782,0.00866821639577753,0.0135056944274214,-1,-1,-1,-1,-1,-1,-1,-1,-1,-1,-1,-1,-1,-1,-1,-1,-1,-1
17601,1,-1,-1,-1,-1,-1,-1,-1,-1,-1,-1,-1,-1,-1,-1,-1,-1,-1,-0.151062717115729,-0.125879796211721,-0.0699497938055212,0.0105865169439222,0.0960013830396983,0.157403384388019,0.16665355330759,0.109950455169665,-0.00492981923719971,-0.127465559139929,-0.200949593464797,-1,-1,-1,-1,-1,-1,-1,-1,-1,-1,-1,-1,-1,-1,-1,-1,-1,-1
17591,1,-1,-1,-1,-1,-1,-1,-1,-1,-1,-1,-1,-1,-1,-1,-1,-1,-1,-0.0663102443691362,-0.0663102443693144,-0.066310244369645,-0.066310244370031,-0.0663102443703621,-0.0663102443706074,-0.0663102443708551,-0.0663102443712265,-0.0663102443717253,-0.0663102443722229,-0.0663102443725243,-1,-1,-1,-1,-1,-1,-1,-1,-1,-1,-1,-1,-1,-1,-1,-1,-1,-1
17600,1,-1,-1,-1,-1,-1,-1,-1,-1,-1,-1,-1,-1,-1,-1,-1,-1,-1,-0.160845012815214,-0.127791066656283,-0.078246709791413,-0.0362346245077415,-0.0105698176877608,0.0064069562018535,0.0218024125340848,0.0338183812890279,0.0409493868833433,0.041412904507641,0.0392339479475994,-1,-1,-1,-1,-1,-1,-1,-1,-1,-1,-1,-1,-1,-1,-1,-1,-1,-1
17599,1,-1,-1,-1,-1,-1,-1,-1,-1,-1,-1,-1,-1,-1,-1,-1,-1,-1,-0.134924071480005,-0.0861346678110422,-0.0197485317509657,0.0245839860528452,0.0392178333336694,0.0463422268167009,0.0625406805997896,0.0832274909763974,0.103699137729028,0.113819394098866,0.11527335057977,-1,-1,-1,-1,-1,-1,-1,-1,-1,-1,-1,-1,-1,-1,-1,-1,-1,-1
17590,1,-1,-1,-1,-1,-1,-1,-1,-1,-1,-1,-1,-1,-1,-1,-1,-1,-1,-0.0563919421842791,-0.0489510294328555,-0.0362518110350329,-0.0219900542897268,-0.00779352057037832,0.00628000322443791,0.0184621117912297,0.0254019443392153,0.0265309884799033,0.0234816207987604,0.0203744214152547,-1,-1,-1,-1,-1,-1,-1,-1,-1,-1,-1,-1,-1,-1,-1,-1,-1,-1
17598,1,-1,-1,-1,-1,-1,-1,-1,-1,-1,-1,-1,-1,-1,-1,-1,-1,-1,0.103992080434655,0.0914016940635782,0.0702134271562894,0.0464268456683546,0.0215141221678505,-0.007299614341298,-0.0408675950796535,-0.0758266164807152,-0.109635797036715,-0.13495456960424,-0.147278985476165,-1,-1,-1,-1,-1,-1,-1,-1,-1,-1,-1,-1,-1,-1,-1,-1,-1,-1
17597,1,-1,-1,-1,-1,-1,-1,-1,-1,-1,-1,-1,-1,-1,-1,-1,-1,-1,-0.415661986817955,-0.165179200582503,0.0988696330464039,0.131301367727557,-0.0333574941525353,-0.154908789651811,-0.103029461750494,0.0416636589851522,0.222025229776148,0.320341568613818,0.336788275103482,-1,-1,-1,-1,-1,-1,-1,-1,-1,-1,-1,-1,-1,-1,-1,-1,-1,-1
17579,1,-1,-1,-1,-1,-1,-1,-1,-1,-1,-1,-1,-1,-1,-1,-1,-1,-1,0.11201905652071,0.112019056520894,0.112019056521207,0.112019056521485,0.112019056521525,0.112019056521241,0.112019056520749,0.112019056520271,0.112019056519883,0.112019056519668,0.112019056519605,-1,-1,-1,-1,-1,-1,-1,-1,-1,-1,-1,-1,-1,-1,-1,-1,-1,-1
17596,1,-1,-1,-1,-1,-1,-1,-1,-1,-1,-1,-1,-1,-1,-1,-1,-1,-1,0.0153622518640087,0.00525145003369909,-0.0145676450320633,-0.0375252103736204,-0.0527509844734787,-0.0533419340403178,-0.0435282256867885,-0.0343154564814062,-0.0290637686548774,-0.0300490019050863,-0.0332454401755029,-1,-1,-1,-1,-1,-1,-1,-1,-1,-1,-1,-1,-1,-1,-1,-1,-1,-1
17595,1,-1,-1,-1,-1,-1,-1,-1,-1,-1,-1,-1,-1,-1,-1,-1,-1,-1,-0.00878213113259596,-0.00878213113259407,-0.00878213113266912,-0.00878213113287929,-0.00878213113317461,-0.00878213113341952,-0.00878213113348925,-0.00878213113334714,-0.00878213113302229,-0.0087821311326779,-0.00878213113247617,-1,-1,-1,-1,-1,-1,-1,-1,-1,-1,-1,-1,-1,-1,-1,-1,-1,-1
17576,1,-1,-1,-1,-1,-1,-1,-1,-1,-1,-1,-1,-1,-1,-1,-1,-1,-1,0.0163543871939121,0.0163543871941271,0.0163543871944349,0.0163543871946556,0.0163543871947082,0.016354387194634,0.0163543871944948,0.0163543871943105,0.0163543871940916,0.0163543871938854,0.0163543871937646,-1,-1,-1,-1,-1,-1,-1,-1,-1,-1,-1,-1,-1,-1,-1,-1,-1,-1
27267,1,-1,-1,-1,-1,-1,-1,-1,-1,-1,-1,-1,-1,-1,-1,-1,-1,-1,-1,-1,-1,-1,-1,-1,-1,-1,-1,-1,-1,-1,-1,-1,-1,-1,-1,-1,-1,-1,-1,-0.0229909031403398,-0.0229909031403399,-0.0229909031403397,-0.0229909031403399,-0.0229909031403397,-1,-1,-1
17594,1,-1,-1,-1,-1,-1,-1,-1,-1,-1,-1,-1,-1,-1,-1,-1,-1,-1,-0.412050200116151,-0.192693973804307,0.0977552980020641,0.246122505582153,0.161553842719225,-0.0656331081917575,-0.260670951096919,-0.298117618042001,-0.1733197084219,0.0163751607921567,0.145846313020499,-1,-1,-1,-1,-1,-1,-1,-1,-1,-1,-1,-1,-1,-1,-1,-1,-1,-1
17593,1,-1,-1,-1,-1,-1,-1,-1,-1,-1,-1,-1,-1,-1,-1,-1,-1,-1,-0.00755669329845643,-0.00755669329835051,-0.00755669329817221,-0.00755669329793518,-0.00755669329757069,-0.0075566932970077,-0.00755669329631026,-0.0075566932956509,-0.00755669329509645,-0.00755669329475173,-0.00755669329461761,-1,-1,-1,-1,-1,-1,-1,-1,-1,-1,-1,-1,-1,-1,-1,-1,-1,-1
17574,1,-1,-1,-1,-1,-1,-1,-1,-1,-1,-1,-1,-1,-1,-1,-1,-1,-1,0.0811128475283349,0.0542522934955755,0.0106972491670587,-0.0316784275059495,-0.0622277660267736,-0.0811632497915361,-0.0915736383113168,-0.0940416980320085,-0.0891414061268143,-0.080520225427725,-0.074358049948224,-1,-1,-1,-1,-1,-1,-1,-1,-1,-1,-1,-1,-1,-1,-1,-1,-1,-1
17589,1,-1,-1,-1,-1,-1,-1,-1,-1,-1,-1,-1,-1,-1,-1,-1,-1,-1,0.0830803578490961,0.0651006413873201,0.0057712443084228,-0.089252712425942,-0.162918837132032,-0.16136065161385,-0.107642831519061,-0.0813854233004993,-0.104001938382099,-0.17349497376284,-0.234391440360181,-1,-1,-1,-1,-1,-1,-1,-1,-1,-1,-1,-1,-1,-1,-1,-1,-1,-1
17588,1,-1,-1,-1,-1,-1,-1,-1,-1,-1,-1,-1,-1,-1,-1,-1,-1,-1,-0.171870601446095,-0.144460885868529,-0.110294962692784,-0.0947766636192485,-0.102075054059513,-0.113462229354671,-0.108088060900142,-0.0789031998924412,-0.0296291786209384,0.0182778121632885,0.0453439863908324,-1,-1,-1,-1,-1,-1,-1,-1,-1,-1,-1,-1,-1,-1,-1,-1,-1,-1
17587,1,-1,-1,-1,-1,-1,-1,-1,-1,-1,-1,-1,-1,-1,-1,-1,-1,-1,-0.219704527532189,-0.116566628699829,0.0180949813792157,0.0850220384293842,0.0475421958737179,-0.0471721269155942,-0.121875195691011,-0.128773722111386,-0.0684628553433175,0.0141464209179136,0.0680821939798053,-1,-1,-1,-1,-1,-1,-1,-1,-1,-1,-1,-1,-1,-1,-1,-1,-1,-1
17586,1,-1,-1,-1,-1,-1,-1,-1,-1,-1,-1,-1,-1,-1,-1,-1,-1,-1,0.0077116949291135,0.00238937430072161,-0.00875396035928577,-0.0252457817485223,-0.0441007496290914,-0.0619171954206682,-0.0762676068549222,-0.0861028467581432,-0.091513063999962,-0.0937628650115822,-0.0943789689193632,-1,-1,-1,-1,-1,-1,-1,-1,-1,-1,-1,-1,-1,-1,-1,-1,-1,-1
11327,1,-1,-1,-1,-1,-1,-1,-1,-1,-1,-1,-1,-1,-1,-1,-1,-1,-1,-1,-1,-1,-1,-1,-1,-1,-1,-1,-1,-1,-1,-0.70397735246965,-0.327536306037521,-1,-1,-1,-1,-1,-1,-1,-1,-1,-1,-1,-1,-1,-1,-1
5555,1,-1,-1,-1,-1,-1,-1,-1,-1,-1,-1,-1,-1,-1,-1,-1,-1,-1,0,0,2.00432137378264,-2.00432137378264,0,-1,-1,-1,-1,-1,-1,-1,-1,-1,-1,-1,-1,-1,-1,-1,-1,-1,-1,-1,-1,-1,-1,-1,-1
5548,1,-1,-1,-1,-1,-1,-1,-1,-1,-1,-1,-1,-1,-1,-1,-1,-1,-1,-1,-0.229113487137481,-0.229113487137481,-0.229113487137481,-0.229113487137481,-1,-1,-1,-1,-1,-1,-1,-1,-1,-1,-1,-1,-1,-1,-1,-1,-1,-1,-1,-1,-1,-1,-1,-1
14964,1,-1,-1,-1,-1,-1,-1,-1,-1,-1,-1,-1,-1,-1,-1,-1,-1,-1,-1,-1,-1,0.423815340740754,0.32566948894837,0.116620721946473,-0.133413775707253,-0.274388839504772,-0.210168407946561,-0.0173860088076578,0.121176283280305,0.114434384458043,0.0484640745438593,-1,-1,-1,-1,-1,-1,-1,-1,-1,-1,-1,-1,-1,-1,-1,-1
14890,1,-1,-1,-1,-1,-1,-1,-1,-1,-1,-1,-1,-1,-1,-1,-1,-1,-1,-1,-1,-1,-1,-1,-1,-1,-1,-1,-1,0.566347466970289,-2.18769334534297,2.05401864478565,-1.00464238036407,1.21702824376308,-1,-1,-1,-1,-1,-1,-1,-1,-1,-1,-1,-1,-1,-1
14880,1,-1,-1,-1,-1,-1,-1,-1,-1,-1,-1,-1,-1,-1,-1,-1,-1,-1,-1,-1,-1,-1,-1,-1,-1,-1,-1,-1,0.447158031342219,0.0843208857000359,0.216709109963945,-0.669006780958576,0.45229767099463,-1,-1,-1,-1,-1,-1,-1,-1,-1,-1,-1,-1,-1,-1
17535,1,-1,-1,-1,-1,-1,-1,-1,-1,-1,-1,-1,-1,-1,-1,-1,-1,-1,-1,-1,-1,-1,-1,-0.203744538948166,-1,-1,-1,-1,-1,-1,-1,-1,-1,-1,-1,-1,-1,-1,-1,-1,-1,-1,-1,-1,-1,-1,-1
26661,1,-1,-1,-1,-1,-1,-1,-1,-1,-1,-1,-1,-1,-1,-1,-1,-1,-1,-1,-1,-1,-1,-1,-1,-1,-1,-1,-1,-1,-1,-1,-1,-1,-1,-1,0.152610163206159,-0.0743823631658562,-0.0559514053291501,-1,-1,-1,-1,-1,-1,-1,-1,-1
8735,1,-1,-1,-1,-1,-1,-1,-1,-1,-1,-1,-1,-1,-1,-1,-1,-1,-1,-1,-1,-1,-1,-1,0.301029995663981,-0.301029995663981,-0.301029995663981,0.380211241711606,0.619788758288394,0.28330122870355,-0.0184834056940131,-0.516629796003336,0.783290890036055,-1,-1,-1,-1,-1,-1,-1,-1,-1,-1,-1,-1,-1,-1,-1
18524,1,-1,-1,-1,-1,-1,-1,-1,-1,-1,-1,-1,-1,-1,-1,-1,-1,-1,-1,-1,-1,-1,-1,-1,-1,-1,-1,-0.107673328644708,-0.0956418692211707,-0.0733619599484707,-0.0442507795456403,-0.0106090121609494,0.0217409540521223,0.0389884046542855,0.0269771314885836,-0.0140270625546826,-0.0656627273526303,-0.106103034475529,-0.127611540242818,-0.137693003179925,-0.145179905240137,-0.150527496245862,-1,-1,-1,-1,-1
18522,1,-1,-1,-1,-1,-1,-1,-1,-1,-1,-1,-1,-1,-1,-1,-1,-1,-1,-1,-1,-1,-1,-1,-1,-1,-1,-1,-0.0175582795780793,-0.0175582795780285,-0.0175582795779363,-0.0175582795778364,-0.0175582795777702,-0.0175582795777809,-0.0175582795779097,-0.0175582795781619,-0.0175582795784904,-0.0175582795788073,-0.0175582795790539,-0.0175582795792376,-0.0175582795793968,-0.0175582795795398,-0.0175582795796265,-1,-1,-1,-1,-1
6080,1,-1,-1,-1,-1,-1,-1,-1,-1,-1,-1,-1,-1,-1,-1,-1,-1,-1,-1,-1,-1,-1,-1,-1,-1,-1,-1,-1,0.361727836017593,-0.0606978403536116,-0.425968732272281,0.425968732272281,-1,-1,-1,-1,-1,-1,-1,-1,-1,-1,-1,-1,-1,-1,-1
6079,1,-1,-1,-1,-1,-1,-1,-1,-1,-1,-1,-1,-1,-1,-1,-1,-1,-1,-1,-1,-1,-1,-1,-1,-1,-1,-1,-1,0.176091259055681,0.564271430438563,-0.564271430438563,-0.176091259055681,-1,-1,-1,-1,-1,-1,-1,-1,-1,-1,-1,-1,-1,-1,-1
7913,1,-1,-1,-1,-1,-1,-1,-1,-1,-1,-1,-1,-1,-1,-1,-1,-1,-1,-1,-1,-1,-1,-1,0.222702374864738,0.222702374864738,0.222702374864738,0.222702374864738,0.222702374864738,0.222702374864738,0.222702374864738,0.222702374864738,0.222702374864738,-1,-1,-1,-1,-1,-1,-1,-1,-1,-1,-1,-1,-1,-1,-1
7912,1,-1,-1,-1,-1,-1,-1,-1,-1,-1,-1,-1,-1,-1,-1,-1,-1,-1,-1,-1,-1,-1,-1,-0.222702374864738,-0.222702374864738,-0.222702374864738,-0.222702374864738,-0.222702374864738,-0.222702374864738,-0.222702374864738,-0.222702374864738,-0.222702374864738,-1,-1,-1,-1,-1,-1,-1,-1,-1,-1,-1,-1,-1,-1,-1
7911,1,-1,-1,-1,-1,-1,-1,-1,-1,-1,-1,-1,-1,-1,-1,-1,-1,-1,-1,-1,-1,-1,-1,-0.0864612500426272,-0.0864612500426271,-0.0864612500426271,-0.0864612500426271,-0.0864612500426271,-0.0864612500426272,-0.086461250042627,-0.0864612500426271,-0.0864612500426271,-1,-1,-1,-1,-1,-1,-1,-1,-1,-1,-1,-1,-1,-1,-1
7910,1,-1,-1,-1,-1,-1,-1,-1,-1,-1,-1,-1,-1,-1,-1,-1,-1,-1,-1,-1,-1,-1,-1,-0.222702374864738,-0.222702374864738,-0.222702374864738,-0.222702374864738,-0.222702374864738,-0.222702374864738,-0.222702374864738,-0.222702374864738,-0.222702374864738,-1,-1,-1,-1,-1,-1,-1,-1,-1,-1,-1,-1,-1,-1,-1
7909,1,-1,-1,-1,-1,-1,-1,-1,-1,-1,-1,-1,-1,-1,-1,-1,-1,-1,-1,-1,-1,-1,-1,-0.222702374864738,-0.222702374864738,-0.222702374864738,-0.222702374864738,-0.222702374864738,-0.222702374864738,-0.222702374864738,-0.222702374864738,-0.222702374864738,-1,-1,-1,-1,-1,-1,-1,-1,-1,-1,-1,-1,-1,-1,-1
7908,1,-1,-1,-1,-1,-1,-1,-1,-1,-1,-1,-1,-1,-1,-1,-1,-1,-1,-1,-1,-1,-1,-1,-0.0740334319536275,-0.074033431953628,-0.074033431953628,-0.0740334319536275,-0.074033431953628,-0.074033431953628,-0.0740334319536278,-0.0740334319536278,-0.074033431953628,-1,-1,-1,-1,-1,-1,-1,-1,-1,-1,-1,-1,-1,-1,-1
7907,1,-1,-1,-1,-1,-1,-1,-1,-1,-1,-1,-1,-1,-1,-1,-1,-1,-1,-1,-1,-1,-1,-1,0.222702374864738,0.222702374864738,0.222702374864738,0.222702374864738,0.222702374864738,0.222702374864738,0.222702374864738,0.222702374864738,0.222702374864738,-1,-1,-1,-1,-1,-1,-1,-1,-1,-1,-1,-1,-1,-1,-1
7905,1,-1,-1,-1,-1,-1,-1,-1,-1,-1,-1,-1,-1,-1,-1,-1,-1,-1,-1,-1,-1,-1,-1,0.142083733439203,0.142083733439203,0.142083733439203,0.142083733439203,0.142083733439203,0.142083733439203,0.142083733439203,0.142083733439203,0.142083733439203,-1,-1,-1,-1,-1,-1,-1,-1,-1,-1,-1,-1,-1,-1,-1
7904,1,-1,-1,-1,-1,-1,-1,-1,-1,-1,-1,-1,-1,-1,-1,-1,-1,-1,-1,-1,-1,-1,-1,-0.100343331887994,-0.100343331887994,-0.100343331887994,-0.100343331887994,-0.100343331887994,-0.100343331887994,-0.100343331887994,-0.100343331887994,-0.100343331887994,-1,-1,-1,-1,-1,-1,-1,-1,-1,-1,-1,-1,-1,-1,-1
7903,1,-1,-1,-1,-1,-1,-1,-1,-1,-1,-1,-1,-1,-1,-1,-1,-1,-1,-1,-1,-1,-1,-1,0.0334477772959979,0.0334477772959979,0.0334477772959979,0.0334477772959979,0.0334477772959979,0.0334477772959979,0.0334477772959979,0.0334477772959979,0.033447777295998,-1,-1,-1,-1,-1,-1,-1,-1,-1,-1,-1,-1,-1,-1,-1
7902,1,-1,-1,-1,-1,-1,-1,-1,-1,-1,-1,-1,-1,-1,-1,-1,-1,-1,-1,-1,-1,-1,-1,0.0138820818453668,0.0138820818453665,0.0138820818453667,0.0138820818453667,0.0138820818453668,0.0138820818453665,0.0138820818453667,0.0138820818453667,0.0138820818453667,-1,-1,-1,-1,-1,-1,-1,-1,-1,-1,-1,-1,-1,-1,-1
7901,1,-1,-1,-1,-1,-1,-1,-1,-1,-1,-1,-1,-1,-1,-1,-1,-1,-1,-1,-1,-1,-1,-1,-0.222702374864738,-0.222702374864738,-0.222702374864738,-0.222702374864738,-0.222702374864738,-0.222702374864738,-0.222702374864738,-0.222702374864738,-0.222702374864738,-1,-1,-1,-1,-1,-1,-1,-1,-1,-1,-1,-1,-1,-1,-1
7900,1,-1,-1,-1,-1,-1,-1,-1,-1,-1,-1,-1,-1,-1,-1,-1,-1,-1,-1,-1,-1,-1,-1,0.00644354966418736,0.00644354966418748,0.00644354966418736,0.00644354966418748,0.00644354966418736,0.00644354966418736,0.00644354966418759,0.00644354966418736,0.00644354966418736,-1,-1,-1,-1,-1,-1,-1,-1,-1,-1,-1,-1,-1,-1,-1
7899,1,-1,-1,-1,-1,-1,-1,-1,-1,-1,-1,-1,-1,-1,-1,-1,-1,-1,-1,-1,-1,-1,-1,-0.222702374864738,-0.222702374864738,-0.222702374864738,-0.222702374864738,-0.222702374864738,-0.222702374864738,-0.222702374864738,-0.222702374864738,-0.222702374864738,-1,-1,-1,-1,-1,-1,-1,-1,-1,-1,-1,-1,-1,-1,-1
7898,1,-1,-1,-1,-1,-1,-1,-1,-1,-1,-1,-1,-1,-1,-1,-1,-1,-1,-1,-1,-1,-1,-1,0.0195656954506312,0.0195656954506312,0.0195656954506312,0.0195656954506312,0.0195656954506312,0.0195656954506312,0.0195656954506313,0.0195656954506312,0.0195656954506312,-1,-1,-1,-1,-1,-1,-1,-1,-1,-1,-1,-1,-1,-1,-1
7897,1,-1,-1,-1,-1,-1,-1,-1,-1,-1,-1,-1,-1,-1,-1,-1,-1,-1,-1,-1,-1,-1,-1,-0.156596607828091,-0.156596607828091,-0.156596607828091,-0.156596607828091,-0.156596607828091,-0.156596607828091,-0.156596607828091,-0.156596607828091,-0.156596607828091,-1,-1,-1,-1,-1,-1,-1,-1,-1,-1,-1,-1,-1,-1,-1
7954,1,-1,-1,-1,-1,-1,-1,-1,-1,-1,-1,-1,-1,-1,-1,-1,-1,-1,-1,-1,-1,-1,-1,-1,-1,-1,-1,-1,-1,-1,-1,-0.241560017258895,-1,-1,-1,-1,-1,-1,-1,-1,-1,-1,-1,-1,-1,-1,-1
7953,1,-1,-1,-1,-1,-1,-1,-1,-1,-1,-1,-1,-1,-1,-1,-1,-1,-1,-1,-1,-1,-1,-1,-1,-1,-1,-1,-1,-1,-1,-1,0.344148749469608,-1,-1,-1,-1,-1,-1,-1,-1,-1,-1,-1,-1,-1,-1,-1
7952,1,-1,-1,-1,-1,-1,-1,-1,-1,-1,-1,-1,-1,-1,-1,-1,-1,-1,-1,-1,-1,-1,-1,-1,-1,-1,-1,-1,-1,-1,-1,-0.294184229262896,-1,-1,-1,-1,-1,-1,-1,-1,-1,-1,-1,-1,-1,-1,-1
7951,1,-1,-1,-1,-1,-1,-1,-1,-1,-1,-1,-1,-1,-1,-1,-1,-1,-1,-1,-1,-1,-1,-1,-1,-1,-1,-1,-1,-1,-1,-1,-0.132509430617269,-1,-1,-1,-1,-1,-1,-1,-1,-1,-1,-1,-1,-1,-1,-1
7896,1,-1,-1,-1,-1,-1,-1,-1,-1,-1,-1,-1,-1,-1,-1,-1,-1,-1,-1,-1,-1,-1,-1,0.0955931118412215,0.0955931118412215,0.0955931118412214,0.0955931118412215,0.0955931118412214,0.0955931118412217,0.0955931118412214,0.0955931118412214,0.0955931118412217,-1,-1,-1,-1,-1,-1,-1,-1,-1,-1,-1,-1,-1,-1,-1
7895,1,-1,-1,-1,-1,-1,-1,-1,-1,-1,-1,-1,-1,-1,-1,-1,-1,-1,-1,-1,-1,-1,-1,-0.222702374864738,-0.222702374864738,-0.222702374864738,-0.222702374864738,-0.222702374864738,-0.222702374864738,-0.222702374864738,-0.222702374864738,-0.222702374864738,-1,-1,-1,-1,-1,-1,-1,-1,-1,-1,-1,-1,-1,-1,-1
7894,1,-1,-1,-1,-1,-1,-1,-1,-1,-1,-1,-1,-1,-1,-1,-1,-1,-1,-1,-1,-1,-1,-1,0.0604520049278084,0.0604520049278083,0.0604520049278083,0.0604520049278084,0.0604520049278086,0.0604520049278083,0.0604520049278083,0.0604520049278083,0.0604520049278086,-1,-1,-1,-1,-1,-1,-1,-1,-1,-1,-1,-1,-1,-1,-1
7893,1,-1,-1,-1,-1,-1,-1,-1,-1,-1,-1,-1,-1,-1,-1,-1,-1,-1,-1,-1,-1,-1,-1,-0.0141904211847859,-0.0141904211847854,-0.0141904211847859,-0.0141904211847859,-0.0141904211847859,-0.0141904211847859,-0.0141904211847859,-0.0141904211847859,-0.0141904211847854,-1,-1,-1,-1,-1,-1,-1,-1,-1,-1,-1,-1,-1,-1,-1
7892,1,-1,-1,-1,-1,-1,-1,-1,-1,-1,-1,-1,-1,-1,-1,-1,-1,-1,-1,-1,-1,-1,-1,-0.0643806999571583,-0.0643806999571583,-0.0643806999571583,-0.0643806999571583,-0.0643806999571583,-0.0643806999571583,-0.0643806999571583,-0.0643806999571581,-0.0643806999571586,-1,-1,-1,-1,-1,-1,-1,-1,-1,-1,-1,-1,-1,-1,-1
7891,1,-1,-1,-1,-1,-1,-1,-1,-1,-1,-1,-1,-1,-1,-1,-1,-1,-1,-1,-1,-1,-1,-1,-0.00325437512244298,-0.0032543751224432,-0.00325437512244298,-0.00325437512244298,-0.0032543751224432,-0.00325437512244298,-0.0032543751224432,-0.00325437512244298,-0.0032543751224432,-1,-1,-1,-1,-1,-1,-1,-1,-1,-1,-1,-1,-1,-1,-1
7890,1,-1,-1,-1,-1,-1,-1,-1,-1,-1,-1,-1,-1,-1,-1,-1,-1,-1,-1,-1,-1,-1,-1,0.0126603724785375,0.0126603724785375,0.0126603724785375,0.0126603724785372,0.0126603724785375,0.0126603724785375,0.0126603724785375,0.0126603724785372,0.0126603724785375,-1,-1,-1,-1,-1,-1,-1,-1,-1,-1,-1,-1,-1,-1,-1
7889,1,-1,-1,-1,-1,-1,-1,-1,-1,-1,-1,-1,-1,-1,-1,-1,-1,-1,-1,-1,-1,-1,-1,-0.0938997822238063,-0.0938997822238063,-0.0938997822238063,-0.0938997822238061,-0.0938997822238065,-0.0938997822238062,-0.0938997822238063,-0.0938997822238062,-0.0938997822238063,-1,-1,-1,-1,-1,-1,-1,-1,-1,-1,-1,-1,-1,-1,-1
7888,1,-1,-1,-1,-1,-1,-1,-1,-1,-1,-1,-1,-1,-1,-1,-1,-1,-1,-1,-1,-1,-1,-1,-0.222702374864738,-0.222702374864738,-0.222702374864738,-0.222702374864738,-0.222702374864738,-0.222702374864738,-0.222702374864738,-0.222702374864738,-0.222702374864738,-1,-1,-1,-1,-1,-1,-1,-1,-1,-1,-1,-1,-1,-1,-1
7887,1,-1,-1,-1,-1,-1,-1,-1,-1,-1,-1,-1,-1,-1,-1,-1,-1,-1,-1,-1,-1,-1,-1,0.0864612500426271,0.0864612500426271,0.0864612500426271,0.0864612500426271,0.0864612500426271,0.0864612500426269,0.0864612500426271,0.0864612500426272,0.0864612500426271,-1,-1,-1,-1,-1,-1,-1,-1,-1,-1,-1,-1,-1,-1,-1
7886,1,-1,-1,-1,-1,-1,-1,-1,-1,-1,-1,-1,-1,-1,-1,-1,-1,-1,-1,-1,-1,-1,-1,0.0195656954506312,0.0195656954506312,0.0195656954506312,0.0195656954506312,0.0195656954506312,0.0195656954506312,0.0195656954506311,0.0195656954506314,0.0195656954506312,-1,-1,-1,-1,-1,-1,-1,-1,-1,-1,-1,-1,-1,-1,-1
7885,1,-1,-1,-1,-1,-1,-1,-1,-1,-1,-1,-1,-1,-1,-1,-1,-1,-1,-1,-1,-1,-1,-1,-0.0195656954506312,-0.0195656954506312,-0.0195656954506312,-0.0195656954506313,-0.0195656954506312,-0.0195656954506312,-0.0195656954506314,-0.0195656954506312,-0.0195656954506312,-1,-1,-1,-1,-1,-1,-1,-1,-1,-1,-1,-1,-1,-1,-1
7883,1,-1,-1,-1,-1,-1,-1,-1,-1,-1,-1,-1,-1,-1,-1,-1,-1,-1,-1,-1,-1,-1,-1,-0.058097638364482,-0.0580976383644819,-0.058097638364482,-0.0580976383644819,-0.058097638364482,-0.0580976383644819,-0.0580976383644819,-0.058097638364482,-0.058097638364482,-1,-1,-1,-1,-1,-1,-1,-1,-1,-1,-1,-1,-1,-1,-1
7882,1,-1,-1,-1,-1,-1,-1,-1,-1,-1,-1,-1,-1,-1,-1,-1,-1,-1,-1,-1,-1,-1,-1,0.0668955545919958,0.0668955545919958,0.0668955545919958,0.0668955545919958,0.0668955545919959,0.0668955545919958,0.0668955545919958,0.0668955545919959,0.0668955545919958,-1,-1,-1,-1,-1,-1,-1,-1,-1,-1,-1,-1,-1,-1,-1
7881,1,-1,-1,-1,-1,-1,-1,-1,-1,-1,-1,-1,-1,-1,-1,-1,-1,-1,-1,-1,-1,-1,-1,-0.10326876952381,-0.10326876952381,-0.10326876952381,-0.10326876952381,-0.10326876952381,-0.10326876952381,-0.10326876952381,-0.10326876952381,-0.10326876952381,-1,-1,-1,-1,-1,-1,-1,-1,-1,-1,-1,-1,-1,-1,-1
7879,1,-1,-1,-1,-1,-1,-1,-1,-1,-1,-1,-1,-1,-1,-1,-1,-1,-1,-1,-1,-1,-1,-1,-0.0270042276318104,-0.0270042276318105,-0.0270042276318104,-0.0270042276318105,-0.0270042276318105,-0.0270042276318105,-0.0270042276318104,-0.0270042276318104,-0.0270042276318105,-1,-1,-1,-1,-1,-1,-1,-1,-1,-1,-1,-1,-1,-1,-1
7878,1,-1,-1,-1,-1,-1,-1,-1,-1,-1,-1,-1,-1,-1,-1,-1,-1,-1,-1,-1,-1,-1,-1,-0.222702374864738,-0.222702374864738,-0.222702374864738,-0.222702374864738,-0.222702374864738,-0.222702374864738,-0.222702374864738,-0.222702374864738,-0.222702374864738,-1,-1,-1,-1,-1,-1,-1,-1,-1,-1,-1,-1,-1,-1,-1
7867,1,-1,-1,-1,-1,-1,-1,-1,-1,-1,-1,-1,-1,-1,-1,-1,-1,-1,-1,-1,-1,-1,-1,-0.222702374864738,-0.222702374864738,-0.222702374864738,-0.222702374864738,-0.222702374864738,-0.222702374864738,-0.222702374864738,-0.222702374864738,-0.222702374864738,-1,-1,-1,-1,-1,-1,-1,-1,-1,-1,-1,-1,-1,-1,-1
7866,1,-1,-1,-1,-1,-1,-1,-1,-1,-1,-1,-1,-1,-1,-1,-1,-1,-1,-1,-1,-1,-1,-1,0.06442039962409,0.06442039962409,0.06442039962409,0.06442039962409,0.0644203996240902,0.06442039962409,0.06442039962409,0.06442039962409,0.0644203996240902,-1,-1,-1,-1,-1,-1,-1,-1,-1,-1,-1,-1,-1,-1,-1
7865,1,-1,-1,-1,-1,-1,-1,-1,-1,-1,-1,-1,-1,-1,-1,-1,-1,-1,-1,-1,-1,-1,-1,0.058097638364482,0.058097638364482,0.0580976383644818,0.0580976383644822,0.0580976383644818,0.0580976383644818,0.0580976383644822,0.0580976383644818,0.0580976383644822,-1,-1,-1,-1,-1,-1,-1,-1,-1,-1,-1,-1,-1,-1,-1
7864,1,-1,-1,-1,-1,-1,-1,-1,-1,-1,-1,-1,-1,-1,-1,-1,-1,-1,-1,-1,-1,-1,-1,-0.0350300483087322,-0.0350300483087325,-0.0350300483087325,-0.0350300483087322,-0.0350300483087325,-0.0350300483087325,-0.0350300483087322,-0.0350300483087325,-0.0350300483087322,-1,-1,-1,-1,-1,-1,-1,-1,-1,-1,-1,-1,-1,-1,-1
7863,1,-1,-1,-1,-1,-1,-1,-1,-1,-1,-1,-1,-1,-1,-1,-1,-1,-1,-1,-1,-1,-1,-1,0.0268068656289433,0.0268068656289433,0.0268068656289437,0.0268068656289433,0.0268068656289437,0.0268068656289433,0.0268068656289437,0.0268068656289433,0.0268068656289433,-1,-1,-1,-1,-1,-1,-1,-1,-1,-1,-1,-1,-1,-1,-1
7862,1,-1,-1,-1,-1,-1,-1,-1,-1,-1,-1,-1,-1,-1,-1,-1,-1,-1,-1,-1,-1,-1,-1,-0.222702374864738,-0.222702374864738,-0.222702374864738,-0.222702374864738,-0.222702374864738,-0.222702374864738,-0.222702374864738,-0.222702374864738,-0.222702374864738,-1,-1,-1,-1,-1,-1,-1,-1,-1,-1,-1,-1,-1,-1,-1
7861,1,-1,-1,-1,-1,-1,-1,-1,-1,-1,-1,-1,-1,-1,-1,-1,-1,-1,-1,-1,-1,-1,-1,-0.0530134727466292,-0.0530134727466292,-0.0530134727466292,-0.0530134727466292,-0.0530134727466293,-0.0530134727466291,-0.0530134727466292,-0.0530134727466291,-0.0530134727466292,-1,-1,-1,-1,-1,-1,-1,-1,-1,-1,-1,-1,-1,-1,-1
7860,1,-1,-1,-1,-1,-1,-1,-1,-1,-1,-1,-1,-1,-1,-1,-1,-1,-1,-1,-1,-1,-1,-1,0.153356804634623,0.153356804634623,0.153356804634623,0.153356804634623,0.153356804634623,0.153356804634623,0.153356804634623,0.153356804634623,0.153356804634623,-1,-1,-1,-1,-1,-1,-1,-1,-1,-1,-1,-1,-1,-1,-1
7855,1,-1,-1,-1,-1,-1,-1,-1,-1,-1,-1,-1,-1,-1,-1,-1,-1,-1,-1,-1,-1,-1,-1,0.0107677792231173,0.0107677792231173,0.0107677792231176,0.0107677792231173,0.0107677792231173,0.0107677792231173,0.0107677792231173,0.0107677792231176,0.0107677792231173,-1,-1,-1,-1,-1,-1,-1,-1,-1,-1,-1,-1,-1,-1,-1
8889,1,-1,-1,-1,-1,-1,-1,-1,-1,-1,-1,-1,-1,-1,-1,-1,-1,-1,-1,-1,-1,-1,-1,-1,-1,-0.301029995663981,-1,-1,-1,-1,-1,-1,-1,-1,-1,-1,-1,-1,-1,-1,-1,-1,-1,-1,-1,-1,-1
8888,1,-1,-1,-1,-1,-1,-1,-1,-1,-1,-1,-1,-1,-1,-1,-1,-1,-1,-1,-1,-1,-1,-1,-1,-1,0.0228787452803376,0.0228787452803375,2.27875360095283,-1,-1,-1,-1,-1,-1,-1,-1,-1,-1,-1,-1,-1,-1,-1,-1,-1,-1,-1
8887,1,-1,-1,-1,-1,-1,-1,-1,-1,-1,-1,-1,-1,-1,-1,-1,-1,-1,-1,-1,-1,-1,-1,-1,-1,0,0,0.602059991327962,-1,-1,-1,-1,-1,-1,-1,-1,-1,-1,-1,-1,-1,-1,-1,-1,-1,-1,-1
18528,1,-1,-1,-1,-1,-1,-1,-1,-1,-1,-1,-1,-1,-1,-1,-1,-1,-1,-1,-1,-1,-1,-1,-1,-1,-1,-1,-0.0612087801541153,-0.0616186503023853,-0.0601976793598235,-0.0546110781623429,-0.0447882894365262,-0.0328523285496394,-0.0212522692862857,-0.0114028875241354,-0.00353933828754183,0.00250569375848192,0.00754826230604938,0.0128685038703918,0.0190742875277723,0.025032732904636,0.0285793172984009,-1,-1,-1,-1,-1
18530,1,-1,-1,-1,-1,-1,-1,-1,-1,-1,-1,-1,-1,-1,-1,-1,-1,-1,-1,-1,-1,-1,-1,-1,-1,-1,-1,-1,-0.167818733089691,0.150785393790911,-0.494850021680094,0.1249387366083,0.0163345583766841,0.0163345583766841,0.375994757310443,-0.533602610672111,-0.141989577424094,-0.141989577424094,-0.141989577424094,0.407485326578268,-0.180863918008796,-0.180863918008796,-1,-1,-1,-1,-1
6076,1,-1,-1,-1,-1,-1,-1,-1,-1,-1,-1,-1,-1,-1,-1,-1,-1,-1,-1,-1,-1,-1,-1,-1,-1,-1,-1,-1,-0.753327666658612,0.221848749616356,0.146128035678238,0.109144469425068,-1,-1,-1,-1,-1,-1,-1,-1,-1,-1,-1,-1,-1,-1,-1
6075,1,-1,-1,-1,-1,-1,-1,-1,-1,-1,-1,-1,-1,-1,-1,-1,-1,-1,-1,-1,-1,-1,-1,-1,-1,-1,-1,-1,0,0,0,2.00432137378264,-1,-1,-1,-1,-1,-1,-1,-1,-1,-1,-1,-1,-1,-1,-1
18527,1,-1,-1,-1,-1,-1,-1,-1,-1,-1,-1,-1,-1,-1,-1,-1,-1,-1,-1,-1,-1,-1,-1,-1,-1,-1,-1,-0.00288256335770565,-0.00454995755425469,-0.00760591676671063,-0.0118624340580664,-0.0181363705221405,-0.0278655471793543,-0.0415884793368886,-0.0579235199382113,-0.0741064100751276,-0.0875298796907868,-0.0968908648568488,-0.102237306724669,-0.104409402845825,-1,-1,-1,-1,-1,-1,-1
18525,1,-1,-1,-1,-1,-1,-1,-1,-1,-1,-1,-1,-1,-1,-1,-1,-1,-1,-1,-1,-1,-1,-1,-1,-1,-1,-1,0.48046204739792,0.48046204739792,-1.33912004527212,0.389075625191822,0.389075625191822,-0.709141300189257,-0.410468602913976,0.447913983633876,-0.0553906763887306,-0.0553906763887305,-0.0553906763887305,-0.0553906763887305,-0.0553906763887305,-0.0553906763887306,-1,-1,-1,-1,-1,-1
9625,1,-1,-1,-1,-1,-1,-1,-1,-1,-1,-1,-1,-1,-1,-1,-1,-1,-1,-1,-1,-1,-1,-1,-1,-1,-1,-1,0,0,0.602059991327963,-1,-1,-1,-1,-1,-1,-1,-1,-1,-1,-1,-1,-1,-1,-1,-1,-1
9609,1,-1,-1,-1,-1,-1,-1,-1,-1,-1,-1,-1,-1,-1,-1,-1,-1,-1,-1,-1,-1,-1,-1,-1,-1,-1,-1,-0.196672128491444,-0.196672128491444,-0.433655560938572,-1,-1,-1,-1,-1,-1,-1,-1,-1,-1,-1,-1,-1,-1,-1,-1,-1
9607,1,-1,-1,-1,-1,-1,-1,-1,-1,-1,-1,-1,-1,-1,-1,-1,-1,-1,-1,-1,-1,-1,-1,-1,-1,-1,-1,-0.2622729523239,-0.2622729523239,-0.694814044564861,-1,-1,-1,-1,-1,-1,-1,-1,-1,-1,-1,-1,-1,-1,-1,-1,-1
9605,1,-1,-1,-1,-1,-1,-1,-1,-1,-1,-1,-1,-1,-1,-1,-1,-1,-1,-1,-1,-1,-1,-1,-1,-1,-1,-1,-0.941443300451828,-0.941443300451828,1.82783903457275,-1,-1,-1,-1,-1,-1,-1,-1,-1,-1,-1,-1,-1,-1,-1,-1,-1
8822,1,-1,-1,-1,-1,-1,-1,-1,-1,-1,-1,-1,-1,-1,-1,-1,-1,-1,-1,-1,-1,-1,-1,-1,-1,-1,-1,0.256552401178954,-0.148714705756989,-0.138013139320605,-1,-1,-1,-1,-1,-1,-1,-1,-1,-1,-1,-1,-1,-1,-1,-1,-1
8821,1,-1,-1,-1,-1,-1,-1,-1,-1,-1,-1,-1,-1,-1,-1,-1,-1,-1,-1,-1,-1,-1,-1,-1,-1,-1,-1,-0.0188705206570183,-0.107170548821882,-0.0789681636747266,-1,-1,-1,-1,-1,-1,-1,-1,-1,-1,-1,-1,-1,-1,-1,-1,-1
8820,1,-1,-1,-1,-1,-1,-1,-1,-1,-1,-1,-1,-1,-1,-1,-1,-1,-1,-1,-1,-1,-1,-1,-1,-1,-1,-1,0.00714977907250791,-0.0718962223399245,-0.0646211852981975,-1,-1,-1,-1,-1,-1,-1,-1,-1,-1,-1,-1,-1,-1,-1,-1,-1
7922,1,-1,-1,-1,-1,-1,-1,-1,-1,-1,-1,-1,-1,-1,-1,-1,-1,-1,-1,-1,-1,-1,-1,-1,-1,-1,-1,-1,-1,-1,-1,0.457719178262095,-1,-1,-1,-1,-1,-1,-1,-1,-1,-1,-1,-1,-1,-1,-1
7921,1,-1,-1,-1,-1,-1,-1,-1,-1,-1,-1,-1,-1,-1,-1,-1,-1,-1,-1,-1,-1,-1,-1,-1,-1,-1,-1,-1,-1,-1,-1,0.351472306208356,-1,-1,-1,-1,-1,-1,-1,-1,-1,-1,-1,-1,-1,-1,-1
7920,1,-1,-1,-1,-1,-1,-1,-1,-1,-1,-1,-1,-1,-1,-1,-1,-1,-1,-1,-1,-1,-1,-1,-1,-1,-1,-1,-1,-1,-1,-1,0.4127063743677,-1,-1,-1,-1,-1,-1,-1,-1,-1,-1,-1,-1,-1,-1,-1
7919,1,-1,-1,-1,-1,-1,-1,-1,-1,-1,-1,-1,-1,-1,-1,-1,-1,-1,-1,-1,-1,-1,-1,-1,-1,-1,-1,-1,-1,-1,-1,0.32315504188714,-1,-1,-1,-1,-1,-1,-1,-1,-1,-1,-1,-1,-1,-1,-1
18481,1,-1,-1,-1,-1,-1,-1,-1,-1,-1,-1,-1,-1,-1,-1,-1,-1,-1,-1,-1,-1,-1,-1,-1,-1,-1,-1,-1,0.0308844166699944,0.0113222850903618,0.0113222850903618,0.0113222850903618,-0.015398415549392,-0.0153984155493916,-0.015398415549392,-0.0153984155493916,-0.0153984155493916,-0.015398415549392,-0.0557008254242746,-0.055700825424275,-0.055700825424275,-0.055700825424275,-0.0557008254242746,-1,-1,-1,-1
17536,1,-1,-1,-1,-1,-1,-1,-1,-1,-1,-1,-1,-1,-1,-1,-1,-1,-1,-1,-1,-1,-1,-1,-1,-1,-1,-1,-1,0.0786572630981947,0.0122061368655097,-0.00198697168382367,0.214590496722721,0.0144251773877002,-1,-1,-1,-1,-1,-1,-1,-1,-1,-1,-1,-1,-1,-1
21256,1,-1,-1,-1,-1,-1,-1,-1,-1,-1,-1,-1,-1,-1,-1,-1,-1,-1,-1,-1,-1,-1,-1,-1,-1,-1,-1,-1,-1,-1,-1,-1,-1,-1,-1,-1,-1,-1,-1,-1,0.263241434774582,-0.12057393120585,0.264817823009536,-0.0656394573196595,-0.0656394573196595,0.111973759443932,-1
21255,1,-1,-1,-1,-1,-1,-1,-1,-1,-1,-1,-1,-1,-1,-1,-1,-1,-1,-1,-1,-1,-1,-1,-1,-1,-1,-1,-1,-1,-1,-1,-1,-1,-1,-1,-1,-1,-1,-1,-1,0.460730838531493,-0.335792101923193,0.397940008672037,-0.0910004240212459,-0.0910004240212459,-0.0910004240212459,-1
21254,1,-1,-1,-1,-1,-1,-1,-1,-1,-1,-1,-1,-1,-1,-1,-1,-1,-1,-1,-1,-1,-1,-1,-1,-1,-1,-1,-1,-1,-1,-1,-1,-1,-1,-1,-1,-1,-1,-1,-1,0.0650335949863323,-0.0454380389229518,0.0786486960337403,0.136766911038811,0.136766911038811,0.122804607095614,-1
21253,1,-1,-1,-1,-1,-1,-1,-1,-1,-1,-1,-1,-1,-1,-1,-1,-1,-1,-1,-1,-1,-1,-1,-1,-1,-1,-1,-1,-1,-1,-1,-1,-1,-1,-1,-1,-1,-1,-1,-1,-0.176091259055681,0.301029995663981,0.458637849025649,0.109027880299609,0.109027880299609,0,-1
14948,1,-1,-1,-1,-1,-1,-1,-1,-1,-1,-1,-1,-1,-1,-1,-1,-1,-1,-1,-1,-1,-1,-1,-1,-1,-1,-1,-1,-2.17897694729317,0,1.74464852508433,0.239674173658786,-1,-1,-1,-1,-1,-1,-1,-1,-1,-1,-1,-1,-1,-1,-1
14947,1,-1,-1,-1,-1,-1,-1,-1,-1,-1,-1,-1,-1,-1,-1,-1,-1,-1,-1,-1,-1,-1,-1,-1,-1,-1,-1,-1,2.19466848367003,-0.658952513684522,0.554973066724325,0.103979446960196,-0.658952513684522,-1,-1,-1,-1,-1,-1,-1,-1,-1,-1,-1,-1,-1,-1
14892,1,-1,-1,-1,-1,-1,-1,-1,-1,-1,-1,-1,-1,-1,-1,-1,-1,-1,-1,-1,-1,-1,-1,-1,-1,-1,-1,-1,-2.2560206439307,1.74952308640955,-1.74952308640955,2.14279926948942,-0.686642736838104,-1,-1,-1,-1,-1,-1,-1,-1,-1,-1,-1,-1,-1,-1
14885,1,-1,-1,-1,-1,-1,-1,-1,-1,-1,-1,-1,-1,-1,-1,-1,-1,-1,-1,-1,-1,-1,-1,-1,-1,-1,-1,-1,-0.522878745280338,0.522878745280338,-0.221848749616356,0.544068044350276,-0.0321846833714012,-1,-1,-1,-1,-1,-1,-1,-1,-1,-1,-1,-1,-1,-1
14891,1,-1,-1,-1,-1,-1,-1,-1,-1,-1,-1,-1,-1,-1,-1,-1,-1,-1,-1,-1,-1,-1,-1,-1,-1,-1,-1,-1,-2.00432137378264,2.00432137378264,0,-2.00432137378264,0,-1,-1,-1,-1,-1,-1,-1,-1,-1,-1,-1,-1,-1,-1
14884,1,-1,-1,-1,-1,-1,-1,-1,-1,-1,-1,-1,-1,-1,-1,-1,-1,-1,-1,-1,-1,-1,-1,-1,-1,-1,-1,-1,-0.311249160845667,0.575407796556522,-0.897627091290441,-0.411954370472159,-0.41195437047216,-1,-1,-1,-1,-1,-1,-1,-1,-1,-1,-1,-1,-1,-1
9482,1,-1,-1,-1,-1,-1,-1,-1,-1,-1,-1,-1,-1,-1,-1,-1,-1,-1,-1,-1,-1,-1,-1,-1,-1,-1,-1,-1,0.165774880269317,0.165774880269316,0.165774880269316,-0.263241434774581,-1.07918124604762,-1,-1,-1,-1,-1,-1,-1,-1,-1,-1,-1,-1,-1,-1
6084,1,-1,-1,-1,-1,-1,-1,-1,-1,-1,-1,-1,-1,-1,-1,-1,-1,-1,-1,-1,-1,-1,-1,-1,-1,-1,-1,-1,-0.237360915794604,-0.0413926851582251,0.0606978403536116,0.437612713435989,-1,-1,-1,-1,-1,-1,-1,-1,-1,-1,-1,-1,-1,-1,-1
6083,1,-1,-1,-1,-1,-1,-1,-1,-1,-1,-1,-1,-1,-1,-1,-1,-1,-1,-1,-1,-1,-1,-1,-1,-1,-1,-1,-1,-1.45615653265132,2.44226346001657,-0.597379410882178,-0.388727516483072,-1,-1,-1,-1,-1,-1,-1,-1,-1,-1,-1,-1,-1,-1,-1
6082,1,-1,-1,-1,-1,-1,-1,-1,-1,-1,-1,-1,-1,-1,-1,-1,-1,-1,-1,-1,-1,-1,-1,-1,-1,-1,-1,-1,2.20110951207027,-0.976072429965917,-1.22503708210435,2.10488226740905,-1,-1,-1,-1,-1,-1,-1,-1,-1,-1,-1,-1,-1,-1,-1
6081,1,-1,-1,-1,-1,-1,-1,-1,-1,-1,-1,-1,-1,-1,-1,-1,-1,-1,-1,-1,-1,-1,-1,-1,-1,-1,-1,-1,0,0,2.00432137378264,0,-1,-1,-1,-1,-1,-1,-1,-1,-1,-1,-1,-1,-1,-1,-1
6078,1,-1,-1,-1,-1,-1,-1,-1,-1,-1,-1,-1,-1,-1,-1,-1,-1,-1,-1,-1,-1,-1,-1,-1,-1,-1,-1,-1,0.221848749616356,-0.698970004336019,0.196294645143968,-0.0413926851582251,-1,-1,-1,-1,-1,-1,-1,-1,-1,-1,-1,-1,-1,-1,-1
6077,1,-1,-1,-1,-1,-1,-1,-1,-1,-1,-1,-1,-1,-1,-1,-1,-1,-1,-1,-1,-1,-1,-1,-1,-1,-1,-1,-1,-1.70757017609794,0,2.17897694729317,-0.174655573510527,-1,-1,-1,-1,-1,-1,-1,-1,-1,-1,-1,-1,-1,-1,-1
17538,1,-1,-1,-1,-1,-1,-1,-1,-1,-1,-1,-1,-1,-1,-1,-1,-1,-1,-1,-1,-1,-1,-1,-1,-1,-1,-1,-1,-1,0.00704475282493044,0.00704475282636308,0.00704475282403916,0.00704475281346095,0.00704475279609529,0.00704475277687333,0.00704475275826111,0.00704475273976302,0.00704475272289162,0.00704475271271843,-1,-1,-1,-1,-1,-1,-1,-1
9626,1,-1,-1,-1,-1,-1,-1,-1,-1,-1,-1,-1,-1,-1,-1,-1,-1,-1,-1,-1,-1,-1,-1,-1,-1,-1,-1,-1,-1,0,-1,-1,-1,-1,-1,-1,-1,-1,-1,-1,-1,-1,-1,-1,-1,-1,-1
17553,1,-1,-1,-1,-1,-1,-1,-1,-1,-1,-1,-1,-1,-1,-1,-1,-1,-1,-1,-1,-1,-1,-1,-1,-1,-1,-1,-1,-1,-1,-1,-1,-1,-1,-1,-1,0.468203190191152,-0.310135035268743,-1,-1,-1,-1,-1,-1,-1,-1,-1
9624,1,-1,-1,-1,-1,-1,-1,-1,-1,-1,-1,-1,-1,-1,-1,-1,-1,-1,-1,-1,-1,-1,-1,-1,-1,-1,-1,-1,-1,-0.1249387366083,-1,-1,-1,-1,-1,-1,-1,-1,-1,-1,-1,-1,-1,-1,-1,-1,-1
9623,1,-1,-1,-1,-1,-1,-1,-1,-1,-1,-1,-1,-1,-1,-1,-1,-1,-1,-1,-1,-1,-1,-1,-1,-1,-1,-1,-1,-1,-1.60745502321467,-1,-1,-1,-1,-1,-1,-1,-1,-1,-1,-1,-1,-1,-1,-1,-1,-1
9622,1,-1,-1,-1,-1,-1,-1,-1,-1,-1,-1,-1,-1,-1,-1,-1,-1,-1,-1,-1,-1,-1,-1,-1,-1,-1,-1,-1,-1,-0.412663265492744,-1,-1,-1,-1,-1,-1,-1,-1,-1,-1,-1,-1,-1,-1,-1,-1,-1
14882,1,-1,-1,-1,-1,-1,-1,-1,-1,-1,-1,-1,-1,-1,-1,-1,-1,-1,-1,-1,-1,-1,-1,-1,-1,-1,-1,-1,-1,-1,-1.13033376849501,-1,-1,-1,-1,-1,-1,-1,-1,-1,-1,-1,-1,-1,-1,-1,-1
14881,1,-1,-1,-1,-1,-1,-1,-1,-1,-1,-1,-1,-1,-1,-1,-1,-1,-1,-1,-1,-1,-1,-1,-1,-1,-1,-1,-1,-1,-1,-0.196294645143968,-1,-1,-1,-1,-1,-1,-1,-1,-1,-1,-1,-1,-1,-1,-1,-1
17592,1,-1,-1,-1,-1,-1,-1,-1,-1,-1,-1,-1,-1,-1,-1,-1,-1,-1,-1,-1,-1,-1,-1,-1,-1,-1,-1,-1,-1,-1,-1,0.142251711787902,-1,-1,-1,-1,-1,-1,-1,-1,-1,-1,-1,-1,-1,-1,-1
17566,1,-1,-1,-1,-1,-1,-1,-1,-1,-1,-1,-1,-1,-1,-1,-1,-1,-1,-1,-1,-1,-1,-1,-1,-1,-1,-1,-1,-1,-1,-1,0.558430328861592,-1,-1,-1,-1,-1,-1,-1,-1,-1,-1,-1,-1,-1,-1,-1
17568,1,-1,-1,-1,-1,-1,-1,-1,-1,-1,-1,-1,-1,-1,-1,-1,-1,-1,-1,-1,-1,-1,-1,-1,-1,-1,-1,-1,-1,-1,-1,-0.324122560415532,-1,-1,-1,-1,-1,-1,-1,-1,-1,-1,-1,-1,-1,-1,-1
17560,1,-1,-1,-1,-1,-1,-1,-1,-1,-1,-1,-1,-1,-1,-1,-1,-1,-1,-1,-1,-1,-1,-1,-1,-1,-1,-1,-1,-1,-1,-1,-0.896125206859122,-1,-1,-1,-1,-1,-1,-1,-1,-1,-1,-1,-1,-1,-1,-1
17567,1,-1,-1,-1,-1,-1,-1,-1,-1,-1,-1,-1,-1,-1,-1,-1,-1,-1,-1,-1,-1,-1,-1,-1,-1,-1,-1,-1,-1,-1,-1,0.105973433580705,-1,-1,-1,-1,-1,-1,-1,-1,-1,-1,-1,-1,-1,-1,-1
17563,1,-1,-1,-1,-1,-1,-1,-1,-1,-1,-1,-1,-1,-1,-1,-1,-1,-1,-1,-1,-1,-1,-1,-1,-1,-1,-1,-1,-1,-1,-1,0.751603821853391,-1,-1,-1,-1,-1,-1,-1,-1,-1,-1,-1,-1,-1,-1,-1
17565,1,-1,-1,-1,-1,-1,-1,-1,-1,-1,-1,-1,-1,-1,-1,-1,-1,-1,-1,-1,-1,-1,-1,-1,-1,-1,-1,-1,-1,-1,-1,-0.621106800216307,-1,-1,-1,-1,-1,-1,-1,-1,-1,-1,-1,-1,-1,-1,-1
17561,1,-1,-1,-1,-1,-1,-1,-1,-1,-1,-1,-1,-1,-1,-1,-1,-1,-1,-1,-1,-1,-1,-1,-1,-1,-1,-1,-1,-1,-1,-1,-0.192971263009159,-1,-1,-1,-1,-1,-1,-1,-1,-1,-1,-1,-1,-1,-1,-1
17564,1,-1,-1,-1,-1,-1,-1,-1,-1,-1,-1,-1,-1,-1,-1,-1,-1,-1,-1,-1,-1,-1,-1,-1,-1,-1,-1,-1,-1,-1,-1,0.0664511028338866,-1,-1,-1,-1,-1,-1,-1,-1,-1,-1,-1,-1,-1,-1,-1
17562,1,-1,-1,-1,-1,-1,-1,-1,-1,-1,-1,-1,-1,-1,-1,-1,-1,-1,-1,-1,-1,-1,-1,-1,-1,-1,-1,-1,-1,-1,-1,-0.175726458965434,-1,-1,-1,-1,-1,-1,-1,-1,-1,-1,-1,-1,-1,-1,-1
7962,1,-1,-1,-1,-1,-1,-1,-1,-1,-1,-1,-1,-1,-1,-1,-1,-1,-1,-1,-1,-1,-1,-1,-1,-1,-1,-1,-1,-1,-1,-1,0.220986742963649,-1,-1,-1,-1,-1,-1,-1,-1,-1,-1,-1,-1,-1,-1,-1
7961,1,-1,-1,-1,-1,-1,-1,-1,-1,-1,-1,-1,-1,-1,-1,-1,-1,-1,-1,-1,-1,-1,-1,-1,-1,-1,-1,-1,-1,-1,-1,0.243059794398033,-1,-1,-1,-1,-1,-1,-1,-1,-1,-1,-1,-1,-1,-1,-1
7960,1,-1,-1,-1,-1,-1,-1,-1,-1,-1,-1,-1,-1,-1,-1,-1,-1,-1,-1,-1,-1,-1,-1,-1,-1,-1,-1,-1,-1,-1,-1,0.0538164334489462,-1,-1,-1,-1,-1,-1,-1,-1,-1,-1,-1,-1,-1,-1,-1
7959,1,-1,-1,-1,-1,-1,-1,-1,-1,-1,-1,-1,-1,-1,-1,-1,-1,-1,-1,-1,-1,-1,-1,-1,-1,-1,-1,-1,-1,-1,-1,-0.0749306156646035,-1,-1,-1,-1,-1,-1,-1,-1,-1,-1,-1,-1,-1,-1,-1
7958,1,-1,-1,-1,-1,-1,-1,-1,-1,-1,-1,-1,-1,-1,-1,-1,-1,-1,-1,-1,-1,-1,-1,-1,-1,-1,-1,-1,-1,-1,-1,0.477334405389906,-1,-1,-1,-1,-1,-1,-1,-1,-1,-1,-1,-1,-1,-1,-1
7957,1,-1,-1,-1,-1,-1,-1,-1,-1,-1,-1,-1,-1,-1,-1,-1,-1,-1,-1,-1,-1,-1,-1,-1,-1,-1,-1,-1,-1,-1,-1,-0.0791812460476249,-1,-1,-1,-1,-1,-1,-1,-1,-1,-1,-1,-1,-1,-1,-1
7956,1,-1,-1,-1,-1,-1,-1,-1,-1,-1,-1,-1,-1,-1,-1,-1,-1,-1,-1,-1,-1,-1,-1,-1,-1,-1,-1,-1,-1,-1,-1,-0.25018833384374,-1,-1,-1,-1,-1,-1,-1,-1,-1,-1,-1,-1,-1,-1,-1
7955,1,-1,-1,-1,-1,-1,-1,-1,-1,-1,-1,-1,-1,-1,-1,-1,-1,-1,-1,-1,-1,-1,-1,-1,-1,-1,-1,-1,-1,-1,-1,0.0331784367691967,-1,-1,-1,-1,-1,-1,-1,-1,-1,-1,-1,-1,-1,-1,-1
7950,1,-1,-1,-1,-1,-1,-1,-1,-1,-1,-1,-1,-1,-1,-1,-1,-1,-1,-1,-1,-1,-1,-1,-1,-1,-1,-1,-1,-1,-1,-1,-0.838271196883799,-1,-1,-1,-1,-1,-1,-1,-1,-1,-1,-1,-1,-1,-1,-1
7949,1,-1,-1,-1,-1,-1,-1,-1,-1,-1,-1,-1,-1,-1,-1,-1,-1,-1,-1,-1,-1,-1,-1,-1,-1,-1,-1,-1,-1,-1,-1,0.20358743264204,-1,-1,-1,-1,-1,-1,-1,-1,-1,-1,-1,-1,-1,-1,-1
7948,1,-1,-1,-1,-1,-1,-1,-1,-1,-1,-1,-1,-1,-1,-1,-1,-1,-1,-1,-1,-1,-1,-1,-1,-1,-1,-1,-1,-1,-1,-1,-0.453603820796914,-1,-1,-1,-1,-1,-1,-1,-1,-1,-1,-1,-1,-1,-1,-1
7943,1,-1,-1,-1,-1,-1,-1,-1,-1,-1,-1,-1,-1,-1,-1,-1,-1,-1,-1,-1,-1,-1,-1,-1,-1,-1,-1,-1,-1,-1,-1,-0.324623261587584,-1,-1,-1,-1,-1,-1,-1,-1,-1,-1,-1,-1,-1,-1,-1
7942,1,-1,-1,-1,-1,-1,-1,-1,-1,-1,-1,-1,-1,-1,-1,-1,-1,-1,-1,-1,-1,-1,-1,-1,-1,-1,-1,-1,-1,-1,-1,0.0560093666454142,-1,-1,-1,-1,-1,-1,-1,-1,-1,-1,-1,-1,-1,-1,-1
7941,1,-1,-1,-1,-1,-1,-1,-1,-1,-1,-1,-1,-1,-1,-1,-1,-1,-1,-1,-1,-1,-1,-1,-1,-1,-1,-1,-1,-1,-1,-1,-0.746552264311941,-1,-1,-1,-1,-1,-1,-1,-1,-1,-1,-1,-1,-1,-1,-1
7940,1,-1,-1,-1,-1,-1,-1,-1,-1,-1,-1,-1,-1,-1,-1,-1,-1,-1,-1,-1,-1,-1,-1,-1,-1,-1,-1,-1,-1,-1,-1,-0.241169381887417,-1,-1,-1,-1,-1,-1,-1,-1,-1,-1,-1,-1,-1,-1,-1
7939,1,-1,-1,-1,-1,-1,-1,-1,-1,-1,-1,-1,-1,-1,-1,-1,-1,-1,-1,-1,-1,-1,-1,-1,-1,-1,-1,-1,-1,-1,-1,-0.029780516398769,-1,-1,-1,-1,-1,-1,-1,-1,-1,-1,-1,-1,-1,-1,-1
7938,1,-1,-1,-1,-1,-1,-1,-1,-1,-1,-1,-1,-1,-1,-1,-1,-1,-1,-1,-1,-1,-1,-1,-1,-1,-1,-1,-1,-1,-1,-1,0.192952304484886,-1,-1,-1,-1,-1,-1,-1,-1,-1,-1,-1,-1,-1,-1,-1
7937,1,-1,-1,-1,-1,-1,-1,-1,-1,-1,-1,-1,-1,-1,-1,-1,-1,-1,-1,-1,-1,-1,-1,-1,-1,-1,-1,-1,-1,-1,-1,-0.577447259097542,-1,-1,-1,-1,-1,-1,-1,-1,-1,-1,-1,-1,-1,-1,-1
7936,1,-1,-1,-1,-1,-1,-1,-1,-1,-1,-1,-1,-1,-1,-1,-1,-1,-1,-1,-1,-1,-1,-1,-1,-1,-1,-1,-1,-1,-1,-1,-0.232661161047421,-1,-1,-1,-1,-1,-1,-1,-1,-1,-1,-1,-1,-1,-1,-1
7935,1,-1,-1,-1,-1,-1,-1,-1,-1,-1,-1,-1,-1,-1,-1,-1,-1,-1,-1,-1,-1,-1,-1,-1,-1,-1,-1,-1,-1,-1,-1,-0.204891070278901,-1,-1,-1,-1,-1,-1,-1,-1,-1,-1,-1,-1,-1,-1,-1
7934,1,-1,-1,-1,-1,-1,-1,-1,-1,-1,-1,-1,-1,-1,-1,-1,-1,-1,-1,-1,-1,-1,-1,-1,-1,-1,-1,-1,-1,-1,-1,-0.099888567687618,-1,-1,-1,-1,-1,-1,-1,-1,-1,-1,-1,-1,-1,-1,-1
7933,1,-1,-1,-1,-1,-1,-1,-1,-1,-1,-1,-1,-1,-1,-1,-1,-1,-1,-1,-1,-1,-1,-1,-1,-1,-1,-1,-1,-1,-1,-1,-0.0281977127709474,-1,-1,-1,-1,-1,-1,-1,-1,-1,-1,-1,-1,-1,-1,-1
7932,1,-1,-1,-1,-1,-1,-1,-1,-1,-1,-1,-1,-1,-1,-1,-1,-1,-1,-1,-1,-1,-1,-1,-1,-1,-1,-1,-1,-1,-1,-1,-0.357500956449491,-1,-1,-1,-1,-1,-1,-1,-1,-1,-1,-1,-1,-1,-1,-1
7931,1,-1,-1,-1,-1,-1,-1,-1,-1,-1,-1,-1,-1,-1,-1,-1,-1,-1,-1,-1,-1,-1,-1,-1,-1,-1,-1,-1,-1,-1,-1,-0.242612190565807,-1,-1,-1,-1,-1,-1,-1,-1,-1,-1,-1,-1,-1,-1,-1
7930,1,-1,-1,-1,-1,-1,-1,-1,-1,-1,-1,-1,-1,-1,-1,-1,-1,-1,-1,-1,-1,-1,-1,-1,-1,-1,-1,-1,-1,-1,-1,-0.129252803710336,-1,-1,-1,-1,-1,-1,-1,-1,-1,-1,-1,-1,-1,-1,-1
7929,1,-1,-1,-1,-1,-1,-1,-1,-1,-1,-1,-1,-1,-1,-1,-1,-1,-1,-1,-1,-1,-1,-1,-1,-1,-1,-1,-1,-1,-1,-1,0.346148347798922,-1,-1,-1,-1,-1,-1,-1,-1,-1,-1,-1,-1,-1,-1,-1
7928,1,-1,-1,-1,-1,-1,-1,-1,-1,-1,-1,-1,-1,-1,-1,-1,-1,-1,-1,-1,-1,-1,-1,-1,-1,-1,-1,-1,-1,-1,-1,0.0804813529651947,-1,-1,-1,-1,-1,-1,-1,-1,-1,-1,-1,-1,-1,-1,-1
7927,1,-1,-1,-1,-1,-1,-1,-1,-1,-1,-1,-1,-1,-1,-1,-1,-1,-1,-1,-1,-1,-1,-1,-1,-1,-1,-1,-1,-1,-1,-1,0.396284149713271,-1,-1,-1,-1,-1,-1,-1,-1,-1,-1,-1,-1,-1,-1,-1
7926,1,-1,-1,-1,-1,-1,-1,-1,-1,-1,-1,-1,-1,-1,-1,-1,-1,-1,-1,-1,-1,-1,-1,-1,-1,-1,-1,-1,-1,-1,-1,-0.462121207350759,-1,-1,-1,-1,-1,-1,-1,-1,-1,-1,-1,-1,-1,-1,-1
7925,1,-1,-1,-1,-1,-1,-1,-1,-1,-1,-1,-1,-1,-1,-1,-1,-1,-1,-1,-1,-1,-1,-1,-1,-1,-1,-1,-1,-1,-1,-1,-0.844489358089948,-1,-1,-1,-1,-1,-1,-1,-1,-1,-1,-1,-1,-1,-1,-1
7924,1,-1,-1,-1,-1,-1,-1,-1,-1,-1,-1,-1,-1,-1,-1,-1,-1,-1,-1,-1,-1,-1,-1,-1,-1,-1,-1,-1,-1,-1,-1,-0.421665999975333,-1,-1,-1,-1,-1,-1,-1,-1,-1,-1,-1,-1,-1,-1,-1
7923,1,-1,-1,-1,-1,-1,-1,-1,-1,-1,-1,-1,-1,-1,-1,-1,-1,-1,-1,-1,-1,-1,-1,-1,-1,-1,-1,-1,-1,-1,-1,0.216378760439499,-1,-1,-1,-1,-1,-1,-1,-1,-1,-1,-1,-1,-1,-1,-1
26698,1,-1,-1,-1,-1,-1,-1,-1,-1,-1,-1,-1,-1,-1,-1,-1,-1,-1,-1,-1,-1,-1,-1,-1,-1,-1,-1,-1,-1,-1,-1,-1,-1,-1,-1,-0.326910514643959,0.479653591235057,-0.276487054586455,-1,-1,-1,-1,-1,-1,-1,-1,-1
26697,1,-1,-1,-1,-1,-1,-1,-1,-1,-1,-1,-1,-1,-1,-1,-1,-1,-1,-1,-1,-1,-1,-1,-1,-1,-1,-1,-1,-1,-1,-1,-1,-1,-1,-1,-0.132625565274591,-0.447158031342219,0.255272505103306,-1,-1,-1,-1,-1,-1,-1,-1,-1
26695,1,-1,-1,-1,-1,-1,-1,-1,-1,-1,-1,-1,-1,-1,-1,-1,-1,-1,-1,-1,-1,-1,-1,-1,-1,-1,-1,-1,-1,-1,-1,-1,-1,-1,-1,0.719008853774525,-0.164721644242563,-0.0555938487701075,-1,-1,-1,-1,-1,-1,-1,-1,-1
26694,1,-1,-1,-1,-1,-1,-1,-1,-1,-1,-1,-1,-1,-1,-1,-1,-1,-1,-1,-1,-1,-1,-1,-1,-1,-1,-1,-1,-1,-1,-1,-1,-1,-1,-1,-0.403692337561129,0.151267675330649,0.167491087293764,-1,-1,-1,-1,-1,-1,-1,-1,-1
26693,1,-1,-1,-1,-1,-1,-1,-1,-1,-1,-1,-1,-1,-1,-1,-1,-1,-1,-1,-1,-1,-1,-1,-1,-1,-1,-1,-1,-1,-1,-1,-1,-1,-1,-1,0.40683372183202,-0.267171728403014,0.153814864344529,-1,-1,-1,-1,-1,-1,-1,-1,-1
26692,1,-1,-1,-1,-1,-1,-1,-1,-1,-1,-1,-1,-1,-1,-1,-1,-1,-1,-1,-1,-1,-1,-1,-1,-1,-1,-1,-1,-1,-1,-1,-1,-1,-1,-1,0.698970004336019,0.531478917042255,0.288065018499614,-1,-1,-1,-1,-1,-1,-1,-1,-1
26691,1,-1,-1,-1,-1,-1,-1,-1,-1,-1,-1,-1,-1,-1,-1,-1,-1,-1,-1,-1,-1,-1,-1,-1,-1,-1,-1,-1,-1,-1,-1,-1,-1,-1,-1,0.202104691420599,0.0477727817960008,0.187990482355389,-1,-1,-1,-1,-1,-1,-1,-1,-1
26690,1,-1,-1,-1,-1,-1,-1,-1,-1,-1,-1,-1,-1,-1,-1,-1,-1,-1,-1,-1,-1,-1,-1,-1,-1,-1,-1,-1,-1,-1,-1,-1,-1,-1,-1,0.472573626968942,0.013502470403647,-0.013502470403647,-1,-1,-1,-1,-1,-1,-1,-1,-1
26689,1,-1,-1,-1,-1,-1,-1,-1,-1,-1,-1,-1,-1,-1,-1,-1,-1,-1,-1,-1,-1,-1,-1,-1,-1,-1,-1,-1,-1,-1,-1,-1,-1,-1,-1,0.00317236240307173,0.403342844943162,-0.0898501725418317,-1,-1,-1,-1,-1,-1,-1,-1,-1
26688,1,-1,-1,-1,-1,-1,-1,-1,-1,-1,-1,-1,-1,-1,-1,-1,-1,-1,-1,-1,-1,-1,-1,-1,-1,-1,-1,-1,-1,-1,-1,-1,-1,-1,-1,-0.117568713988899,-0.281966989614485,0.368737371271662,-1,-1,-1,-1,-1,-1,-1,-1,-1
26687,1,-1,-1,-1,-1,-1,-1,-1,-1,-1,-1,-1,-1,-1,-1,-1,-1,-1,-1,-1,-1,-1,-1,-1,-1,-1,-1,-1,-1,-1,-1,-1,-1,-1,-1,1.26023592463486,-0.602059991327962,0.270361175897529,-1,-1,-1,-1,-1,-1,-1,-1,-1
26686,1,-1,-1,-1,-1,-1,-1,-1,-1,-1,-1,-1,-1,-1,-1,-1,-1,-1,-1,-1,-1,-1,-1,-1,-1,-1,-1,-1,-1,-1,-1,-1,-1,-1,-1,0.261521454380307,-0.216709109963945,0.111973759443933,-1,-1,-1,-1,-1,-1,-1,-1,-1
26685,1,-1,-1,-1,-1,-1,-1,-1,-1,-1,-1,-1,-1,-1,-1,-1,-1,-1,-1,-1,-1,-1,-1,-1,-1,-1,-1,-1,-1,-1,-1,-1,-1,-1,-1,0.0398105541483504,-0.111414701891636,0.101798933100037,-1,-1,-1,-1,-1,-1,-1,-1,-1
26684,1,-1,-1,-1,-1,-1,-1,-1,-1,-1,-1,-1,-1,-1,-1,-1,-1,-1,-1,-1,-1,-1,-1,-1,-1,-1,-1,-1,-1,-1,-1,-1,-1,-1,-1,0.513422504285896,0.0784978556911868,-0.117031986689712,-1,-1,-1,-1,-1,-1,-1,-1,-1
26681,1,-1,-1,-1,-1,-1,-1,-1,-1,-1,-1,-1,-1,-1,-1,-1,-1,-1,-1,-1,-1,-1,-1,-1,-1,-1,-1,-1,-1,-1,-1,-1,-1,-1,-1,0.12026047433053,0.0902746099280489,0.150292659246352,-1,-1,-1,-1,-1,-1,-1,-1,-1
26679,1,-1,-1,-1,-1,-1,-1,-1,-1,-1,-1,-1,-1,-1,-1,-1,-1,-1,-1,-1,-1,-1,-1,-1,-1,-1,-1,-1,-1,-1,-1,-1,-1,-1,-1,-0.0644579892269184,0.499687082618404,-0.0715522885896149,-1,-1,-1,-1,-1,-1,-1,-1,-1
26678,1,-1,-1,-1,-1,-1,-1,-1,-1,-1,-1,-1,-1,-1,-1,-1,-1,-1,-1,-1,-1,-1,-1,-1,-1,-1,-1,-1,-1,-1,-1,-1,-1,-1,-1,0.4323089103033,-0.157607853361668,-0.359021942641668,-1,-1,-1,-1,-1,-1,-1,-1,-1
26676,1,-1,-1,-1,-1,-1,-1,-1,-1,-1,-1,-1,-1,-1,-1,-1,-1,-1,-1,-1,-1,-1,-1,-1,-1,-1,-1,-1,-1,-1,-1,-1,-1,-1,-1,-0.296385090618217,-0.140618940893462,0.267861632411327,-1,-1,-1,-1,-1,-1,-1,-1,-1
21310,1,-1,-1,-1,-1,-1,-1,-1,-1,-1,-1,-1,-1,-1,-1,-1,-1,-1,-1,-1,-1,-1,-1,-1,-1,-1,-1,-1,-1,-1,-1,-1,-1,-1,-1,-1,-1,-1,-1,-1,-1,-0.537942491716213,0.173243416182855,-0.626937864093597,-0.626937864093597,-0.626937864093597,-1
21289,1,-1,-1,-1,-1,-1,-1,-1,-1,-1,-1,-1,-1,-1,-1,-1,-1,-1,-1,-1,-1,-1,-1,-1,-1,-1,-1,-1,-1,-1,-1,-1,-1,-1,-1,-1,-1,-1,-1,-1,-1,-0.602059991327962,0.477121254719662,0.110924374808178,0.110924374808178,0.57978359661681,-1
21258,1,-1,-1,-1,-1,-1,-1,-1,-1,-1,-1,-1,-1,-1,-1,-1,-1,-1,-1,-1,-1,-1,-1,-1,-1,-1,-1,-1,-1,-1,-1,-1,-1,-1,-1,-1,-1,-1,-1,-1,-1,-1.308033831478,0.453393386613995,-0.517212546237039,-0.517212546237039,-0.517212546237039,-1
21257,1,-1,-1,-1,-1,-1,-1,-1,-1,-1,-1,-1,-1,-1,-1,-1,-1,-1,-1,-1,-1,-1,-1,-1,-1,-1,-1,-1,-1,-1,-1,-1,-1,-1,-1,-1,-1,-1,-1,-1,-1,-0.359021942641668,0.132625565274591,-0.0373168091484519,-0.0373168091484521,0.778151250383644,-1
26675,1,-1,-1,-1,-1,-1,-1,-1,-1,-1,-1,-1,-1,-1,-1,-1,-1,-1,-1,-1,-1,-1,-1,-1,-1,-1,-1,-1,-1,-1,-1,-1,-1,-1,-1,0.062899281472431,-0.0743287432532127,0.137775961313472,-1,-1,-1,-1,-1,-1,-1,-1,-1
26672,1,-1,-1,-1,-1,-1,-1,-1,-1,-1,-1,-1,-1,-1,-1,-1,-1,-1,-1,-1,-1,-1,-1,-1,-1,-1,-1,-1,-1,-1,-1,-1,-1,-1,-1,0.0725506671486116,0.477121254719662,-0.31231100607367,-1,-1,-1,-1,-1,-1,-1,-1,-1
26670,1,-1,-1,-1,-1,-1,-1,-1,-1,-1,-1,-1,-1,-1,-1,-1,-1,-1,-1,-1,-1,-1,-1,-1,-1,-1,-1,-1,-1,-1,-1,-1,-1,-1,-1,-0.185636576961911,0.531478917042255,0.0327925133963076,-1,-1,-1,-1,-1,-1,-1,-1,-1
26667,1,-1,-1,-1,-1,-1,-1,-1,-1,-1,-1,-1,-1,-1,-1,-1,-1,-1,-1,-1,-1,-1,-1,-1,-1,-1,-1,-1,-1,-1,-1,-1,-1,-1,-1,-0.0871501757189002,0.642354586187135,-0.264158635710855,-1,-1,-1,-1,-1,-1,-1,-1,-1
27270,1,-1,-1,-1,-1,-1,-1,-1,-1,-1,-1,-1,-1,-1,-1,-1,-1,-1,-1,-1,-1,-1,-1,-1,-1,-1,-1,-1,-1,-1,-1,-1,-1,-1,-1,-1,-1,-1,-1,0.0379650070582479,0.0379650070582479,0.0379650070582479,0.0379650070582478,0.037965007058248,-1,-1,-1
26663,1,-1,-1,-1,-1,-1,-1,-1,-1,-1,-1,-1,-1,-1,-1,-1,-1,-1,-1,-1,-1,-1,-1,-1,-1,-1,-1,-1,-1,-1,-1,-1,-1,-1,-1,0.045757490560675,-0.574031267727719,0.273001272063738,-1,-1,-1,-1,-1,-1,-1,-1,-1
26659,1,-1,-1,-1,-1,-1,-1,-1,-1,-1,-1,-1,-1,-1,-1,-1,-1,-1,-1,-1,-1,-1,-1,-1,-1,-1,-1,-1,-1,-1,-1,-1,-1,-1,-1,0.669006780958576,0.692721055059017,-0.537819095073274,-1,-1,-1,-1,-1,-1,-1,-1,-1
26657,1,-1,-1,-1,-1,-1,-1,-1,-1,-1,-1,-1,-1,-1,-1,-1,-1,-1,-1,-1,-1,-1,-1,-1,-1,-1,-1,-1,-1,-1,-1,-1,-1,-1,-1,-0.615423952885944,0.210853365314893,0.266267889404769,-1,-1,-1,-1,-1,-1,-1,-1,-1
26655,1,-1,-1,-1,-1,-1,-1,-1,-1,-1,-1,-1,-1,-1,-1,-1,-1,-1,-1,-1,-1,-1,-1,-1,-1,-1,-1,-1,-1,-1,-1,-1,-1,-1,-1,-0.544068044350276,1.38916608436453,-0.158717162986258,-1,-1,-1,-1,-1,-1,-1,-1,-1
26651,1,-1,-1,-1,-1,-1,-1,-1,-1,-1,-1,-1,-1,-1,-1,-1,-1,-1,-1,-1,-1,-1,-1,-1,-1,-1,-1,-1,-1,-1,-1,-1,-1,-1,-1,0.611014833980889,0.399709031410884,0.0744477443450391,-1,-1,-1,-1,-1,-1,-1,-1,-1
26645,1,-1,-1,-1,-1,-1,-1,-1,-1,-1,-1,-1,-1,-1,-1,-1,-1,-1,-1,-1,-1,-1,-1,-1,-1,-1,-1,-1,-1,-1,-1,-1,-1,-1,-1,-0.646263653820016,0.71120446075303,-0.325853579389013,-1,-1,-1,-1,-1,-1,-1,-1,-1
26644,1,-1,-1,-1,-1,-1,-1,-1,-1,-1,-1,-1,-1,-1,-1,-1,-1,-1,-1,-1,-1,-1,-1,-1,-1,-1,-1,-1,-1,-1,-1,-1,-1,-1,-1,1.34242268082221,0.456917868631376,0.0579919469776868,-1,-1,-1,-1,-1,-1,-1,-1,-1
26643,1,-1,-1,-1,-1,-1,-1,-1,-1,-1,-1,-1,-1,-1,-1,-1,-1,-1,-1,-1,-1,-1,-1,-1,-1,-1,-1,-1,-1,-1,-1,-1,-1,-1,-1,0.698970004336019,0.531478917042255,-0.753327666658612,-1,-1,-1,-1,-1,-1,-1,-1,-1
26642,1,-1,-1,-1,-1,-1,-1,-1,-1,-1,-1,-1,-1,-1,-1,-1,-1,-1,-1,-1,-1,-1,-1,-1,-1,-1,-1,-1,-1,-1,-1,-1,-1,-1,-1,0.0457574905606752,0.672097857935717,-0.404926129532704,-1,-1,-1,-1,-1,-1,-1,-1,-1
26641,1,-1,-1,-1,-1,-1,-1,-1,-1,-1,-1,-1,-1,-1,-1,-1,-1,-1,-1,-1,-1,-1,-1,-1,-1,-1,-1,-1,-1,-1,-1,-1,-1,-1,-1,0.500602350569185,-0.102662341897148,0.238882088915137,-1,-1,-1,-1,-1,-1,-1,-1,-1
17534,1,-1,-1,-1,-1,-1,-1,-1,-1,-1,-1,-1,-1,-1,-1,-1,-1,-1,-1,-1,-1,-1,-1,-1,-1,-1,-1,-1,-1,-1,-1,-1,-1,-1,-1,-0.567082407772391,-1,-1,-1,-1,-1,-1,-1,-1,-1,-1,-1
26700,1,-1,-1,-1,-1,-1,-1,-1,-1,-1,-1,-1,-1,-1,-1,-1,-1,-1,-1,-1,-1,-1,-1,-1,-1,-1,-1,-1,-1,-1,-1,-1,-1,-1,-1,-1,0.0974176629570374,0.328551069315244,-1,-1,-1,-1,-1,-1,-1,-1,-1
26671,1,-1,-1,-1,-1,-1,-1,-1,-1,-1,-1,-1,-1,-1,-1,-1,-1,-1,-1,-1,-1,-1,-1,-1,-1,-1,-1,-1,-1,-1,-1,-1,-1,-1,-1,-1,1.07918124604762,0.318758762624413,-1,-1,-1,-1,-1,-1,-1,-1,-1
26664,1,-1,-1,-1,-1,-1,-1,-1,-1,-1,-1,-1,-1,-1,-1,-1,-1,-1,-1,-1,-1,-1,-1,-1,-1,-1,-1,-1,-1,-1,-1,-1,-1,-1,-1,-1,0.481016298603187,-0.16840443038939,-1,-1,-1,-1,-1,-1,-1,-1,-1
26662,1,-1,-1,-1,-1,-1,-1,-1,-1,-1,-1,-1,-1,-1,-1,-1,-1,-1,-1,-1,-1,-1,-1,-1,-1,-1,-1,-1,-1,-1,-1,-1,-1,-1,-1,-1,0.400732908856208,-0.159700842867512,-1,-1,-1,-1,-1,-1,-1,-1,-1
19803,1,-1,-1,-1,-1,-1,-1,-1,-1,-1,-1,-1,-1,-1,-1,-1,-1,-1,-1,-1,-1,-1,-1,-1,-1,-1,-1,-1,-1,-1,-1,-1,-1,-1,-1,-1,-0.0148914747839723,-0.0148914747839098,-0.0148914747839181,-0.0148914747841124,-0.0148914747844454,-0.0148914747847673,-0.0148914747849904,-0.0148914747851415,-0.0148914747852649,-0.0148914747853426,-1
17558,1,-1,-1,-1,-1,-1,-1,-1,-1,-1,-1,-1,-1,-1,-1,-1,-1,-1,-1,-1,-1,-1,-1,-1,-1,-1,-1,-1,-1,-1,-1,-1,-1,-1,-1,-1,0.321880134637101,-0.262111929633611,-1,-1,-1,-1,-1,-1,-1,-1,-1
17557,1,-1,-1,-1,-1,-1,-1,-1,-1,-1,-1,-1,-1,-1,-1,-1,-1,-1,-1,-1,-1,-1,-1,-1,-1,-1,-1,-1,-1,-1,-1,-1,-1,-1,-1,-1,0.186815124447455,0.331698815430433,-1,-1,-1,-1,-1,-1,-1,-1,-1
17556,1,-1,-1,-1,-1,-1,-1,-1,-1,-1,-1,-1,-1,-1,-1,-1,-1,-1,-1,-1,-1,-1,-1,-1,-1,-1,-1,-1,-1,-1,-1,-1,-1,-1,-1,-1,0.221848749616356,-0.330993219041425,-1,-1,-1,-1,-1,-1,-1,-1,-1
17555,1,-1,-1,-1,-1,-1,-1,-1,-1,-1,-1,-1,-1,-1,-1,-1,-1,-1,-1,-1,-1,-1,-1,-1,-1,-1,-1,-1,-1,-1,-1,-1,-1,-1,-1,-1,0.00235390539347735,-0.262850354620371,-1,-1,-1,-1,-1,-1,-1,-1,-1
17554,1,-1,-1,-1,-1,-1,-1,-1,-1,-1,-1,-1,-1,-1,-1,-1,-1,-1,-1,-1,-1,-1,-1,-1,-1,-1,-1,-1,-1,-1,-1,-1,-1,-1,-1,-1,-0.229477707074366,0.345410957395853,-1,-1,-1,-1,-1,-1,-1,-1,-1
17551,1,-1,-1,-1,-1,-1,-1,-1,-1,-1,-1,-1,-1,-1,-1,-1,-1,-1,-1,-1,-1,-1,-1,-1,-1,-1,-1,-1,-1,-1,-1,-1,-1,-1,-1,-1,1.39325288839368,-0.0119695031739454,0.459038944571973,-1,-1,-1,-1,-1,-1,-1,-1
17550,1,-1,-1,-1,-1,-1,-1,-1,-1,-1,-1,-1,-1,-1,-1,-1,-1,-1,-1,-1,-1,-1,-1,-1,-1,-1,-1,-1,-1,-1,-1,-1,-1,-1,-1,-1,0.00684805235468577,0.722096218943268,-0.14069928396684,-1,-1,-1,-1,-1,-1,-1,-1
17549,1,-1,-1,-1,-1,-1,-1,-1,-1,-1,-1,-1,-1,-1,-1,-1,-1,-1,-1,-1,-1,-1,-1,-1,-1,-1,-1,-1,-1,-1,-1,-1,-1,-1,-1,-1,-0.884243306929695,0.435604821311019,0.879890066664931,-1,-1,-1,-1,-1,-1,-1,-1
26653,1,-1,-1,-1,-1,-1,-1,-1,-1,-1,-1,-1,-1,-1,-1,-1,-1,-1,-1,-1,-1,-1,-1,-1,-1,-1,-1,-1,-1,-1,-1,-1,-1,-1,-1,-1,-1,0.344808920242568,-1,-1,-1,-1,-1,-1,-1,-1,-1
27272,1,-1,-1,-1,-1,-1,-1,-1,-1,-1,-1,-1,-1,-1,-1,-1,-1,-1,-1,-1,-1,-1,-1,-1,-1,-1,-1,-1,-1,-1,-1,-1,-1,-1,-1,-1,-1,-1,-1,0.0337435322373774,0.0337435322373775,0.0337435322373774,0.0337435322373773,0.0337435322373775,-1,-1,-1
27271,1,-1,-1,-1,-1,-1,-1,-1,-1,-1,-1,-1,-1,-1,-1,-1,-1,-1,-1,-1,-1,-1,-1,-1,-1,-1,-1,-1,-1,-1,-1,-1,-1,-1,-1,-1,-1,-1,-1,0.0358320981566715,0.0358320981566716,0.0358320981566716,0.0358320981566715,0.0358320981566715,-1,-1,-1
27269,1,-1,-1,-1,-1,-1,-1,-1,-1,-1,-1,-1,-1,-1,-1,-1,-1,-1,-1,-1,-1,-1,-1,-1,-1,-1,-1,-1,-1,-1,-1,-1,-1,-1,-1,-1,-1,-1,-1,0.0234328679485843,0.0234328679485843,0.0234328679485843,0.0234328679485842,0.0234328679485843,-1,-1,-1
27268,1,-1,-1,-1,-1,-1,-1,-1,-1,-1,-1,-1,-1,-1,-1,-1,-1,-1,-1,-1,-1,-1,-1,-1,-1,-1,-1,-1,-1,-1,-1,-1,-1,-1,-1,-1,-1,-1,-1,-0.0815848459157277,-0.0815848459157277,-0.0815848459157276,-0.0815848459157278,-0.0815848459157277,-1,-1,-1
27266,1,-1,-1,-1,-1,-1,-1,-1,-1,-1,-1,-1,-1,-1,-1,-1,-1,-1,-1,-1,-1,-1,-1,-1,-1,-1,-1,-1,-1,-1,-1,-1,-1,-1,-1,-1,-1,-1,-1,-0.0829336303109907,-0.0829336303109905,-0.0829336303109905,-0.0829336303109906,-0.0829336303109905,-1,-1,-1
26824,1,-1,-1,-1,-1,-1,-1,-1,-1,-1,-1,-1,-1,-1,-1,-1,-1,-1,-1,-1,-1,-1,-1,-1,-1,-1,-1,-1,-1,-1,-1,-1,-1,-1,-1,-1,-1,-1,-1,-0.627752489312084,-0.584731136166075,-0.496592697540466,-0.372961123255279,-0.232732821818495,-0.0999249660323338,0.000541819410806221,0.0515411039301847
26639,1,-1,-1,-1,-1,-1,-1,-1,-1,-1,-1,-1,-1,-1,-1,-1,-1,-1,-1,-1,-1,-1,-1,-1,-1,-1,-1,-1,-1,-1,-1,-1,-1,-1,-1,-1,-1,-1,-1,-0.191744711326313,-0.191744711326325,-0.191744711326288,-0.191744711326112,-0.191744711325755,-0.191744711325277,-0.191744711324834,-0.191744711324583
26638,1,-1,-1,-1,-1,-1,-1,-1,-1,-1,-1,-1,-1,-1,-1,-1,-1,-1,-1,-1,-1,-1,-1,-1,-1,-1,-1,-1,-1,-1,-1,-1,-1,-1,-1,-1,-1,-1,-1,1.16007009313776,-1.43281044931386,0.279991033677226,0.279991033677226,0.301029995663981,-0.861012063018433,0.433243516807186,-0.433243516807186
26627,1,-1,-1,-1,-1,-1,-1,-1,-1,-1,-1,-1,-1,-1,-1,-1,-1,-1,-1,-1,-1,-1,-1,-1,-1,-1,-1,-1,-1,-1,-1,-1,-1,-1,-1,-1,-1,-1,-1,-0.0592988412006863,-0.0592988412007998,-0.0592988412010009,-0.0592988412012181,-0.0592988412013822,-0.0592988412014646,-0.0592988412014843,-0.059298841201481
17542,1,-1,-1,-1,-1,-1,-1,-1,-1,-1,-1,-1,-1,-1,-1,-1,-1,-1,-1,-1,-1,-1,-1,-1,-1,-1,-1,-1,-1,-1,-1,-1,-1,-1,-1,-1,-1,-1,-1,0.475414790905645,1.36098379868998,0.147943371102405,0.384283956188657,0.0837739290247543,-0.0449189622662005,-1,-1
17546,1,-1,-1,-1,-1,-1,-1,-1,-1,-1,-1,-1,-1,-1,-1,-1,-1,-1,-1,-1,-1,-1,-1,-1,-1,-1,-1,-1,-1,-1,-1,-1,-1,-1,-1,-1,-1,-1,-1,-1,-0.457377196523905,-0.0147232568207063,0.181054678587231,-1,-1,-1,-1
17545,1,-1,-1,-1,-1,-1,-1,-1,-1,-1,-1,-1,-1,-1,-1,-1,-1,-1,-1,-1,-1,-1,-1,-1,-1,-1,-1,-1,-1,-1,-1,-1,-1,-1,-1,-1,-1,-1,-1,-1,-0.138302698166282,-0.301029995663981,-0.602059991327962,-1,-1,-1,-1
17543,1,-1,-1,-1,-1,-1,-1,-1,-1,-1,-1,-1,-1,-1,-1,-1,-1,-1,-1,-1,-1,-1,-1,-1,-1,-1,-1,-1,-1,-1,-1,-1,-1,-1,-1,-1,-1,-1,-1,-1,0.0715688291988106,-1,-1,-1,-1,-1,-1
18482,1,-1,-1,-1,-1,-1,-1,-1,-1,-1,-1,-1,-1,-1,-1,-1,-1,-1,-1,-1,-1,-1,-1,-1,-1,-1,-1,-1,-1,-1,-1,-1,-1,-1,-1,-1,-1,-1,-1,-1,-1,-1,-0.927449332851388,-1,-1,-1,-1
