Species,1970,1971,1972,1973,1974,1975,1976,1977,1978,1979,1980,1981,1982,1983,1984,1985,1986,1987,1988,1989,1990,1991,1992,1993,1994,1995,1996,1997,1998,1999,2000,2001,2002,2003,2004,2005,2006,2007,2008,2009,2010,2011,2012,2013
Fulica_americana,1,0.0273580174731243,0.0375058073019021,0.045076549118424,0.0496147252779715,0.0502110272886687,0.0462098863464813,0.0381136218825011,0.0276230958288752,0.0166135994260435,0.00600969338652435,-0.00431494860208259,-0.014572330672006,-0.0241501082681026,-0.0318042276531831,-0.0367562199795861,-0.0394830823520591,-0.0411352681168036,-0.0419773326176389,-0.0419853837413906,-0.0410638530353835,-0.0391888483864502,-0.0365288322599429,-0.0337576545173084,-0.031043777623891,-0.0281932321471443,-0.0244301403568352,-0.0195605328204174,-0.0141008356779271,-0.0101167534895763,-0.00812471239539514,NA,NA,NA,NA,NA,NA,NA,NA,NA,NA,NA,NA,NA
Podilymbus_gigas,1,0,0,0,0,0,0,-0.128809111537977,-0.128809111537976,-0.128809111537976,-0.128809111537976,-0.145770351364393,-0.145770351364393,-0.145770351364393,-0.145770351364393,-0.145770351364393,-0.145770351364393,-0.145770351364393,-0.145770351364393,-0.145770351364393,-0.145770351364393,-0.145770351364393,NA,NA,NA,NA,NA,NA,NA,NA,NA,NA,NA,NA,NA,NA,NA,NA,NA,NA,NA,NA,NA,NA
Oxyura_jamaicensis,1,0.0853013716504387,0.0171660208676538,-0.0667298014388162,-0.153591839234007,-0.198712698751084,-0.162197897348283,-0.0653389321418167,0.00657332651581033,-0.0207306029227938,-0.124424608062364,-0.184789861644372,-0.0924897592719445,0.130922712942497,0.325216447790046,0.326351285351638,0.13638962577677,-0.0825042156534836,-0.289415695507169,-0.450032008118509,-0.427101930825646,-0.186312657963378,0.189509403590961,0.369058626325243,0.269508603362243,-0.0299308372546871,-0.212420383348223,-0.198750206874276,-0.033270811541239,0.106615787819834,0.176559087499742,NA,NA,NA,NA,NA,NA,NA,NA,NA,NA,NA,NA,NA
Bucephala_albeola,1,0.0125436340728506,-0.0317566730950638,-0.0517027460055659,-0.0254845571230184,0.0310366854136368,0.0846886969398657,0.119602649659792,0.145691843225931,0.172680159863387,0.183790080741175,0.145940038996868,0.0507535124907781,-0.0598122415726916,-0.119515208875627,-0.0978206860141668,-0.0353227743181588,-0.00443702058151274,-0.0213483628426108,-0.07440633966712,-0.117009105317586,-0.137506198359625,-0.132538579984891,-0.0886700949593582,-0.00254170447481616,0.104343611521694,0.145973933240933,0.100846280735572,-0.00925270436080972,-0.0971764555141101,-0.141138331090651,NA,NA,NA,NA,NA,NA,NA,NA,NA,NA,NA,NA,NA
Aythya_valisineria,1,0.032182937166545,0.0379778646729765,0.0400308861537733,0.037732516422798,0.0314462601474519,0.0221157535566716,0.010821432912679,-0.00145118399677457,-0.0138137404340126,-0.0253925101241723,-0.0352987319212987,-0.0426975346491334,-0.046962396034913,-0.0478935978602726,-0.0459530639076853,-0.0423982992735743,-0.0387826065317114,-0.0354411968037134,-0.0325987994102004,-0.0311543316336564,-0.0313325227947008,-0.0327786437548685,-0.0340737779602946,-0.0348631962724957,-0.0351625250632033,-0.0350342698192456,-0.03449405691235,-0.0336634443179884,-0.033028663938091,-0.0327112737481414,NA,NA,NA,NA,NA,NA,NA,NA,NA,NA,NA,NA,NA
Aythya_collaris,1,-0.0306249962023264,-0.0294540357244273,-0.0245487580583363,-0.0154530588507615,-0.00260023438845547,0.0138917236180323,0.0336570237003624,0.0536667059265072,0.0668856101037676,0.0650607718148537,0.044845649671859,0.012170897972668,-0.0200232035685444,-0.0400581826152759,-0.0452708415955625,-0.0425501734751847,-0.0405856398782705,-0.0412044118397672,-0.0426730413680101,-0.0380577364963424,-0.0256250492330956,-0.00797161327364915,0.00451603660056676,0.00924126669415948,0.00718202886609198,0.00225013055209544,-0.00457647638886538,-0.0124974896541143,-0.0183117000327453,-0.021218805222059,NA,NA,NA,NA,NA,NA,NA,NA,NA,NA,NA,NA,NA
Aythya_americana,1,0.0400637592549815,0.0410925852235433,0.041501496719655,0.0413382674183991,0.0405028671890761,0.0386466404936918,0.0353317807326627,0.030369846913131,0.0240796185770797,0.0172326539539291,0.0106864113722702,0.00495805497526014,5.1951246892834e-05,-0.00434268708297481,-0.00846541533423828,-0.0122372315978501,-0.0153916170737931,-0.0178659552364202,-0.0197020306036899,-0.0210669812473627,-0.0220025916853874,-0.0225099775546482,-0.0225936014026731,-0.0222545788663426,-0.0214039236925432,-0.019685690868779,-0.01701089414194,-0.0137407030864196,-0.0113197959998059,-0.0101093424564995,NA,NA,NA,NA,NA,NA,NA,NA,NA,NA,NA,NA,NA
Aythya_affinis,1,0.00154798083574104,0.00143655749829374,0.00131685451691688,0.00119594632360975,0.00107752735044553,0.000963433488120558,0.000855353788019819,0.000753455308920792,0.000652661472335225,0.000541176904099494,0.000404904270704165,0.000235949721509421,3.87770313565738e-05,-0.000171323983821026,-0.00037663195018478,-0.000566001203083033,-0.000737235813593529,-0.000890277534258743,-0.00102729231853615,-0.00115694398025745,-0.00128139847288189,-0.00139998190062673,-0.00150999868037527,-0.00161077491635186,-0.00170073749413291,-0.00177359395603194,-0.001827771187636,-0.00186441028280537,-0.00188807561700965,-0.00189990828410824,NA,NA,NA,NA,NA,NA,NA,NA,NA,NA,NA,NA,NA
Mareca_strepera,1,-0.00567379879238139,-0.000490747851016771,0.00493142910101518,0.0089771779650043,0.0117811941322019,0.0148386986169022,0.0195074200512639,0.0255644480895985,0.03105187002331,0.0335665411965511,0.0318870733086918,0.0265990670104674,0.0193990340689441,0.0119801962267339,0.00557342475876155,0.00122046657611463,-0.000176943551267073,0.00156502684809467,0.00587234603274833,0.0104488870368904,0.0147206181190569,0.0177621928111531,0.0158722252407806,0.00812536893984994,-0.00321283045418408,-0.00908019039148034,-0.00721116523456367,0.00057121359802359,0.00697482043211739,0.0101766238491425,NA,NA,NA,NA,NA,NA,NA,NA,NA,NA,NA,NA,NA
Anas_fulvigula,1,-0.000623353046975694,-0.0201832665935973,-0.0314893830396272,-0.024285779390528,-0.00554799519988336,0.0107692187772281,0.0207423686491772,0.0337405643777435,0.0575434578025753,0.0826586924662669,0.085565825455725,0.0502214006057633,-0.0137221540269508,-0.0756415481471535,-0.10828156724506,-0.109054632142629,-0.0947406157021531,-0.0696377480016181,-0.0372137749015566,-0.0113396798440064,0.0045167913105324,0.0097953848425707,0.0022550858744852,-0.018664359313278,-0.0475101728638414,-0.0624712433501591,-0.058094792915429,-0.0389211845662443,-0.0231118703290694,-0.0152072132104397,NA,NA,NA,NA,NA,NA,NA,NA,NA,NA,NA,NA,NA
Anas_platyrhynchos,1,0.0110524280301108,-0.0316459123382278,0.0209597709345459,0.0500010871382099,0.0296559369499776,0.0186990762850758,-0.000481018531945487,0.0393196150757555,-0.0343749063145453,0.0387935491659199,0.14595408487136,-0.133071904794727,-0.0263963894587613,-0.0464041180181827,-0.0535825843578221,-0.0389848690832761,-0.0172687533450526,-0.0144018482168455,-0.0232760598342145,-0.0288910461311245,-0.0241387132431403,-0.00926132040955752,-0.00236232116671031,-0.00368397475399052,0.0103919535346306,0.00355787580779054,-0.000567973228576601,-0.036471343098865,-0.037416423329486,-0.0378889634447237,NA,NA,NA,NA,NA,NA,NA,NA,NA,NA,NA,NA,NA
Anas_crecca,1,0.0643846682345628,0.0643846682345623,0.0643846682345628,0.0643846682345628,0.0643846682345623,-0.324116681715796,-0.324116681715796,0.431186723864017,-0.138753230821664,0.357659380569791,0.124449751324149,-0.353717445752978,-0.131344976230785,-0.131344976230784,-0.131344976230785,-0.019434540248751,-0.0194345402487515,-0.019434540248751,-0.273083180443627,-0.273083180443626,-0.273083180443627,-0.242143106094913,-0.242143106094914,-0.242143106094914,0,0,0,0,0,0,NA,NA,NA,NA,NA,NA,NA,NA,NA,NA,NA,NA,NA
Spatula_clypeata,1,0.0717675797152291,0.0658776800128469,0.0596958065184432,0.0532019862618078,0.0463179787610444,0.0390079352314086,0.0313090619523502,0.0232920078971053,0.0150271746842376,0.00661785963716044,-0.00172884241672522,-0.00968661393567904,-0.0169050422093671,-0.0231633343762425,-0.0284663387513002,-0.0330145737872063,-0.037045264578536,-0.0406084288221691,-0.0437235323211214,-0.0464684382874436,-0.048862612524148,-0.0508927384286864,-0.052505549590828,-0.0536877294080234,-0.0543294201191249,-0.0539911906795361,-0.0525631833281111,-0.0503669046758914,-0.0486883811670493,-0.0478491194126311,NA,NA,NA,NA,NA,NA,NA,NA,NA,NA,NA,NA,NA
Mareca_americana,1,0.313664335151941,0.254641186120684,0.0758821508576943,-0.138227388098042,-0.263096250300566,-0.223483989647438,-0.0580924350076533,0.10680437791754,0.15909341374297,0.0878248178841456,-0.0227839203427918,-0.0806610866268356,-0.0657686721978159,-0.0282768210400901,-0.0190293233807663,-0.0335294294076709,-0.0322548064280603,-0.00565618025071757,0.0353269340817448,0.0469364763982147,0.0182329316562049,-0.0398112049385446,-0.0833059525627835,-0.101278816010256,-0.0937412010136081,-0.0607387305020755,-0.0022828102077872,0.0727226865678716,0.128662266619274,0.156632056644692,NA,NA,NA,NA,NA,NA,NA,NA,NA,NA,NA,NA,NA
Anas_acuta,1,0.00894206484647064,0.0145772755693638,0.0196107339927272,0.0233446891620046,0.024867583905344,0.0237593319238609,0.0205868799243474,0.0165707828080954,0.0126455206161067,0.00882394964445421,0.00451139843562309,-0.000574009582009261,-0.00587145235397113,-0.0104151456545027,-0.0137551439650778,-0.0163337515372879,-0.0188593950062481,-0.0214856388303302,-0.0239961241050271,-0.0255254152123543,-0.0258571532478147,-0.025426762294706,-0.0259759386862157,-0.0279401065056444,-0.0311822746050954,-0.0351544783930073,-0.0397197267214873,-0.0444926070077178,-0.0479314689204164,-0.0496508998767613,NA,NA,NA,NA,NA,NA,NA,NA,NA,NA,NA,NA,NA
Phoenicopterus_ruber,1,NA,NA,NA,-0.0016534308396523,-0.00167552659302134,-0.00174357902949862,-0.00187593490388704,-0.0020683982477141,-0.00230173518326565,-0.00256230894956444,-0.00284920316451409,-0.00315602741080118,-0.0034474143130907,-0.003671285643981,-0.00381609567311392,-0.00388101818142739,-0.00386856396407681,-0.00380923341432882,-0.00374595161368879,-0.00370606536916107,-0.00369132981926107,NA,NA,NA,NA,NA,NA,NA,NA,NA,NA,NA,NA,NA,NA,NA,NA,NA,NA,NA,NA,NA,NA
Rollandia_rolland,1,NA,NA,NA,NA,-0.0385173616303369,-0.0385173616303365,-0.0385173616303369,-0.0385173616303365,-0.0385173616303369,-0.0385173616303369,-0.0385173616303365,-0.0527890379649656,-0.0527890379649656,-0.0527890379649656,-0.0527890379649656,-0.0527890379649656,-0.0527890379649656,-0.0527890379649656,-0.0527890379649651,-0.0527890379649656,-0.0527890379649656,-0.0527890379649656,-0.0527890379649656,NA,NA,NA,NA,NA,NA,NA,NA,NA,NA,NA,NA,NA,NA,NA,NA,NA,NA,NA,NA
Podiceps_taczanowskii,1,NA,NA,NA,NA,NA,NA,NA,-0.0188942804446999,-0.0188942804446999,-0.045335893180348,-0.0453358931803476,-0.045335893180348,-0.0453358931803476,-0.0453358931803476,-0.045335893180348,0.0144436526307579,0.0144436526307579,0.0144436526307579,0.0144436526307579,0.0144436526307579,0.0144436526307574,0.0144436526307579,0.0144436526307579,0.0144436526307579,0.0144436526307579,NA,NA,NA,NA,NA,NA,NA,NA,NA,NA,NA,NA,NA,NA,NA,NA,NA,NA
Phoenicoparrus_andinus,1,NA,NA,NA,NA,NA,NA,NA,NA,NA,NA,NA,NA,NA,NA,NA,-0.0287096503835578,-0.0287096503835578,-0.0287096503835578,-0.0287096503835578,-0.0287096503835578,-0.0287096503835578,-0.0287096503835578,-0.0287096503835578,-0.0287096503835578,-0.0287096503835578,-0.0287096503835578,-0.0287096503835578,NA,NA,NA,NA,NA,NA,NA,NA,NA,NA,NA,NA,NA,NA,NA,NA
Laterallus_spilonota,1,NA,NA,NA,NA,NA,NA,NA,NA,NA,NA,NA,NA,NA,NA,NA,NA,0.0266115891716611,0.0266115891716611,0.0266115891716611,0.0266115891716611,0.0266115891716611,0.0266115891716611,0.0266115891716611,0.026611589171661,0.0266115891716611,0.0266115891716611,0.0266115891716611,0.026611589171661,0.0266115891716611,0.026611589171661,0.0184679270710862,0.0184679270710861,0.0184679270710861,0.0184679270710862,-0.0222503834317884,-0.0222503834317884,-0.0222503834317886,NA,NA,NA,NA,NA,NA
Donacobius_atricapilla,1,NA,NA,NA,NA,NA,NA,NA,NA,NA,NA,NA,NA,NA,NA,NA,NA,NA,0.0115983893955374,0.0115983893955374,0.0115983893955374,0.0115983893955373,0.0115983893955374,0.117654341368466,0.117654341368466,0.117654341368466,0.117654341368466,0.117654341368466,NA,NA,NA,NA,NA,NA,NA,NA,NA,NA,NA,NA,NA,NA,NA,NA
Certhiaxis_cinnamomeus,1,NA,NA,NA,NA,NA,NA,NA,NA,NA,NA,NA,NA,NA,NA,NA,NA,NA,0.0602059991327963,0.0602059991327962,0.0602059991327962,0.0602059991327963,0.0602059991327963,0.0352182518111362,0.0352182518111362,0.0352182518111362,0.0352182518111363,0.0352182518111362,NA,NA,NA,NA,NA,NA,NA,NA,NA,NA,NA,NA,NA,NA,NA,NA
Phacellodomus_ferrugineigula,1,NA,NA,NA,NA,NA,NA,NA,NA,NA,NA,NA,NA,NA,NA,NA,NA,NA,-0.00526578774446973,-0.00526578774446995,-0.00526578774446973,-0.00526578774446973,-0.00526578774446995,0.0817327748127621,0.0817327748127621,0.0817327748127623,0.0817327748127621,0.0817327748127621,NA,NA,NA,NA,NA,NA,NA,NA,NA,NA,NA,NA,NA,NA,NA,NA
Mesembrinibis_cayennensis,1,NA,NA,NA,NA,NA,NA,NA,NA,NA,NA,NA,NA,NA,NA,NA,NA,NA,0.0352182518111362,0.0352182518111362,0.0352182518111362,0.0352182518111362,0.0352182518111362,NA,NA,NA,NA,NA,NA,NA,NA,NA,NA,NA,NA,NA,NA,NA,NA,NA,NA,NA,NA,NA
Butorides_striata,1,NA,NA,NA,NA,NA,NA,NA,NA,NA,NA,NA,NA,NA,NA,NA,NA,NA,0.0954242509439325,0.0954242509439325,0.0954242509439324,0.0954242509439326,0.0954242509439324,NA,NA,NA,NA,0.0272012419830293,-0.0558050605213875,-0.144937237967942,-0.150073508962014,-0.0570923570050974,0.0620632192877125,0.12132567253959,0.100790411725809,0.0580999429136203,NA,NA,NA,NA,NA,NA,NA,NA
Ardea_alba,1,NA,NA,NA,NA,NA,NA,NA,NA,NA,NA,NA,NA,NA,NA,NA,NA,NA,-0.0954242509439324,-0.0954242509439326,-0.0954242509439324,-0.0954242509439325,-0.0954242509439325,0.169019608002851,0.169019608002851,0.169019608002851,0.169019608002851,0.137106787697361,-0.0987509449613291,-0.306114886911294,-0.0534548483535886,-0.427633123298136,0.370438216011504,0.120043632493998,-0.0429814746146362,-0.147825744156948,0.0127461300274905,0.0141795875563022,0.0147098128958065,0.0147101243617351,0.0140168292709799,0.0128055256979493,0.0115620677160237,0.0108163903042127
Gallinula_galeata,1,NA,NA,NA,NA,NA,NA,NA,NA,NA,NA,NA,NA,NA,NA,NA,NA,NA,0.144031860681191,0.144031860681191,0.144031860681191,0.144031860681191,0.144031860681191,-0.023619862415599,-0.0236198624155988,-0.023619862415599,-0.023619862415599,-0.0267672269592969,0.0294216667300213,0.0940711004620306,0.54998990577977,-0.0299798954063655,0.0174997750763,-0.0926810667022847,-0.0814447998116689,-0.0535005699241959,NA,NA,NA,NA,NA,NA,NA,NA
Laterallus_melanophaius,1,NA,NA,NA,NA,NA,NA,NA,NA,NA,NA,NA,NA,NA,NA,NA,NA,NA,-0.0510545010206612,-0.0510545010206612,-0.0510545010206612,-0.0510545010206611,-0.0510545010206612,0.101029995663981,0.101029995663981,0.101029995663981,0.101029995663981,0.101029995663981,NA,NA,NA,NA,NA,NA,NA,NA,NA,NA,NA,NA,NA,NA,NA,NA
Porzana_albicollis,1,NA,NA,NA,NA,NA,NA,NA,NA,NA,NA,NA,NA,NA,NA,NA,NA,NA,0.139794000867204,0.139794000867204,0.139794000867204,0.139794000867204,0.139794000867204,0.0292256071356475,0.0292256071356476,0.0292256071356477,0.0292256071356476,0.0292256071356476,NA,NA,NA,NA,NA,NA,NA,NA,NA,NA,NA,NA,NA,NA,NA,NA
Aramides_saracura,1,NA,NA,NA,NA,NA,NA,NA,NA,NA,NA,NA,NA,NA,NA,NA,NA,NA,0.0218288938850136,0.0218288938850136,0.0218288938850136,0.0218288938850135,0.0218288938850136,0.0319401685735023,0.0319401685735025,0.0319401685735023,0.0319401685735023,0.0319401685735023,NA,NA,NA,NA,NA,NA,NA,NA,NA,NA,NA,NA,NA,NA,NA,NA
Aramides_cajaneus,1,NA,NA,NA,NA,NA,NA,NA,NA,NA,NA,NA,NA,NA,NA,NA,NA,NA,0.180617997398389,0.180617997398389,0.180617997398389,0.180617997398389,0.180617997398389,0,0,0,0,0,NA,NA,NA,NA,NA,NA,NA,NA,NA,NA,NA,NA,NA,NA,NA,NA
Pardirallus_nigricans,1,NA,NA,NA,NA,NA,NA,NA,NA,NA,NA,NA,NA,NA,NA,NA,NA,NA,0.0954242509439325,0.0954242509439325,0.0954242509439324,0.0954242509439326,0.0954242509439324,0.127364419517435,0.127364419517435,0.127364419517435,0.127364419517435,0.0643046710172857,0.00564549162279399,0.013524466664103,0.0240729686656073,0.038100808913604,0.0568383698001106,0.0789745192234896,0.0991965475391544,0.110851385604555,NA,NA,NA,NA,NA,NA,NA,NA
Jacana_jacana,1,NA,NA,NA,NA,NA,NA,NA,NA,NA,NA,NA,NA,NA,NA,NA,NA,NA,-0.0954242509439324,-0.0954242509439326,-0.0954242509439324,-0.0954242509439325,-0.0954242509439325,0.0954242509439325,0.0954242509439325,0.0954242509439324,0.0954242509439326,0.0954242509439324,-0.397940008672038,NA,NA,0.0602059991327962,0.0602059991327961,0.0602059991327962,0.0602059991327963,NA,NA,NA,NA,NA,NA,NA,NA,NA
Amazonetta_brasiliensis,1,NA,NA,NA,NA,NA,NA,NA,NA,NA,NA,NA,NA,NA,NA,NA,NA,NA,0.0460897842756547,0.0460897842756549,0.0460897842756547,0.0460897842756549,0.0460897842756547,0.0141162148571414,0.0141162148571414,0.0141162148571417,0.0141162148571414,0.0405571992378871,0.0602385561666617,0.0486265041795074,0.0353929988737329,0.0221825734918068,0.00859305276350249,-0.00557316672009123,-0.0181787370951825,-0.0255222759540276,NA,NA,NA,NA,NA,NA,NA,NA
Cairina_moschata,1,NA,NA,NA,NA,NA,NA,NA,NA,NA,NA,NA,NA,NA,NA,NA,NA,NA,0.0735953570589189,0.073595357058919,0.0735953570589187,0.073595357058919,0.0735953570589188,-0.108813608870055,-0.108813608870055,-0.108813608870055,-0.108813608870055,-0.108813608870055,NA,NA,NA,NA,NA,NA,NA,NA,NA,NA,NA,NA,NA,NA,NA,NA
Estrilda_astrild,1,NA,NA,NA,NA,NA,NA,NA,NA,NA,NA,NA,NA,NA,NA,NA,NA,NA,NA,NA,NA,NA,NA,0.0115983893955374,0.0115983893955374,0.0115983893955374,0.0115983893955374,0.0115983893955374,NA,NA,NA,NA,NA,NA,NA,NA,NA,NA,NA,NA,NA,NA,NA,NA
Calidris_fuscicollis,1,NA,NA,NA,NA,NA,NA,NA,NA,NA,NA,NA,NA,NA,NA,NA,NA,NA,NA,NA,NA,NA,NA,NA,NA,NA,-0.285257395035849,-0.276405770771202,-0.240655165023664,-0.169318290067171,-0.0785250751829762,0.00418103619503274,0.0647366652057388,0.109531098087579,0.149190424921279,0.181911587147835,0.196078154213292,0.186364396708089,0.163306347249013,0.145896443869961,NA,NA,NA,NA
Chloroceryle_americana,1,NA,NA,NA,NA,NA,NA,NA,NA,NA,NA,NA,NA,NA,NA,NA,NA,NA,NA,NA,NA,NA,NA,NA,NA,NA,NA,0,0,0,0.181356014783425,0.181356014783425,0.181356014783425,0.455931955649724,NA,NA,NA,NA,NA,NA,NA,NA,NA,NA
Megaceryle_torquata,1,NA,NA,NA,NA,NA,NA,NA,NA,NA,NA,NA,NA,NA,NA,NA,NA,NA,NA,NA,NA,NA,NA,NA,NA,NA,NA,-0.00364884843197166,-0.00364884843208424,-0.00364884843227553,-0.00364884843245483,-0.003648848432528,-0.00364884843245483,-0.00364884843227553,-0.00364884843208413,-0.00364884843197177,NA,NA,NA,NA,NA,NA,NA,NA
Actitis_macularius,1,NA,NA,NA,NA,NA,NA,NA,NA,NA,NA,NA,NA,NA,NA,NA,NA,NA,NA,NA,NA,NA,NA,NA,NA,NA,NA,-0.0461542059206358,-0.0461542059201671,-0.0461542059190028,-0.046154205917247,-0.0461542059154764,-0.0461542059144145,-0.046154205914402,-0.046154205915095,-0.0461542059157176,NA,NA,NA,NA,NA,NA,NA,NA
Tringa_flavipes,1,NA,NA,NA,NA,NA,NA,NA,NA,NA,NA,NA,NA,NA,NA,NA,NA,NA,NA,NA,NA,NA,NA,NA,NA,NA,NA,0.0586970863518937,0.0586970863518936,0.0586970863518937,0.425968732272281,-0.602059991327962,0.602059991327962,-0.425968732272281,0.221848749616356,-0.397940008672038,NA,NA,NA,NA,NA,NA,NA,NA
Charadrius_semipalmatus,1,NA,NA,NA,NA,NA,NA,NA,NA,NA,NA,NA,NA,NA,NA,NA,NA,NA,NA,NA,NA,NA,NA,NA,NA,NA,NA,0.0457336750059152,0.0423285014297943,0.0453744461521499,0.0571821977496258,0.0626871476803547,0.039908238198562,-0.0178727216706939,-0.0889520192564678,-0.0679610692152461,NA,NA,NA,NA,NA,NA,NA,NA
Fulica_armillata,1,NA,NA,NA,NA,NA,NA,NA,NA,NA,NA,NA,NA,NA,NA,NA,NA,NA,NA,NA,NA,NA,NA,NA,NA,NA,NA,-0.115102344244047,-0.115102344244047,-0.115102344244047,-0.115102344244047,-0.115102344244047,-0.115102344244047,-0.115102344244047,-0.115102344244047,NA,NA,NA,NA,NA,NA,NA,NA,NA
Platalea_ajaja,1,NA,NA,NA,NA,NA,NA,NA,NA,NA,NA,NA,NA,NA,NA,NA,NA,NA,NA,NA,NA,NA,NA,NA,NA,NA,NA,-0.0575322196564458,-0.0575322196564296,-0.0575322196564583,-0.0575322196565467,-0.0575322196566034,-0.0575322196564946,-0.0575322196561742,-0.0575322196557677,-0.0575322196554955,NA,NA,NA,NA,NA,NA,NA,NA
Egretta_caerulea,1,NA,NA,NA,NA,NA,NA,NA,NA,NA,NA,NA,NA,NA,NA,NA,NA,NA,NA,NA,NA,NA,NA,NA,NA,NA,NA,-0.0336905551062556,-0.0336905551062845,-0.0336905551061679,-0.0336905551058043,-0.033690555105339,-0.0336905551050774,-0.0336905551052148,-0.0336905551056321,-0.0336905551059748,NA,NA,NA,NA,NA,NA,NA,NA
Egretta_thula,1,NA,NA,NA,NA,NA,NA,NA,NA,NA,NA,NA,NA,NA,NA,NA,NA,NA,NA,NA,NA,NA,NA,NA,NA,NA,NA,-0.0506611265530339,-0.0506611265519292,-0.0506611265478711,0.0534733634107601,0.0658395409009319,-0.374815565429825,-0.0506611265211748,-0.050661126522727,-0.0506611265249198,NA,NA,NA,NA,NA,-0.0969100130080562,0,-0.301029995663981
Ardea_cocoi,1,NA,NA,NA,NA,NA,NA,NA,NA,NA,NA,NA,NA,NA,NA,NA,NA,NA,NA,NA,NA,NA,NA,NA,NA,NA,NA,-0.0619309394279312,-0.072625317041897,-0.0891029301975351,-0.0975037897543546,-0.0820054846256182,-0.0360218735495914,0.0305823476571369,0.093999442547598,0.130260845464106,NA,NA,NA,NA,NA,NA,NA,NA
Nyctanassa_violacea,1,NA,NA,NA,NA,NA,NA,NA,NA,NA,NA,NA,NA,NA,NA,NA,NA,NA,NA,NA,NA,NA,NA,NA,NA,NA,NA,0.0389431761256852,0.0389431761250665,0.0389431761238257,0.0389431761222955,0.0389431761210413,0.0389431761205312,0.0389431761208316,0.038943176121541,0.0389431761220683,NA,NA,NA,NA,NA,NA,NA,NA
Nycticorax_nycticorax,1,NA,NA,NA,NA,NA,NA,NA,NA,NA,NA,NA,NA,NA,NA,NA,NA,NA,NA,NA,NA,NA,NA,NA,NA,NA,NA,0.129585656476908,0.122324495989991,0.10429554657106,0.0743414071429002,0.0360448013707445,-0.00321711828231412,-0.0355462853951069,-0.0561050920121573,-0.064853102157499,NA,NA,NA,NA,NA,NA,NA,NA
Dendrocygna_arborea,1,NA,NA,NA,NA,NA,NA,NA,NA,NA,NA,NA,NA,NA,NA,NA,NA,NA,NA,NA,NA,NA,NA,NA,NA,NA,NA,-0.0555173278498315,NA,NA,NA,NA,NA,NA,NA,NA,NA,NA,NA,NA,NA,NA,NA,NA
Phoenicoparrus_jamesi,1,NA,NA,NA,NA,NA,NA,NA,NA,NA,NA,NA,NA,NA,NA,NA,NA,NA,NA,NA,NA,NA,NA,NA,NA,NA,NA,NA,0.180670875234834,NA,NA,NA,NA,NA,NA,NA,NA,NA,NA,NA,NA,NA,NA,NA
Phoenicopterus_chilensis,1,NA,NA,NA,NA,NA,NA,NA,NA,NA,NA,NA,NA,NA,NA,NA,NA,NA,NA,NA,NA,NA,NA,NA,NA,NA,NA,NA,-0.128831464550203,NA,NA,NA,NA,NA,NA,NA,NA,NA,NA,NA,NA,NA,NA,NA
Sternula_superciliaris,1,NA,NA,NA,NA,NA,NA,NA,NA,NA,NA,NA,NA,NA,NA,NA,NA,NA,NA,NA,NA,NA,NA,NA,NA,NA,NA,NA,NA,NA,0,0,0,-0.176091259055681,0,NA,-0.789146634685107,0.47488837328737,NA,NA,NA,NA,NA,NA
Himantopus_himantopus,1,NA,NA,NA,NA,NA,NA,NA,NA,NA,NA,NA,NA,NA,NA,NA,NA,NA,NA,NA,NA,NA,NA,NA,NA,NA,NA,NA,NA,NA,NA,NA,NA,0.176091259055681,0.0395085412836735,0,NA,NA,NA,NA,NA,NA,NA,NA
Podilymbus_podiceps,1,NA,NA,NA,NA,NA,NA,NA,NA,NA,NA,NA,NA,NA,NA,NA,NA,NA,NA,NA,NA,NA,NA,NA,NA,NA,NA,NA,NA,NA,-0.371611069949688,0.413003755107914,-0.0636690798693773,NA,NA,NA,NA,NA,NA,NA,NA,NA,NA,NA
Dendrocygna_viduata,1,NA,NA,NA,NA,NA,NA,NA,NA,NA,NA,NA,NA,NA,NA,NA,NA,NA,NA,NA,NA,NA,NA,NA,NA,NA,NA,NA,NA,NA,1,-0.471406771195233,-1,NA,NA,NA,NA,NA,NA,NA,NA,NA,NA,NA
Calidris_canutus,1,NA,NA,NA,NA,NA,NA,NA,NA,NA,NA,NA,NA,NA,NA,NA,NA,NA,NA,NA,NA,NA,NA,NA,NA,NA,NA,NA,NA,NA,NA,-0.206656707853522,-0.0901723291900289,NA,NA,NA,-0.011012416607949,0.00264147253901559,-0.0681858617461613,0.0801582869139361,-0.0392994610508444,-0.217684310760438,NA,NA
Pluvialis_dominica,1,NA,NA,NA,NA,NA,NA,NA,NA,NA,NA,NA,NA,NA,NA,NA,NA,NA,NA,NA,NA,NA,NA,NA,NA,NA,NA,NA,NA,NA,NA,NA,NA,NA,0,NA,NA,NA,NA,NA,NA,NA,NA,NA
Eudocimus_albus,1,NA,NA,NA,NA,NA,NA,NA,NA,NA,NA,NA,NA,NA,NA,NA,NA,NA,NA,NA,NA,NA,NA,NA,NA,NA,NA,NA,NA,NA,NA,NA,NA,NA,0.0368706600430628,0.0354373863139621,0.032048958042687,0.0266356186382115,0.0198420310791136,0.012811167611662,0.00671263814981682,0.00225982100798072,-0.000412480727170816,-0.0014508025465485
Mycteria_americana,1,NA,NA,NA,NA,NA,NA,NA,NA,NA,NA,NA,NA,NA,NA,NA,NA,NA,NA,NA,NA,NA,NA,NA,NA,NA,NA,NA,NA,NA,NA,NA,NA,NA,0.0573556036007035,-0.104043298250853,-0.104043298250828,0.0573556036008727,0.0573556036010126,0.0573556036011529,0.0573556036012408,0.0573556036012586,0.0573556036012222,0.0573556036011853
Hoploxypterus_cayanus,1,NA,NA,NA,NA,NA,NA,NA,NA,NA,NA,NA,NA,NA,NA,NA,NA,NA,NA,NA,NA,NA,NA,NA,NA,NA,NA,NA,NA,NA,NA,NA,NA,NA,NA,0.474551206715281,0.0902881497189114,-0.0090205190800452,NA,NA,NA,NA,NA,NA
Pluvialis_squatarola,1,NA,NA,NA,NA,NA,NA,NA,NA,NA,NA,NA,NA,NA,NA,NA,NA,NA,NA,NA,NA,NA,NA,NA,NA,NA,NA,NA,NA,NA,NA,NA,NA,NA,NA,-0.193296105754892,NA,NA,NA,NA,NA,NA,NA,NA
Nannopterum_brasilianus,1,NA,NA,NA,NA,NA,NA,NA,NA,NA,NA,NA,NA,NA,NA,NA,NA,NA,NA,NA,NA,NA,NA,NA,NA,NA,NA,NA,NA,NA,NA,NA,NA,NA,NA,NA,NA,0.0330421447208415,0.0330421447194551,0.033042144719289,0.0330421447237796,0.0330421447335749,0.0330421447449107,0.0330421447521241
