ID,min_year,max_year
819,1978,2000
820,1978,1985
821,1968,1988
822,1950,1983
823,1968,1988
824,1967,1987
825,1967,1987
826,1983,2018
827,1993,1997
828,1970,1980
829,1950,1977
830,1975,1988
831,1975,1986
832,1973,2004
833,1974,1984
834,1978,1994
835,1980,1993
836,1989,1996
837,1989,1996
838,1976,1993
839,1995,2000
840,1980,1987
841,1984,1990
842,1970,1995
843,1960,1995
844,1960,1995
845,1967,2000
846,1980,2002
847,1971,1996
848,1950,1993
849,1950,1993
850,1950,1993
851,1950,1993
852,1950,1994
853,1950,1993
854,1950,1994
855,1966,1993
856,1950,1994
857,1951,1995
858,1950,1994
859,1950,1992
860,1966,1994
861,1950,1993
862,1951,1995
863,1952,1995
864,1968,1993
865,1968,1993
866,1951,1995
867,1969,1991
868,1951,1995
869,1951,1994
870,1951,1995
871,1951,1995
872,1970,1995
873,1970,1990
874,1964,1990
876,1970,2003
877,1950,1983
878,1971,1977
879,1982,2018
880,1968,1991
881,1971,1995
882,1979,1995
883,1982,1995
884,1983,1994
885,1950,1993
886,1950,1993
887,1965,1991
888,1961,1988
889,1960,1988
890,1970,1988
891,1983,2000
892,1974,1991
893,1974,1988
894,1977,1991
895,1977,1990
896,1977,1991
897,1983,2000
898,1958,1980
900,1971,1992
901,1976,1988
902,1979,1994
903,1982,1992
4289,1993,2002
4290,1986,1994
4294,1975,2001
4295,1975,2001
4296,1984,2001
4297,1998,2001
4299,1970,1974
4300,1951,1993
4301,1960,1992
4302,1951,1993
4401,1974,2018
4404,1995,1998
4405,1995,1999
4406,1995,1999
4407,1997,1999
4408,1996,1999
4486,1998,2004
4488,1987,2010
4489,1993,2010
4490,1986,2010
4491,1990,2010
4492,1971,2010
4537,1998,1999
4562,1975,1976
4564,1970,1971
4566,1988,1997
4567,1993,1997
4568,1993,1997
4569,1993,1997
4570,1993,1997
4571,1984,1998
4572,1984,1998
4573,1984,1998
4574,1984,1998
4576,1954,1982
4577,1965,1988
4578,1965,1988
4579,1965,1988
4580,1951,1979
4581,1950,1979
4582,1978,1989
4583,1965,1981
4584,1965,1981
4585,1965,1981
4586,1965,1981
4630,1967,1992
4631,1967,1989
4637,1950,1995
4814,1969,1989
4815,1970,1981
4816,1975,1990
4818,1970,2000
4893,1965,1981
4990,1992,1995
4991,1992,1995
4992,1992,1995
4993,1992,1995
4994,1992,1995
4995,1992,1995
4996,1992,1995
4997,1992,1995
4998,1992,1995
4999,1992,1995
5014,1993,1995
5030,1991,1994
5031,1991,1994
5032,1991,1994
5033,1991,1994
5034,1991,1994
5035,1991,1994
5036,1991,1994
5037,1991,1994
5038,1991,1994
5039,1991,1994
5040,1991,1994
5041,1991,1994
5042,1991,1994
5043,1991,1994
5044,1991,1994
5045,1991,1994
5046,1991,1994
5047,1991,1994
5048,1991,1994
5049,1991,1994
5050,1991,1994
5051,1991,1994
5052,1991,1994
5053,1991,1994
5054,1991,1994
5055,1991,1994
5056,1991,1994
5057,1991,1994
5058,1991,1994
5059,1991,1994
5060,1991,1994
5071,1988,1990
5072,1989,1990
5073,1989,1990
5194,1979,1995
5195,1981,1995
5196,1980,1995
5197,1979,1995
5198,1979,1995
5199,1979,1995
5200,1980,1995
5201,1982,1995
5202,1982,1995
5203,1982,1995
5204,1983,1994
5205,1984,1994
5206,1984,1994
5207,1983,1995
5208,1983,1994
5209,1983,1994
5210,1983,1994
5211,1983,1994
5212,1983,1995
5213,1983,1995
5214,1983,1994
5215,1983,1994
5216,1983,1994
5217,1983,1994
5218,1983,1994
5699,1987,2006
5702,1987,2006
5703,1987,2006
5704,1987,2006
5705,1987,2006
5707,1992,2017
5709,1992,2017
5713,1992,2017
5714,1992,2017
5715,1992,2017
5717,1996,2006
5718,2001,2006
5719,2001,2006
5720,2001,2006
5721,2001,2006
5722,2004,2006
5723,2002,2005
5729,1981,2019
5731,1981,2018
5733,1995,2005
5734,1960,2006
5735,1954,2017
5737,1991,2009
5738,1991,2009
5740,1991,2009
5741,1991,2009
5742,1991,2009
5743,1980,1996
5744,1995,2017
5745,1995,2010
5746,1971,2018
5747,1974,2005
5748,1999,2007
5749,1972,2019
5750,1995,2007
5752,1996,2005
5753,1984,1995
5755,1972,2006
5756,1984,2006
5757,1976,2008
5758,2001,2004
5759,1974,2018
5760,1990,2008
5761,2001,2004
5762,1977,2019
5763,2001,2004
5764,1974,2019
5765,1972,2019
5766,2001,2004
5768,2001,2004
5769,2001,2004
5770,2001,2003
5771,2001,2004
5773,1994,2008
5774,2001,2004
5775,1972,2019
5777,2001,2004
5778,2001,2003
5781,1979,2019
5783,1994,2005
5785,1994,2003
5787,1994,2017
5792,1993,2008
5795,1993,2010
5798,1983,2001
5800,1970,2000
5801,1969,2008
5802,1969,2008
5803,1969,2010
5805,1981,2005
5806,1971,2008
5807,1997,2018
5808,1960,2008
5809,1995,2003
5810,1974,2018
5811,1986,2008
5812,1987,2019
5900,2003,2004
5904,2003,2004
5905,2003,2004
5907,2003,2004
5909,2003,2004
5910,2003,2004
5919,2003,2004
5920,2003,2004
5921,2003,2004
5922,2000,2019
5924,2000,2017
5925,1974,2003
5927,2004,2008
5929,2003,2008
5930,2003,2008
5931,2003,2008
5932,2003,2008
5933,2003,2008
6092,1970,1982
6098,1950,1994
6099,1957,1994
6100,1953,1977
6101,1953,1977
6102,1977,1983
6106,1984,1992
6110,1950,1989
6111,1969,1981
6112,1971,1981
6113,1980,1992
6114,1960,1984
6117,1984,1990
6118,1984,1990
6119,1984,1990
6120,1984,1989
6121,1984,1990
6122,1984,1990
6123,1984,1990
6125,1983,1995
6303,1983,1985
6304,1970,2002
6308,1973,1993
6340,1988,1990
7704,1984,2003
7705,2001,2004
7744,1989,2004
7812,2000,2006
8710,1972,1981
8947,1972,1997
9077,1974,1984
9267,1980,2000
9285,1980,2000
9287,1980,2000
9292,1980,2000
9296,1980,2000
9303,1980,2000
9304,1980,2000
9306,1980,2000
9310,1980,2000
9311,1980,2000
9312,1980,2000
9313,1980,2000
9314,1980,2000
9315,1980,2000
9316,1980,2000
9318,1980,2000
9319,1980,2000
9320,1980,2000
9321,1980,2000
9322,1980,2000
9323,1980,2000
9324,1980,2000
9325,1980,2000
9326,1980,2000
9327,1980,2000
9328,1980,2000
9329,1980,2000
9330,1980,2000
9331,1980,2000
9332,1980,2000
9333,1980,2000
9334,1980,2000
9335,1980,2000
9336,1980,2000
9337,1980,2000
9338,1980,2000
9339,1980,2000
9340,1980,2000
9341,1980,2000
9342,1980,2000
9343,1980,2000
9344,1980,2000
9345,1980,2000
9346,1994,2000
9347,1994,2000
9485,1998,2004
9533,1991,2001
9575,1985,1993
9578,1985,1993
9579,1985,1993
9599,1991,2005
9638,1953,2005
9670,1979,1983
9678,1979,1983
9679,1979,1983
9680,1979,1983
9682,1979,1983
9683,1979,1983
9684,1979,1983
9685,1979,1983
9689,1976,1995
9693,1976,1995
9699,1976,1995
9703,1976,1995
9704,1976,1995
9707,1976,1995
12497,1989,2010
12510,1991,2012
12512,2009,2012
12515,2001,2012
12516,1987,2012
12519,1987,2012
12522,2003,2012
12524,2004,2012
12530,1989,2012
12531,2004,2012
12532,1987,2012
12535,2005,2011
12537,2003,2012
12539,2003,2011
12541,1989,2012
12544,1999,2012
12545,2003,2012
12552,2001,2012
12553,1997,2012
12555,2007,2012
12556,2008,2012
12557,1987,2012
12558,2003,2012
12559,2003,2012
12561,1987,2012
12562,2003,2012
12563,2002,2012
12564,2006,2012
12687,1976,2008
12688,2009,2010
12795,2010,2013
12796,1992,2002
12805,1974,1985
12806,1992,2018
12807,1992,2018
12808,1992,2018
12809,1992,2018
12810,1992,2018
12811,1992,2018
12812,1992,2012
12813,1992,2012
12814,1992,2018
12815,1992,2018
12816,1992,2018
12817,1992,2012
12818,1992,2018
12819,1992,2018
12820,1992,2018
12821,1992,2012
12822,1992,2018
12823,1992,2018
12824,1992,2018
12825,1992,2018
12826,1992,2018
12827,1992,2018
12828,1992,2018
12829,1992,2018
12830,1992,2018
12831,1992,2018
12832,1992,2018
12833,1992,2018
12834,1992,2018
12835,1992,2018
12836,1992,2018
12837,1992,2012
12838,1992,2018
12839,1992,2018
12840,1992,2018
12841,1992,2018
12842,1992,2018
12843,1992,2018
12844,1992,2018
12845,1992,2018
12846,1992,2018
12847,1992,2018
12848,1992,2018
12849,1992,2018
12850,1992,2018
12851,1992,2018
12852,1992,2018
12853,1992,2018
12854,1992,2018
12855,1992,2018
12856,1992,2018
12857,1992,2012
12858,1992,2018
12859,1992,2018
12860,1992,2018
12861,1992,2018
12862,2006,2012
12863,2006,2012
12864,2006,2012
12865,2006,2012
12866,2006,2012
12867,2006,2012
12868,2006,2012
12869,2006,2012
12870,2006,2012
12871,2006,2012
12872,2006,2012
12873,2006,2012
12874,2006,2012
12875,2006,2012
12876,2006,2012
12877,2006,2012
12878,2006,2012
12879,2006,2012
12880,2001,2015
12881,2001,2015
12882,2001,2015
12883,2001,2015
12884,2001,2015
12885,2001,2015
12886,2001,2015
12887,2001,2013
12888,2001,2015
12889,2001,2015
12890,1997,2012
12891,1997,2012
12892,1984,2016
12893,1984,2018
12894,1984,2018
12895,1984,2016
12896,1984,2018
12897,1984,2018
12898,1984,2018
12899,1984,2018
12900,1984,2018
12901,1984,2018
12947,2006,2010
12955,2001,2007
12977,2008,2012
12978,2008,2013
12979,2008,2013
12980,2009,2013
12981,2008,2012
12985,2008,2012
12986,2008,2013
12988,2008,2013
12990,2009,2013
12992,2010,2012
12995,2009,2013
12997,2009,2013
13001,2008,2012
13222,1990,2012
13223,1968,1984
13319,1996,2007
13320,1996,2007
13322,1996,2003
13323,1996,2007
13333,1990,2004
13444,1975,1998
14540,1997,2006
14835,1995,2009
14838,1994,2010
14848,1971,2011
14849,1985,2012
14850,1952,2012
14851,1972,2012
14853,2000,2010
14854,2001,2013
14855,2006,2012
14867,1979,2004
14876,1988,2003
17823,1991,2008
17830,1999,2005
17831,1999,2005
17868,2002,2003
17869,2002,2003
17870,2002,2003
17871,2002,2003
17874,2002,2003
17879,2002,2003
17884,2002,2003
17887,2002,2003
17898,2002,2003
17900,2002,2003
17961,1989,1998
18043,2005,2015
18045,2005,2015
18046,2005,2015
18047,2005,2015
18050,2005,2015
18051,2005,2015
18052,2005,2015
18061,2005,2015
18062,2005,2015
18095,2005,2015
18096,2005,2015
18097,2005,2015
18098,2005,2015
18099,2005,2015
18100,2005,2015
18287,1985,1996
18478,1986,2010
19694,2004,2010
19845,2005,2011
19846,1992,1999
19847,1981,2015
19888,2006,2015
19889,2008,2015
19890,2001,2015
19891,2001,2015
19892,1976,2015
19918,2006,2015
19919,2008,2015
19920,2001,2015
19921,2001,2015
19922,1976,2015
19923,2006,2015
19924,2008,2015
19925,2001,2015
19926,1980,1992
20030,2001,2015
20031,2014,2015
20032,1978,1990
20093,2006,2014
20094,2001,2015
20095,1976,2015
20259,2008,2014
20260,1979,2015
20261,2006,2015
20262,2008,2015
20263,2001,2015
20264,2001,2015
20265,1976,2015
20343,2002,2006
20344,2002,2006
20345,2002,2006
20416,1976,2015
20440,2006,2015
20441,2008,2015
20442,2001,2015
20443,1976,2015
20481,2006,2015
20482,2008,2015
20483,2001,2015
20484,1976,2015
21395,2006,2015
21396,2006,2015
21397,2008,2015
21398,2008,2015
21399,2001,2015
21675,2006,2015
21676,1976,2015
21677,2006,2015
21691,2006,2015
21692,2008,2015
21693,2001,2015
21694,1980,2015
21695,2006,2014
21696,2008,2015
21697,2001,2015
21698,2001,2015
21699,1977,2015
21700,2006,2015
21701,2008,2015
21702,2001,2015
21703,2001,2015
21923,2006,2010
21924,2001,2015
21925,1976,2016
21926,2006,2015
21927,2008,2015
21928,2001,2015
21929,2001,2015
21930,1998,2013
21941,1976,2015
21942,2006,2015
21943,2001,2015
21944,1978,1998
21969,1976,2013
21970,2006,2010
21971,1994,2001
21972,2014,2015
22031,1980,1985
22032,1983,1992
22033,1977,2012
22041,1954,2014
22042,1954,2014
22043,1955,2013
22044,1955,2013
22045,1955,2013
22048,1954,2014
22049,1954,2014
22050,1954,2013
22051,1954,2014
22052,1954,2014
22053,1954,2014
22054,1954,2014
22057,1950,1996
22059,1960,2014
22060,1961,2014
22061,1960,2013
22062,1960,2014
22063,1960,2014
22064,1960,2013
22065,2000,2014
22066,1965,2003
22067,1960,2014
22068,1960,2014
22069,1960,2014
22070,1960,2014
22071,1960,2014
22072,1987,2011
22073,1960,2014
22074,1960,2014
22075,1960,2012
22076,1960,2014
22077,2001,2012
22081,1985,2001
22082,1985,2011
22083,1985,2012
22084,1985,2013
22085,1985,2014
22086,1985,2014
22087,1985,2006
22133,2006,2015
22134,2008,2015
22135,2001,2015
22136,2001,2015
22137,1976,2016
22138,1981,1991
22243,2006,2014
22244,2008,2015
22245,2001,2015
22246,2001,2015
22247,1979,2014
22420,2015,2016
22421,2015,2016
22422,2015,2016
22423,2015,2016
22424,2015,2016
22425,2015,2016
22426,2015,2016
22427,2015,2016
22428,2015,2016
22429,2015,2016
22430,2015,2016
22445,2006,2015
22446,2008,2015
22447,2001,2015
22448,2001,2015
22449,1976,2016
25586,1987,2017
25638,2001,2016
25639,2001,2016
25640,2001,2016
25641,2001,2016
25642,2001,2016
25658,1996,2009
25660,1993,2009
25661,1987,2009
26501,2005,2007
26502,2005,2007
26509,2001,2005
26551,2001,2018
26561,1992,2018
26623,1992,2018
26624,1992,2018
26625,1992,2018
26626,1987,2016
26717,2000,2016
26735,1984,2014
26736,1988,2014
26737,2006,2018
26738,2012,2018
26739,1998,2010
26740,1984,2008
26741,1994,2018
26742,1990,2018
26743,1998,2016
26744,1984,2018
26745,2002,2016
26830,1997,2018
26831,1997,2018
26832,1997,2018
26833,2009,2012
26842,1978,2018
26843,2011,2018
26845,2005,2007
26966,1979,2006
27209,1987,1992
27210,2007,2013
27211,1993,1995
27212,1999,2000
27213,2003,2004
27214,1998,2003
27216,2001,2010
27223,2000,2003
27224,2000,2003
27225,2000,2003
27227,2001,2003
27228,2001,2003
27229,2006,2008
27230,2006,2008
27231,2006,2008
27232,2006,2008
27233,2006,2008
27260,2004,2015
27276,1965,1997
27317,1999,2002
27318,2013,2018
27321,2005,2007
27322,2005,2007
27323,2008,2016
27338,2011,2013
27343,1987,1996
27345,1977,2000
27346,1993,2009
27347,2013,2015
27348,1983,1991
27351,1978,2007
27355,1986,1990
27356,1987,1988
27357,2002,2016
27358,2002,2016
27359,1975,1997
27360,2014,2016
27361,1997,2000
27362,1999,2000
27368,1999,2000
27369,1985,1997
