Species,1970,1971,1972,1973,1974,1975,1976,1977,1978,1979,1980,1981,1982,1983,1984,1985,1986,1987,1988,1989,1990,1991,1992,1993,1994,1995,1996,1997,1998,1999,2000,2001,2002,2003,2004,2005,2006,2007,2008,2009,2010,2011,2012,2013,2014,2015,2016,2017,2018
Terrapene_carolina,1,-0.0293541974271432,-0.0293541974271432,-0.0293541974271432,-0.0293541974271427,-0.0293541974271432,-0.0304757868183225,-0.0304757868183225,-0.0304757868183223,-0.0304757868183223,-0.0304757868183225,-0.0304757868183225,-0.0304757868183223,-0.0304757868183225,-0.0304757868183225,-0.0304757868183223,0.00816700464513187,0.00816700464513209,0.00816700464513187,0.00816700464513187,0.00816700464513209,0.00816700464513187,0.00816700464513187,0.00816700464513209,0.00816700464513187,0.00816700464513209,NA,NA,NA,NA,NA,NA,NA,NA,NA,NA,NA,NA,NA,NA,NA,NA,NA,NA,NA,NA,NA,NA,NA
Desmognathus_fuscus,1,-0.055144111302054,-0.0238312545054948,-0.0238312545054946,-0.0238312545054947,-0.0238312545054947,-0.0238312545054946,-0.0238312545054947,-0.0238312545054947,-0.0238312545054946,-0.0238312545054947,-0.0238312545054946,-0.0238312545054947,-0.0238312545054946,-0.0238312545054947,-0.0238312545054946,-0.0238312545054948,-0.0238312545054946,-0.0238312545054947,-0.0238312545054946,-0.0238312545054947,-0.0238312545054947,-0.0238312545054947,-0.0238312545054947,-0.0238312545054945,-0.0238312545054948,-0.0238312545054947,-0.0238312545054947,-0.0238312545054947,-0.0238312545054947,-0.0238312545054946,-0.0238312545054947,-0.0238312545054947,NA,0.173000182078539,NA,NA,NA,NA,NA,NA,NA,NA,NA,NA,NA,NA,NA,NA
Rana_aurora,1,NA,NA,NA,NA,NA,NA,NA,NA,NA,NA,NA,NA,NA,NA,NA,NA,NA,NA,NA,NA,NA,NA,NA,NA,NA,NA,NA,1,-1,NA,NA,NA,NA,NA,NA,NA,NA,NA,NA,NA,NA,NA,NA,NA,NA,NA,NA,NA
Graptemys_geographica,1,-0.0267941602332993,-0.0267941602332993,-0.0083799135222502,-0.00837991352224998,-0.00837991352224998,-0.00837991352224998,-0.00837991352224976,-0.0083799135222502,-0.00837991352224998,-0.00837991352224998,0.0032949676160472,0.0032949676160472,0.00329496761604742,0.0032949676160472,0.0032949676160472,0.246456290742702,0.201844409539281,0.0828921421965747,-0.0931858104601041,-0.241592540643318,-0.262568200205663,-0.125118784620417,0.0898953579807254,0.165718280548595,0.0032949676160472,0.0032949676160472,0.0032949676160472,0.0032949676160472,0.0032949676160472,0.00329496761604742,0.00329496761604742,0.0032949676160472,-0.00344439795670493,-0.00344439795670493,-0.00344439795670493,0.250569329374287,0.097615609397065,NA,NA,NA,NA,NA,NA,NA,NA,NA,NA,NA
Alligator_mississippiensis,1,0.0414922577779369,0.042450714355069,-0.00661887185775603,0.0772640418943466,0.0282427033264908,0.0605821756775786,0.0399693762919142,0.0367250436765802,0.0326257458415515,0.0282835320351265,0.0246925078633196,0.0224642825634807,0.0213370532053826,0.0241238708952425,0.0318591473424682,0.0298406688729741,0.0262918951204087,0.0213276631126306,0.015752181917045,0.0108018819802516,0.00166599819768676,-0.000571078553882387,-0.0010908060441559,NA,NA,NA,NA,NA,NA,NA,NA,NA,NA,NA,NA,NA,NA,NA,NA,NA,NA,NA,NA,NA,NA,NA,NA,NA
Plethodon_cinereus,1,-0.00342000923875174,-0.00342000923862962,-0.00342000923854568,-0.00342000923807073,-0.00342000923597796,-0.00342000923149821,-0.00342000922565,-0.0034200092207064,-0.00342000921813845,-0.00342000921748187,NA,NA,NA,NA,NA,NA,NA,NA,NA,NA,NA,NA,NA,NA,NA,-0.101813038189679,-0.101813038189679,-0.101813038189679,0.203887123150955,0.0849916052659859,0.202546491269011,-0.0128861225948654,NA,NA,NA,NA,NA,NA,NA,NA,NA,NA,NA,NA,NA,NA,NA,NA
Eurycea_bislineata,1,-0.223748345786079,NA,NA,NA,NA,NA,NA,NA,NA,NA,NA,NA,NA,NA,NA,NA,NA,NA,NA,NA,NA,NA,NA,NA,NA,NA,NA,NA,NA,NA,NA,NA,NA,-0.222443266453761,NA,NA,NA,NA,NA,NA,NA,NA,NA,NA,NA,NA,NA,NA
Pseudacris_maculata,1,NA,0.765376962347215,NA,NA,NA,NA,NA,NA,NA,NA,NA,NA,NA,NA,-0.00876989986896759,-0.00729716318674428,-0.154867978950598,0.180897577344195,0.00694875013164903,0.00854645488304007,0.00598883335176809,-0.348925252474491,0.148917671946834,0.448915016140411,-0.236600611871434,0.00899941024679735,0.00943584602974394,-0.0377647694982227,0.164125287400449,0.159514052413476,-0.0909823730946698,0.128815790767312,-0.0393959716945735,-0.0763889801732584,-0.0728526494371408,-0.125727185811052,0.0224977240910731,NA,NA,NA,NA,NA,NA,NA,NA,NA,NA,NA
Emydoidea_blandingii,1,NA,NA,-0.0244131253274322,-0.0244131253274322,-0.0244131253274322,-0.0244131253274322,-0.0244131253274325,-0.0244131253274322,-0.0244131253274322,-0.0244131253274322,-0.0244131253274325,-0.0244131253274322,-0.0244131253274322,-0.0244131253274325,-0.0244131253274322,-0.0244131253274322,-0.0244131253274322,0.0151707228298668,0.0148786310582718,0.0145610816189599,0.0144824803005135,0.0145048485457352,0.0141390273792146,0.0129891211091226,0.0110689461676413,0.00870146967484797,0.00621022324044918,0.00375361996771417,0.00137377129943783,-0.000924731183951089,-0.00311495241366522,-0.00508009143152222,0.0108916452451875,0.00809467546780862,0.00590568043391726,0.00441686632392746,0.00361193199020438,0.0033476792032423,0.00353218065971683,0.00419990007125759,0.00532133295159554,0.00662624306875204,0.00775020002324922,0.00854146644261311,0.00910659220310994,0.00954885759168556,0.00980837510142618,NA
Chelydra_serpentina,1,NA,NA,-0.00801830827608663,-0.00801830827608674,-0.00801830827608663,-0.00801830827608663,-0.0304492054210199,-0.0183279106764002,0.0256329306740051,0.0115831205835893,0.0228027953845735,0.0172137222778403,0.00622130947756488,-0.0103796492698428,-0.0723947438201562,-0.0108678352184945,-0.0488480153786475,-0.115323331356471,-0.0397905236005182,0.0153459550703601,0.0267724458685686,0.0215283223608142,0.00898469741594599,0.00684526483007512,0.0169790051614738,0.0245537784055825,0.0208020907162313,0.0148971541504348,0.0185211167476421,0.0284457420391564,0.0329454506481418,0.0481404160897795,0.042411830782323,0.0425804140649287,0.00112529127395788,-0.00636477525652124,-0.00806193186647897,0.00495299182971665,0.018747829768621,0.0184153022465159,0.011754402223946,0.0139072254531702,0.0215739500291923,NA,NA,NA,NA,NA
Sternotherus_odoratus,1,NA,NA,0.00323033376693527,0.00323033376693482,0.00323033376693527,0.00323033376693527,0.00323033376693527,0.00323033376693527,0.00323033376693527,0.00323033376693527,0.00323033376693527,0.00323033376693527,0.00323033376693482,0.00323033376693527,0.00323033376693527,0.00323033376693527,0.00323033376693527,0.00323033376693527,0.00323033376693527,0.00323033376693527,0.00323033376693482,-0.225807263120787,0.45984214115843,0.0180831959309615,0.00323033376693527,0.00323033376693527,0.00323033376693527,0.00323033376693527,0.00323033376693527,0.00323033376693482,0.185603559530765,-0.11990385745968,1,-0.155887872967394,0.0193051551953867,NA,NA,NA,NA,NA,NA,NA,NA,NA,NA,NA,NA,NA
Chrysemys_picta,1,NA,NA,-0.0042655063746162,-0.00426550637461631,-0.0042655063746162,-0.0042655063746162,-0.00426550637461631,-0.00426550637461631,-0.00426550637461631,-0.0042655063746162,-0.0042655063746162,-0.00426550637461631,-0.00426550637461631,-0.0042655063746162,-0.00426550637461631,-0.0042655063746162,-0.0042655063746162,-0.00426550637461631,-0.00426550637461631,-0.0042655063746162,-0.00426550637461631,-0.0042655063746162,-0.0194578763764784,-0.0194578763767177,-0.0194578763770992,-0.0194578763774724,-0.0194578763777889,-0.019457876378126,-0.019457876378558,-0.0194578763790549,-0.0194578763794969,-0.00122779210205378,-0.0507985180079043,NA,NA,NA,NA,NA,NA,NA,NA,NA,-0.579898212666187,0.470368159344404,NA,NA,NA,NA
Notophthalmus_viridescens,1,NA,NA,NA,NA,0.100945666878897,0.01162267289116,NA,NA,NA,0.239406534412288,0.223033424411232,0.193167716411446,0.157744891725869,0.122652352125383,0.0869715619775193,0.045630783504838,-0.00352111791995169,-0.0548047631185713,-0.0968913304819794,-0.120772513886909,-0.126659988577168,-0.0443620424820974,-0.166092347047509,-0.0363034523170252,-0.118163995620778,-0.655379045344397,NA,NA,NA,NA,NA,NA,NA,NA,NA,NA,NA,NA,NA,NA,NA,NA,NA,NA,NA,NA,NA,NA
Lithobates_sylvaticus,1,NA,NA,NA,NA,-0.766711877573482,0.0681595119069686,-0.249928087574061,-0.217992020322432,0.281187197748395,-0.110876925167688,-0.166652399812397,0.0189248217639726,NA,NA,-0.00770175647106938,-0.00460912185047403,-0.00605511187341103,-0.00608139720403321,-0.00305893753146209,0.00271233188043177,0.00885010909563734,0.0127740470666593,0.0133841663815626,0.0107129819830486,0.00492839970119188,0.261169219677387,-0.232828900582929,-0.142102466580211,0.279706831121141,-0.15720804041534,0.0778983813955839,0.125620946610995,0.0107628975471317,-0.0371356213075064,-0.231950018600732,-0.0263337967527982,NA,NA,NA,NA,NA,NA,NA,NA,NA,NA,NA,NA
Anaxyrus_canorus,1,NA,NA,NA,NA,0.0234982813381115,0.0234982813381119,-0.248641926204293,0.1627272974977,-0.463757293161681,-0.0318345399346884,-0.0318345399346887,0.0636690798693771,-0.19553392880482,-0.19553392880482,-0.19553392880482,-0.19553392880482,-0.19553392880482,-0.19553392880482,-0.19553392880482,-0.19553392880482,-0.477121254719662,NA,NA,NA,NA,NA,NA,NA,NA,NA,NA,NA,NA,NA,NA,NA,NA,NA,NA,NA,NA,NA,NA,NA,NA,NA,NA,NA
Ambystoma_jeffersonianum,1,NA,NA,NA,NA,NA,-0.0850672245706079,-0.199572354905204,NA,NA,NA,NA,NA,NA,NA,NA,NA,NA,NA,NA,NA,NA,NA,NA,NA,NA,NA,NA,NA,NA,NA,NA,NA,NA,NA,NA,NA,NA,NA,NA,NA,NA,NA,NA,NA,NA,NA,NA,NA
Cryptobranchus_alleganiensis,1,NA,NA,NA,NA,NA,-0.0795319275520658,-0.0795319275520656,-0.0795319275520658,-0.0795319275520658,-0.0795319275520656,-0.0795319275520658,-0.0795319275520656,-0.0795319275520658,-0.0795319275520657,-0.0795319275520657,-0.0567333455445082,-0.0567333455445082,-0.0567333455445082,-0.0567333455445081,-0.0567333455445081,-0.0567333455445082,-0.0567333455445082,-0.0567333455445083,-0.0567333455445081,-0.0567333455445081,NA,NA,NA,NA,NA,NA,NA,NA,NA,NA,NA,NA,NA,NA,NA,NA,NA,NA,NA,NA,NA,NA,NA
Plethodon_glutinosus,1,NA,NA,NA,NA,NA,0.25533295302008,0.195625744217507,0.0797753160449262,-0.0489589100424088,-0.122476901298301,-0.103974876685965,-0.026617246410685,0.0376477157910791,0.0514527912613036,0.0413927084431908,0.0491944347195116,0.071360661469139,0.0678628810558459,0.0252301824504553,-0.0173896071568294,NA,NA,NA,NA,NA,NA,NA,NA,NA,NA,NA,NA,NA,NA,NA,NA,NA,NA,NA,NA,NA,NA,NA,NA,NA,NA,NA,NA
Desmognathus_quadramaculatus,1,NA,NA,NA,NA,NA,0.0209489255436498,0.0224273654005969,0.0243878670485452,0.0251865370713955,0.0235563702413751,0.0189531356151565,0.0112064791907737,0.000319048210596362,-0.0131282937682137,-0.0274320151358598,-0.0399519048503094,-0.0482918605484717,-0.0517239061926,-0.0516851210455465,-0.0507532640657391,NA,NA,NA,-0.325134548625591,0.516582938962572,0.0375430994696688,0.0375430994696684,0.0375430994696684,-0.972066193782257,0.211765174345826,NA,NA,NA,NA,NA,NA,NA,NA,NA,NA,NA,NA,NA,NA,NA,NA,NA,NA
Desmognathus_ochrophaeus,1,NA,NA,NA,NA,NA,-0.00479871958009626,-0.00545375209477839,-0.00604087510475071,-0.00559585208436841,-0.00361344068121938,-3.9316922414212e-05,0.00515768702171937,0.0119871590653391,0.0199118975794887,0.0275859973196819,0.0334417579700854,0.0366702587680483,0.0376393698655333,0.0374351736584637,0.037082095482952,NA,NA,NA,NA,NA,NA,NA,NA,NA,NA,NA,NA,NA,0.195686815119062,NA,NA,NA,NA,NA,NA,NA,NA,NA,NA,NA,NA,NA,NA
Desmognathus_monticola,1,NA,NA,NA,NA,NA,0.00260956101382104,0.00260956101387833,0.00260956101394516,0.00260956101395449,0.00260956101386456,0.00260956101365495,0.00260956101330012,0.00260956101277832,0.00260956101212306,0.00260956101144871,0.00260956101090026,0.00260956101056431,0.00260956101042997,0.00260956101041598,0.0324708900441457,-0.0410229100494082,NA,NA,NA,NA,NA,NA,NA,NA,NA,NA,NA,NA,NA,NA,NA,NA,NA,NA,NA,NA,NA,NA,NA,NA,NA,NA,NA
Desmognathus_aeneus,1,NA,NA,NA,NA,NA,-0.0510347499554402,-0.0434587982755567,-0.0549988276845329,-0.0793503257084339,-0.0551911347235945,0.0446015728082962,0.133149032412053,0.0894621836998553,-0.073974067480939,-0.187665443721601,-0.11284845330939,0.0844912095318392,0.207455033571073,0.167013192860385,0.0751347596362022,NA,NA,NA,NA,NA,NA,NA,NA,NA,NA,NA,NA,NA,NA,NA,NA,NA,NA,NA,NA,NA,NA,NA,NA,NA,NA,NA,NA
Anaxyrus_americanus,1,NA,NA,NA,NA,NA,-0.143422142302313,-0.603320643829706,NA,NA,NA,NA,NA,NA,NA,0.0012769476184423,0.00127694761863753,0.00127694761898542,0.00127694761942548,0.00127694761998481,0.00127694762077091,0.00127694762185232,0.239199101171415,0.088684103340107,0.000638473812868412,-0.126997778738338,-0.0586853912085504,0.0196332620588918,0.00333674657943893,-0.0303757338741059,0.0123470609617219,-0.051374695370398,0.00717543336182331,0.0125060377644966,0.00560112588284764,-0.00126823131939526,-0.0102967420084363,NA,NA,NA,NA,NA,NA,NA,NA,NA,NA,NA,NA
Apalone_spinifera,1,NA,NA,NA,NA,NA,NA,-0.0163065686341604,-0.0163065686341604,-0.0163065686341604,-0.0163065686341604,-0.0163065686341605,-0.0163065686341604,-0.0163065686341604,-0.0163065686341604,-0.0163065686341604,-0.0163065686341604,-0.0163065686341604,-0.0163065686341604,-0.0163065686341604,-0.0163065686341604,-0.0163065686341605,-0.0163065686341605,-0.0163065686341604,-0.0163065686341604,-0.0163065686341604,-0.0163065686341604,-0.0163065686341604,-0.0163065686341603,-0.0163065686341604,-0.0163065686341604,-0.0163065686341605,-0.0163065686341604,-0.0163065686341604,-0.0163065686341604,-0.0163065686341604,-0.0163065686341605,-0.0163065686341604,-0.0163065686341604,-0.0163065686341603,NA,NA,NA,NA,NA,NA,NA,NA,NA
Trachemys_scripta,1,NA,NA,NA,NA,NA,NA,-0.0237700982403239,-0.023770098240324,-0.0237700982403239,-0.023770098240324,-0.0237700982403239,-0.0237700982403239,-0.023770098240324,-0.0237700982403239,-0.023770098240324,-0.023770098240324,-0.023770098240324,-0.023770098240324,-0.0237700982403239,-0.0237700982403241,-0.0237700982403239,-0.023770098240324,-0.0237700982403239,-0.0237700982403239,-0.0237700982403241,-0.0237700982403239,-0.0237700982403239,-0.0237700982403239,-0.023770098240324,-0.023770098240324,-0.0237700982403239,-0.023770098240324,-0.023770098240324,-0.023770098240324,-0.023770098240324,-0.023770098240324,-0.023770098240324,-0.023770098240324,-0.0237700982403239,NA,NA,NA,NA,NA,NA,NA,NA,NA
Pseudacris_regilla,1,NA,NA,NA,NA,NA,NA,-0.0481145797848492,-0.047731056067934,-0.047322939535331,-0.0466403401251951,-0.0442903324111741,-0.0388414677599427,-0.0301298579082647,-0.0190301550876568,0.121125306770691,0.127768892663558,-0.00687274839607721,-0.00235351655007421,-4.35066213844149e-06,0.000710269130996921,-0.0329051793468229,-0.0329051793468225,-0.0329051793468227,-0.0329051793468227,NA,NA,NA,NA,NA,NA,NA,NA,NA,NA,NA,NA,NA,NA,NA,NA,NA,NA,NA,NA,NA,NA,NA,NA
Anaxyrus_hemiophrys,1,NA,NA,NA,NA,NA,NA,-0.202026993150081,NA,NA,NA,NA,NA,NA,NA,NA,NA,NA,NA,NA,NA,NA,NA,NA,NA,NA,NA,NA,NA,NA,NA,NA,NA,NA,NA,NA,NA,NA,NA,NA,NA,NA,NA,NA,NA,NA,NA,NA,NA
Eurycea_nana,1,NA,NA,NA,NA,NA,NA,0.00488083735675104,0.00488083735675104,0.00488083735675016,0.00488083735675104,0.00488083735675104,0.00488083735675104,0.00488083735675016,0.00488083735675104,0.00488083735675104,0.00488083735675104,0.00488083735675016,0.00488083735675104,0.00488083735675104,0.00488083735675104,0.00488083735675016,0.00488083735675104,0.00488083735675104,NA,NA,NA,NA,NA,NA,NA,NA,NA,NA,NA,NA,NA,NA,NA,NA,NA,NA,NA,NA,NA,NA,NA,NA,NA
Ambystoma_talpoideum,1,NA,NA,NA,NA,NA,NA,NA,0.438557859580302,0.066202686456594,-0.0349375992484801,-0.356925974319186,0.00233175762697924,0.000146352687741658,-0.00322437051823066,-0.00767472012621173,-0.012735050945119,-0.0176887590714951,-0.021886943425721,-0.0250786330217578,-0.027516713568196,-0.0297337650156244,-0.0321208138172069,-0.0346034476050709,-0.0366675670805163,-0.0377719224473245,NA,NA,NA,NA,NA,NA,NA,NA,NA,-0.0162155442381913,0.00352609094152845,NA,NA,NA,NA,NA,NA,NA,NA,NA,NA,NA,NA
Lithobates_pipiens,1,NA,NA,NA,NA,NA,NA,NA,-0.410393750366065,0.0193051551953869,NA,NA,NA,NA,NA,0.00337572803920128,0.00278021101471981,0.00152296004052799,-0.000207645603370804,-0.00204229622108468,-0.00366721390661115,-0.00491826152059785,-0.00585189474582086,0.422661796171204,-0.188395395820017,0.0319493803498807,0.115653284893999,0.0281932269242403,0.0344522804831263,-0.00312374544651729,0.188756722198345,-0.169062756048474,-0.122633519754556,-0.134696862321253,0.115088721365509,-0.0236101000706445,-0.071206133627971,NA,NA,NA,-0.574031267727719,0.397940008672038,NA,NA,NA,NA,NA,NA,NA
Siren_intermedia,1,NA,NA,NA,NA,NA,NA,NA,NA,0.223312253888925,0.208646842072543,-0.340499092304829,-0.284682344538246,-0.0565872685201974,-0.194385882098644,NA,NA,NA,NA,NA,NA,NA,NA,NA,NA,NA,NA,NA,NA,0.0157489306426584,0.0157489306443606,0.0157489306467085,0.0157489306488496,0.0157489306515006,0.0157489306558867,0.0157489306616772,0.0157489306668772,0.0157489306698575,0.0157489306708052,NA,NA,NA,NA,NA,NA,NA,NA,NA,NA
Dryophytes_versicolor,1,NA,NA,NA,NA,NA,NA,NA,NA,-0.0129094696379459,-0.0129094696379457,-0.0129094696379457,-0.0129094696379457,-0.0129094696379459,-0.0129094696379457,-0.0129094696379457,-0.0129094696379459,-0.0129094696379457,-0.0129094696379457,0.141329152796469,-0.277548899814458,0.607737124219653,-0.409369470452819,0.329058719264225,NA,NA,0.0032492179369904,-0.0772013002811184,0.0016526350722838,0.0419169712173367,0.018063311828135,-0.0315065176293937,0.0331648273776843,0.0388752918968164,0.00134489257492006,-0.00457979793644214,-0.024121388145625,NA,NA,NA,NA,NA,NA,NA,NA,NA,NA,NA,NA
Scaphiopus_holbrookii,1,NA,NA,NA,NA,NA,NA,NA,NA,NA,-0.0348151786830445,-0.035034055841393,-0.0364773188478353,-0.0403394583117325,-0.0464744364901526,-0.0515667088655302,-0.0490329195595182,0.309567885736805,0.629852529500711,-0.652565545212516,-0.352734962798005,0.119233896460556,0.144424357813013,0.162223251585757,0.174290946436814,0.180382232399637,NA,NA,NA,NA,NA,NA,NA,NA,NA,1,-0.993384959087139,0.342422680822206,NA,NA,NA,NA,NA,NA,NA,NA,NA,NA,NA
Lithobates_sphenocephalus,1,NA,NA,NA,NA,NA,NA,NA,NA,NA,0.039116886985189,-0.00685363154931107,-0.0817331104983403,-0.15908896079481,-0.222280451493366,-0.269548988268706,-0.300053854287274,0.0747955561025839,-0.601989998309127,0.493908928529089,-0.387168394364927,0.363070207198793,0.251375811581672,-0.124615352982236,-0.588684990579608,-0.887414124105045,NA,NA,NA,NA,NA,NA,NA,NA,NA,NA,NA,NA,NA,NA,NA,NA,NA,NA,NA,NA,NA,NA,NA
Lithobates_clamitans,1,NA,NA,NA,NA,NA,NA,NA,NA,NA,-0.10121099814337,-0.101210998143365,-0.101210998143374,-0.101210998143429,-0.101210998143544,-0.101210998143696,-0.124737423402521,-0.0753832449173924,0.0859369814992768,-0.0885801192586247,-0.0885801192586167,-0.101210998143826,-0.0689024002102374,-0.00678469034859823,-0.123513954106437,-0.101210998144519,-0.0168571606131271,0.0273233534719973,0.00682386964242658,-0.0530369896978905,-0.0467301062895286,0.059856936966089,-0.0119235255898683,-0.0161116784385887,0.00593750825803419,0.0336029830912966,0.0155056186494849,NA,NA,NA,0.362027452781393,-0.17459626796873,NA,NA,NA,NA,NA,NA,NA
Pseudacris_ornata,1,NA,NA,NA,NA,NA,NA,NA,NA,NA,0.171550292000278,0.188436026657514,0.180410677169458,0.106218705772094,-0.02187816542587,-0.14242434611625,-0.200979164173994,-0.192490980298908,-0.148603689779579,-0.0981237223798475,-0.0538585326828547,-0.0325792250947492,-0.0642448614738242,-0.162341301817079,-0.289191441619601,-0.373848096894929,NA,NA,NA,NA,NA,NA,NA,NA,NA,-0.217483944213906,-0.346787486224656,NA,NA,NA,NA,NA,NA,NA,NA,NA,NA,NA,NA
Pseudacris_nigrita,1,NA,NA,NA,NA,NA,NA,NA,NA,NA,-0.118535202712884,-0.126861096089671,-0.144736978113499,-0.170401104894022,-0.19891155955283,-0.222383812110196,-0.23112445731948,-0.217838460386146,-0.182986488549211,-0.135793420818519,-0.0882638566756333,-0.0470182409815763,-0.0110846461880418,0.0221509322896646,0.049989648291727,0.0655944523958838,NA,NA,NA,NA,NA,NA,NA,NA,NA,NA,NA,NA,NA,NA,NA,NA,NA,NA,NA,NA,NA,NA,NA
Pseudacris_crucifer,1,NA,NA,NA,NA,NA,NA,NA,NA,NA,0.253731615352444,0.234024070071702,0.203809161579743,0.153334278818289,0.0423093470341174,-0.073560191897229,-0.168782832212491,-0.197608302036826,-0.122481450653358,0.0156585103000487,0.121315386316682,0.123830077672217,-0.0781589918089984,0.192931531215465,-0.0601184458010459,-0.415816111366163,0.0338601671671915,0.0169494773583857,-0.0179848372048077,-0.0181281327513821,-0.000859580405149149,0.00590437264899481,0.0226020254310416,0.00180749887715942,0.000207694039544663,-0.00025704179332145,0.00328449553927657,NA,NA,NA,NA,NA,NA,NA,NA,NA,NA,NA,NA
Gastrophryne_carolinensis,1,NA,NA,NA,NA,NA,NA,NA,NA,NA,-0.0764791126478221,-0.0776915761344084,-0.0785087070603834,-0.0767386213064865,-0.071407222589515,-0.0632360602281361,-0.0536185141188708,-0.340892531137012,0.201778658996452,-0.0991135592185631,-0.472740875851672,-0.0120783522864178,-0.00961142389810932,-0.00860476188607939,-0.00820049227311581,-0.0080339575362951,NA,NA,NA,NA,NA,NA,NA,NA,NA,NA,NA,NA,NA,NA,NA,NA,NA,NA,NA,NA,NA,NA,NA
Eurycea_quadridigitata,1,NA,NA,NA,NA,NA,NA,NA,NA,NA,0.0910568055619656,0.128006644919103,0.180918039024605,0.206550933328137,0.16594702069983,0.0502853155088707,-0.111858327490277,-0.182535112708777,0.102869447872429,-0.582508785337203,0.334226117839352,-0.234042519599326,-0.131674699016489,-0.0512214348332601,-0.00272327093446401,0.0172865642679538,NA,NA,NA,NA,NA,NA,NA,NA,NA,NA,NA,NA,NA,NA,NA,NA,NA,NA,NA,NA,NA,NA,NA
Anaxyrus_terrestris,1,NA,NA,NA,NA,NA,NA,NA,NA,NA,-0.0391805642007725,-0.0372254380596211,-0.0345496831325778,-0.0323600081924049,-0.029914029395339,-0.0251244995955457,-0.0343593455934393,0.175246970695533,-0.339871569426855,0.274413988932353,-0.265154966007984,0.0484174406971145,0.0550458603492812,0.0565643193639078,0.0559024105172656,NA,NA,NA,NA,NA,NA,NA,NA,NA,NA,-0.0877784045018215,-0.420167876149003,0.21475507460374,NA,NA,NA,NA,NA,NA,NA,NA,NA,NA,NA
Ambystoma_tigrinum,1,NA,NA,NA,NA,NA,NA,NA,NA,NA,0.292528481187662,0.293332009299695,0.293368750432882,0.138585734170234,0.0113868479338175,0.139511168476177,0.0140645394090457,0.12026154907182,-0.0057210023338623,0.0435605035659217,-0.00516522008978626,-0.03439128967557,-0.0590475307349431,-0.274741292765713,-0.0952620406958779,0.301029995663981,NA,NA,NA,NA,NA,NA,NA,NA,NA,NA,NA,NA,NA,NA,NA,NA,NA,NA,NA,NA,NA,NA,NA
Ambystoma_opacum,1,NA,NA,NA,NA,NA,NA,NA,NA,NA,0.209924694816303,0.220206771471309,0.241438279805354,0.265974095118176,0.278866376898037,0.26809642292716,0.231537476228038,0.172898146028166,0.0961937531907244,0.0109917696083768,-0.0588959018107249,-0.0826154167106328,-0.0465490374262449,0.0290041957769218,0.101570991535705,0.136563751687225,0.127168485844666,0.0905007275407197,0.0511014824987766,0.0274340129421211,0.025409942452316,0.0373313253281524,0.0482717735186449,NA,NA,-0.312981616198705,-0.146128035678238,NA,NA,NA,NA,NA,NA,NA,NA,NA,NA,NA,NA
Anaxyrus_boreas,1,NA,NA,NA,NA,NA,NA,NA,NA,NA,NA,NA,NA,0.147268535464416,0.0807769794172506,-0.284963633759404,0.0209523507888241,NA,NA,NA,NA,NA,NA,NA,NA,-0.00590656695908387,-0.0059065669589371,-0.00590656695865799,-0.367772431253249,0.358452945992016,0.173354677108728,-0.119860167756575,-0.117902104618421,-0.164666881167958,0.145142759342619,0.0955627193105423,0.084359206327751,-0.00590656695732905,NA,NA,NA,NA,NA,NA,NA,NA,NA,NA,NA
Liodytes_pygaea,1,NA,NA,NA,NA,NA,NA,NA,NA,NA,NA,NA,NA,NA,0.569875307956561,-0.354275507617206,-0.264817823009536,0.107209969647868,-0.00275765689712681,-0.00275765689712659,-0.00275765689712659,-0.00275765689712681,-0.00275765689712659,NA,NA,NA,NA,NA,NA,NA,NA,NA,NA,NA,NA,NA,NA,NA,NA,NA,NA,NA,NA,NA,NA,NA,NA,NA,NA
Nerodia_floridana,1,NA,NA,NA,NA,NA,NA,NA,NA,NA,NA,NA,NA,NA,0.645003981691722,-0.225619099781152,-0.419384881910569,0.493389559982203,-0.422372340682991,-0.422372340682991,-0.422372340682991,-0.422372340682991,-0.422372340682991,NA,NA,NA,NA,NA,NA,NA,NA,NA,NA,NA,NA,NA,NA,NA,NA,NA,NA,NA,NA,NA,NA,NA,NA,NA,NA
Nerodia_fasciata,1,NA,NA,NA,NA,NA,NA,NA,NA,NA,NA,NA,NA,NA,0.753327666658612,0.532979072184663,-0.484674392610108,0.082974235064764,-0.0371273153923823,-0.0371273153923823,-0.0371273153923823,-0.0371273153923823,-0.0371273153923821,NA,NA,NA,NA,NA,NA,NA,NA,NA,NA,NA,NA,NA,NA,NA,NA,NA,NA,NA,NA,NA,NA,NA,NA,NA,NA
Farancia_erytrogramma,1,NA,NA,NA,NA,NA,NA,NA,NA,NA,NA,NA,NA,NA,1,-1,1,0.173010303015884,-0.369305485045492,-0.369305485045492,-0.369305485045492,-0.369305485045493,-0.369305485045492,NA,NA,NA,NA,NA,NA,NA,NA,NA,NA,NA,NA,NA,NA,NA,NA,NA,NA,NA,NA,NA,NA,NA,NA,NA,NA
Farancia_abacura,1,NA,NA,NA,NA,NA,NA,NA,NA,NA,NA,NA,NA,NA,0.602059991327962,0.812913356642856,-0.812913356642856,0.0969100130080565,-0.0795880017344076,-0.0795880017344075,-0.0795880017344074,-0.0795880017344076,-0.0795880017344076,NA,NA,NA,NA,NA,NA,NA,NA,NA,NA,NA,NA,NA,NA,NA,NA,NA,NA,NA,NA,NA,NA,NA,NA,NA,NA
Malaclemys_terrapin,1,NA,NA,NA,NA,NA,NA,NA,NA,NA,NA,NA,NA,NA,0.0586970863518936,0.0586970863518936,0.0586970863518936,-0.0211892990699378,-0.0647633697144152,-0.0772861924629149,-0.0241710633170871,-0.0560298927216254,0.0235631289854865,0.107159361267791,-0.0787433040787941,-0.086502929024642,-0.0929651716544629,0.105622124028461,-0.105410624527539,-0.0132190501702415,-0.00776009721920712,-0.0191572866975607,-0.0155179847302044,-0.0136983337465265,NA,NA,NA,NA,NA,NA,NA,NA,NA,NA,NA,NA,NA,NA,NA
Clemmys_guttata,1,NA,NA,NA,NA,NA,NA,NA,NA,NA,NA,NA,NA,NA,-0.00362274627433001,-0.00362274627433001,-0.00362274627433012,-0.00362274627433001,-0.00362274627433001,-0.0036227462743299,-0.00362274627433001,-0.00362274627433012,-0.00362274627433001,-0.00362274627433001,-0.0036227462743299,-0.00362274627433001,-0.00362274627433012,-0.0036227462743299,-0.00362274627433012,-0.0036227462743299,-0.00362274627433001,-0.00362274627433001,NA,NA,NA,NA,NA,NA,NA,NA,NA,NA,NA,NA,NA,NA,NA,NA,NA
Taricha_granulosa,1,NA,NA,NA,NA,NA,NA,NA,NA,NA,NA,NA,NA,NA,NA,0.140413304787847,0.140413304787847,-0.105637255001782,-0.105637255001782,-0.105637255001782,-0.105637255001782,-0.105637255001782,-0.105637255001782,-0.105637255001782,-0.105637255001782,NA,NA,NA,0.434152181326482,-0.0400051616715839,NA,NA,NA,NA,NA,NA,NA,NA,NA,NA,NA,NA,NA,NA,NA,NA,NA,NA,NA
Dicamptodon_tenebrosus,1,NA,NA,NA,NA,NA,NA,NA,NA,NA,NA,NA,NA,NA,NA,-0.301029995663981,-0.301029995663981,0.0972689062979555,0.0972689062979554,0.0972689062979554,0.0972689062979554,0.0972689062979555,0.0972689062979554,0.0972689062979555,0.0295516806169061,-0.0280266964950191,-0.0141163522602841,-0.00024472596573677,0.020222179050307,0.0540365102167515,0.0914995168772408,0.108074760964348,0.0869733556431163,0.0383946644704407,-0.00680774585037414,-0.0228256508698665,-0.00798923503709892,0.0184589356642157,0.0336919215284381,0.0253300441088418,-0.00494611533195055,-0.0439793287910892,-0.0719631474297775,-0.0704582445449526,-0.0329788486149183,0.0284664862906698,0.0880077380053645,0.121709989827336,NA
Ambystoma_gracile,1,NA,NA,NA,NA,NA,NA,NA,NA,NA,NA,NA,NA,NA,NA,-1,-1,0.25054017172283,0.25054017172283,0.25054017172283,0.25054017172283,0.25054017172283,0.25054017172283,0.25054017172283,0.25054017172283,NA,NA,NA,0.976310345070331,0.0228846602934389,NA,NA,NA,NA,NA,NA,NA,NA,NA,NA,NA,NA,NA,NA,NA,NA,NA,NA,NA
Lithobates_palustris,1,NA,NA,NA,NA,NA,NA,NA,NA,NA,NA,NA,NA,NA,NA,0.00809585828894874,0.00748104639612945,0.0061035799929347,0.00412566264501493,0.00203009684165242,0.000261975343896603,-0.00107824065668069,-0.00213302766370109,-0.0029129880935901,-0.00312107080034199,-0.00236938116472735,-0.0438268397855569,0.00228924637496468,0.00556413789040712,0.00870944655641906,0.0110503933315103,0.0120965985404466,0.0118430961118996,0.0108190065916365,0.00976400141296388,0.00918510039378242,NA,NA,NA,NA,NA,NA,NA,NA,NA,NA,NA,NA,NA
Lithobates_septentrionalis,1,NA,NA,NA,NA,NA,NA,NA,NA,NA,NA,NA,NA,NA,NA,0.0552392168738677,0.255940120385256,0.189425639229528,-0.0641768980064426,-0.0646691900667062,-0.0653838743376032,-0.0663360797638388,-0.0678685909482098,0.456741741241938,0.0376479640080948,0.0299484068643331,0.0217922190890627,0.0135602660869117,0.00558464046622548,-0.00163274873428998,-0.00747746540040284,-0.0114154403645715,-0.0131845964697715,-0.0130319290850765,-0.0118649161765011,-0.010907426677934,NA,NA,NA,NA,NA,NA,NA,NA,NA,NA,NA,NA,NA
Lithobates_catesbeianus,1,NA,NA,NA,NA,NA,NA,NA,NA,NA,NA,NA,NA,NA,NA,-0.0179725982911348,-0.00750254323704013,-0.113818805868152,0.000191810229176979,0.000982584044698129,0.00238582195224701,-0.119610194776792,0.165178015480149,0.16739357041793,-0.492839929753857,0.507026800900145,-0.0602841890229098,0.106886862957884,0.0226553653100594,-0.00511297432088723,-0.0485305680728184,-0.0294060246664558,0.00672463743143665,-0.0102717712152008,-0.0245393929292145,-0.00304964931183808,0.00648706719416725,NA,NA,NA,NA,NA,NA,NA,NA,NA,NA,NA,NA
Acris_crepitans,1,NA,NA,NA,NA,NA,NA,NA,NA,NA,NA,NA,NA,NA,NA,0.0713986700857431,0.0681939601048161,0.0610893222870578,0.0470677487283851,0.0250955151954496,-0.00120953112520333,-0.0239577548555344,-0.0347990420599768,-0.0302934642446129,-0.0145748892147133,0.00341817747220774,0.0160886670189543,0.0214532814011117,0.0222963835223173,0.0220739784013467,0.0220749987477714,0.0219603173323795,0.0217029579692998,0.0220221303224006,0.0231493986971613,0.0241879787308658,NA,NA,NA,NA,NA,NA,NA,NA,NA,NA,NA,NA,NA
Eurycea_lucifuga,1,NA,NA,NA,NA,NA,NA,NA,NA,NA,NA,NA,NA,NA,NA,NA,-0.057564281279018,0.134242382172839,NA,NA,NA,NA,NA,NA,NA,NA,NA,NA,NA,NA,NA,NA,NA,NA,NA,NA,NA,NA,NA,NA,NA,NA,NA,NA,NA,NA,NA,NA,NA
Ambystoma_maculatum,1,NA,NA,NA,NA,NA,NA,NA,NA,NA,NA,NA,NA,NA,NA,NA,0.0125408541194811,-0.0259848907181671,0.401039522076753,-0.117966204941807,-0.422535413392344,0.338960249573275,-0.361027925339267,0.045757490560675,-0.301029995663981,-0.0299632233774434,NA,NA,NA,-0.0964501987968625,0.103749437538362,0.0347621062592118,NA,NA,NA,NA,NA,NA,NA,NA,NA,NA,NA,NA,NA,NA,NA,NA,NA
Lithobates_capito,1,NA,NA,NA,NA,NA,NA,NA,NA,NA,NA,NA,NA,NA,NA,NA,NA,0.679946767022588,-0.503855507966907,-0.208275942427083,NA,NA,NA,NA,NA,NA,NA,NA,NA,NA,NA,NA,NA,NA,NA,NA,NA,NA,NA,NA,NA,NA,NA,NA,NA,NA,NA,NA,NA
Pseudacris_ocularis,1,NA,NA,NA,NA,NA,NA,NA,NA,NA,NA,NA,NA,NA,NA,NA,NA,0.384688663038069,-0.540701353020791,0.516814962122791,-1,NA,NA,NA,NA,NA,NA,NA,NA,NA,NA,NA,NA,NA,NA,NA,NA,NA,NA,NA,NA,NA,NA,NA,NA,NA,NA,NA,NA
Notophthalmus_perstriatus,1,NA,NA,NA,NA,NA,NA,NA,NA,NA,NA,NA,NA,NA,NA,NA,NA,0.0487526367900344,-0.358382804215933,-0.333922703888719,-0.817344971441931,NA,NA,NA,NA,NA,NA,NA,NA,NA,NA,NA,NA,NA,NA,NA,NA,NA,NA,NA,NA,NA,NA,NA,NA,NA,NA,NA,NA
Dryophytes_femoralis,1,NA,NA,NA,NA,NA,NA,NA,NA,NA,NA,NA,NA,NA,NA,NA,NA,0.983070866369516,-0.349055998588988,0.701243818211379,-1,NA,NA,NA,NA,NA,NA,NA,NA,NA,NA,NA,NA,NA,NA,NA,NA,NA,NA,NA,NA,NA,NA,NA,NA,NA,NA,NA,NA
Eleutherodactylus_planirostris,1,NA,NA,NA,NA,NA,NA,NA,NA,NA,NA,NA,NA,NA,NA,NA,NA,0.301029995663981,0.301029995663981,-0.301029995663981,0.602059991327962,NA,NA,NA,NA,NA,NA,NA,NA,NA,NA,NA,NA,NA,NA,NA,NA,NA,NA,NA,NA,NA,NA,NA,NA,NA,NA,NA,NA
Anaxyrus_quercicus,1,NA,NA,NA,NA,NA,NA,NA,NA,NA,NA,NA,NA,NA,NA,NA,NA,-0.028439518992654,0.190417252430221,-0.0208960549457622,-1,NA,NA,NA,NA,NA,NA,NA,NA,NA,NA,NA,NA,NA,NA,NA,NA,NA,NA,NA,NA,NA,NA,NA,NA,NA,NA,NA,NA
Acris_gryllus,1,NA,NA,NA,NA,NA,NA,NA,NA,NA,NA,NA,NA,NA,NA,NA,NA,-0.0847137346475859,-0.490694061908936,0.321233381752268,0.0641174996117488,NA,NA,NA,NA,NA,NA,NA,NA,NA,NA,NA,NA,NA,NA,NA,NA,NA,NA,NA,NA,NA,NA,NA,NA,NA,NA,NA,NA
Anaxyrus_fowleri,1,NA,NA,NA,NA,NA,NA,NA,NA,NA,NA,NA,NA,NA,NA,NA,NA,NA,NA,0.4670238716224,0.364874485500226,0.476247068906568,0.0198945226641429,-0.11924285391171,-0.423301093882247,-0.327512984885202,-0.09791273193042,0.117969228593042,0.166542350273467,0.0748375748401057,0.00391858752418917,0.0520784744587429,0.138284777517048,0.110323860162561,0.138269233599039,-0.0636534636386854,-0.259135966719377,-0.176362707241603,0.100152152811751,-0.115870319753034,-0.157592574958196,-0.0811934685550357,0.0211573037959347,NA,NA,NA,NA,NA,NA
Clemmys_insculpta,1,NA,NA,NA,NA,NA,NA,NA,NA,NA,NA,NA,NA,NA,NA,NA,NA,NA,NA,NA,0.511883360978874,0.021066098250424,0.0197614517647393,0.0169105961387928,0.0112869923310117,0.00139549828031837,-0.027866725583342,-0.0326184663459598,-0.0325117863598023,-0.027220794942486,-0.020200631795948,-0.015877681832971,-0.0160300864208367,0.00646330591695499,0.000523022993594857,-0.00270207935894273,-0.00414395212009699,-0.00578538851848709,-0.00832601984470616,-0.0108810240497421,-0.0118575496791697,-0.0101092943747849,-0.00628647695806395,-0.00357271075721188,-0.0061257135784456,-0.0153144477008134,-0.0271922407267962,-0.035026876612096,NA
Lithobates_yavapaiensis,1,NA,NA,NA,NA,NA,NA,NA,NA,NA,NA,NA,NA,NA,NA,NA,NA,NA,NA,NA,NA,NA,0.150859388676621,-0.453279127868608,-0.050680418496271,-0.226801346118322,-0.118689787331298,NA,NA,NA,NA,NA,NA,NA,NA,NA,NA,NA,NA,NA,NA,NA,NA,NA,NA,NA,NA,NA,NA
Ambystoma_laterale,1,NA,NA,NA,NA,NA,NA,NA,NA,NA,NA,NA,NA,NA,NA,NA,NA,NA,NA,NA,NA,NA,-0.0147232568207065,-0.0894859949288493,-0.163396988427476,0.205458333428187,NA,NA,NA,NA,NA,NA,NA,NA,NA,NA,NA,NA,NA,NA,NA,NA,NA,NA,NA,NA,NA,NA,NA
Ambystoma_californiense,1,NA,NA,NA,NA,NA,NA,NA,NA,NA,NA,NA,NA,NA,NA,NA,NA,NA,NA,NA,NA,NA,NA,0.0936541457495612,-0.683279498826176,0.596774394866279,-0.633291228692041,0.147215131319452,-0.00546289570150216,NA,NA,NA,NA,NA,NA,NA,NA,NA,NA,NA,NA,NA,NA,NA,NA,NA,NA,NA,NA
Rana_sierrae,1,NA,NA,NA,NA,NA,NA,NA,NA,NA,NA,NA,NA,NA,NA,NA,NA,NA,NA,NA,NA,NA,NA,NA,0.0746216019411963,0.0755000531470098,0.0773442220183522,0.0795645400910739,0.0808776903596593,0.0800934696243484,0.0770057847477731,0.0724781141274135,0.0675956062949685,0.0627619293911664,0.0576367251715924,0.0518513619288938,0.0456558653276747,0.0398627224680601,0.035266558945207,0.0321709086864474,0.030382169635541,0.0295063655129841,0.0291883718367988,NA,NA,NA,NA,NA,NA
Eurycea_wilderae,1,NA,NA,NA,NA,NA,NA,NA,NA,NA,NA,NA,NA,NA,NA,NA,NA,NA,NA,NA,NA,NA,NA,NA,-0.215599800339355,0.00343317583839386,0.142983552678847,0.142983552678847,0.142983552678847,0.0153633532009565,0.0153633532009565,NA,NA,NA,NA,NA,NA,NA,NA,NA,NA,NA,NA,NA,NA,NA,NA,NA,NA
Rana_luteiventris,1,NA,NA,NA,NA,NA,NA,NA,NA,NA,NA,NA,NA,NA,NA,NA,NA,NA,NA,NA,NA,NA,NA,NA,NA,-0.00537929883447141,-0.00537929883527677,-0.00537929883684174,-0.00537929883898003,-0.00537929884158506,-0.00537929884438393,-0.00537929884716593,-0.00537929884984978,-0.170567986373765,-0.502689649427391,0.497310350571603,-0.00537929885822241,-0.00537929885891697,NA,NA,NA,NA,NA,NA,NA,NA,NA,NA,NA
Ambystoma_macrodactylum,1,NA,NA,NA,NA,NA,NA,NA,NA,NA,NA,NA,NA,NA,NA,NA,NA,NA,NA,NA,NA,NA,NA,NA,NA,-0.0195250691248274,-0.0195250691246018,-0.0195250691241993,0.490237465438096,0.0313543050412797,-0.202201302478097,0.343299596515716,0.0191350709792178,-0.104400207768607,0.104985473221187,-0.150270539503811,0.18506853419315,-0.0195250691239344,NA,NA,NA,NA,NA,NA,NA,NA,NA,NA,NA
Ambystoma_mavortium,1,NA,NA,NA,NA,NA,NA,NA,NA,NA,NA,NA,NA,NA,NA,NA,NA,NA,NA,NA,NA,NA,NA,NA,NA,-0.131473336725181,-0.13147333672515,-0.131473336725093,-0.131473336725034,-0.131473336724982,0.312523705120052,-0.485231948639629,-0.485231948639642,-0.485231948639668,0.434263331637451,-0.137587608916939,0.189612727262399,-0.131473336725278,NA,NA,NA,NA,NA,NA,NA,NA,NA,NA,NA
Desmognathus_wrighti,1,NA,NA,NA,NA,NA,NA,NA,NA,NA,NA,NA,NA,NA,NA,NA,NA,NA,NA,NA,NA,NA,NA,NA,NA,-0.4323089103033,0.298524732174082,0.298524732174082,0.298524732174082,-0.162235290554965,0.0560205660079971,NA,NA,NA,NA,NA,NA,NA,NA,NA,NA,NA,NA,NA,NA,NA,NA,NA,NA
Pseudacris_triseriata,1,NA,NA,NA,NA,NA,NA,NA,NA,NA,NA,NA,NA,NA,NA,NA,NA,NA,NA,NA,NA,NA,NA,NA,NA,NA,0.0143867537654583,0.00987252918871617,0.00174417479282063,-0.00740436681984391,-0.0149223271329572,-0.0196053529308019,-0.0219481615480257,-0.0233391117064384,-0.0248778646122272,-0.0266291922997233,-0.0278297348012292,NA,NA,NA,NA,NA,NA,NA,NA,NA,NA,NA,NA
Ascaphus_truei,1,NA,NA,NA,NA,NA,NA,NA,NA,NA,NA,NA,NA,NA,NA,NA,NA,NA,NA,NA,NA,NA,NA,NA,NA,NA,NA,NA,-0.264817823009536,-0.0634401808161628,-0.179815906772009,NA,NA,NA,NA,NA,NA,NA,NA,NA,NA,NA,NA,NA,NA,NA,NA,NA,NA
Rana_pretiosa,1,NA,NA,NA,NA,NA,NA,NA,NA,NA,NA,NA,NA,NA,NA,NA,NA,NA,NA,NA,NA,NA,NA,NA,NA,NA,NA,NA,0.0529057209954193,0.0529057209954198,0.0529057209954193,NA,NA,NA,NA,NA,NA,NA,NA,NA,NA,NA,NA,NA,NA,NA,NA,NA,NA
Gyrinophilus_porphyriticus,1,NA,NA,NA,NA,NA,NA,NA,NA,NA,NA,NA,NA,NA,NA,NA,NA,NA,NA,NA,NA,NA,NA,NA,NA,NA,NA,NA,NA,NA,0.022857966394958,-0.00819286986929457,-0.0573059013943835,-0.0972710841878186,0.0480819880291832,-0.0708613273648606,-0.0199078426867934,0.0166673188460289,0.0179256540090069,-0.00819289353666774,-0.0325671854470222,NA,NA,-0.118249644003432,0.00717057067399085,0.063456303265538,0.00381608288401492,0.00381608288401501,0.00381608288401495
Sternotherus_minor,1,NA,NA,NA,NA,NA,NA,NA,NA,NA,NA,NA,NA,NA,NA,NA,NA,NA,NA,NA,NA,NA,NA,NA,NA,NA,NA,NA,NA,NA,NA,1,-0.074089048342287,0.875664031679861,0.330269796638888,-0.22563280014209,NA,NA,NA,NA,NA,NA,NA,NA,NA,NA,NA,NA,NA
Pseudemys_nelsoni,1,NA,NA,NA,NA,NA,NA,NA,NA,NA,NA,NA,NA,NA,NA,NA,NA,NA,NA,NA,NA,NA,NA,NA,NA,NA,NA,NA,NA,NA,NA,-0.0193051551953867,0.456917868631376,-0.267861632411327,0.121733596733089,0,NA,NA,NA,NA,NA,NA,NA,NA,NA,NA,NA,NA,NA
Pseudemys_peninsularis,1,NA,NA,NA,NA,NA,NA,NA,NA,NA,NA,NA,NA,NA,NA,NA,NA,NA,NA,NA,NA,NA,NA,NA,NA,NA,NA,NA,NA,NA,NA,0.195226269495942,0.0427519804209497,-0.177791043933576,0.0917703733556456,-0.123562207779497,NA,NA,NA,NA,NA,NA,NA,NA,NA,NA,NA,NA,NA
Necturus_maculosus,1,NA,NA,NA,NA,NA,NA,NA,NA,NA,NA,NA,NA,NA,NA,NA,NA,NA,NA,NA,NA,NA,NA,NA,NA,NA,NA,NA,NA,NA,NA,NA,NA,-0.514909815609062,NA,NA,NA,NA,NA,NA,-0.387216143280265,NA,NA,NA,NA,NA,NA,NA,NA
Graptemys_flavimaculata,1,NA,NA,NA,NA,NA,NA,NA,NA,NA,NA,NA,NA,NA,NA,NA,NA,NA,NA,NA,NA,NA,NA,NA,NA,NA,NA,NA,NA,NA,NA,NA,NA,NA,NA,NA,-0.0145820896371809,-0.0768955269610294,-0.00826507783942976,NA,NA,NA,NA,NA,NA,NA,NA,NA,NA
Graptemys_gibbonsi,1,NA,NA,NA,NA,NA,NA,NA,NA,NA,NA,NA,NA,NA,NA,NA,NA,NA,NA,NA,NA,NA,NA,NA,NA,NA,NA,NA,NA,NA,NA,NA,NA,NA,NA,NA,NA,NA,0.109518377740806,NA,NA,NA,NA,NA,NA,NA,NA,NA,NA
