"LPI_final" "CI_low" "CI_high"
"1970" 1 1 1
"1971" 0.951318398832359 0.934173821019268 0.972731415602888
"1972" 0.931595057676308 0.908708301314591 0.960550981851026
"1973" 0.910712064035551 0.873992669741374 0.945234121775111
"1974" 0.895959507864235 0.843577158161183 0.93516514090965
"1975" 0.892046355628882 0.844503127807086 0.939100395338421
"1976" 0.895383452609153 0.84066623514963 0.944012126337363
"1977" 0.898452566650249 0.835028460984518 0.945201085184417
"1978" 0.901882770929461 0.836974286718821 0.956326929463993
"1979" 0.909456022934957 0.836664039977069 0.969480516562817
"1980" 0.910465081564938 0.834003345723199 0.97602249934416
"1981" 0.904886978555079 0.830587903333588 0.981130517409867
"1982" 0.871387359132232 0.779432423432737 0.968321824808422
"1983" 0.865128868441871 0.703174597997063 1.06586249060755
"1984" 0.710094225976288 0.508625139675475 0.957821618039057
"1985" 0.870381995204708 0.589464196308128 1.27010372144847
"1986" 0.814539896794755 0.54407007253929 1.19709070714817
"1987" 0.869016919164859 0.546869130482785 1.30738807061843
"1988" 0.874127128529827 0.551037531091843 1.32828202099387
"1989" 0.893345388900145 0.561777763145136 1.37588432117615
"1990" 0.882597414495835 0.561750208987525 1.42008497529961
"1991" 0.891636751794254 0.562114888612036 1.42892633177339
"1992" 0.858258649082021 0.538078061721227 1.35340914493127
"1993" 0.889988385072485 0.551022689830236 1.40730134032537
"1994" 0.84057573433936 0.502370574333665 1.45275492592705
"1995" 0.786015138918964 0.429863297726184 1.30966825460321
"1996" 0.713498821221542 0.412837019925506 1.26885938090184
"1997" 0.66292832107555 0.375803658521366 1.17876245867309
"1998" 0.608081762807806 0.347958881386665 1.04948603207935
"1999" 0.55572659643753 0.314416916284145 0.943677634332069
"2000" 0.503774384720851 0.264918242493752 0.869045922673763
"2001" 0.441034011428514 0.236779549232632 0.774556664230715
"2002" 0.431129426541825 0.236122756789562 0.797603283747758
"2003" 0.421184342981386 0.222601718139636 0.735450269836996
"2004" 0.407411984523858 0.223186677733524 0.69083753265012
"2005" 0.415177824244254 0.238582188452162 0.735103193471264
"2006" 0.418219188705619 0.241924394436457 0.756105592572796
"2007" 0.417083538141465 0.228611815716083 0.775105515240736
"2008" 0.424991059393654 0.223421966222653 0.79159812471793
"2009" 0.392399335747967 0.204939723645387 0.780941815602515
"2010" 0.359292646268747 0.181273662183208 0.762509176546092
"2011" 0.299930238147663 0.152020327402782 0.666551522916142
"2012" 0.255114939446686 0.128720254242184 0.58574135640375
"2013" 0.278886761138378 0.141285728014429 0.664614537215722
"2014" 0.253913698439641 0.124192479878538 0.640640097064222
"2015" -99 NA NA
"2016" -99 NA NA
"2017" -99 NA NA
"2018" -99 NA NA
"2019" -99 NA NA
