population_id,1970,1971,1972,1973,1974,1975,1976,1977,1978,1979,1980,1981,1982,1983,1984,1985,1986,1987,1988,1989,1990,1991,1992,1993,1994,1995,1996,1997,1998,1999,2000,2001,2002,2003,2004,2005,2006,2007,2008,2009,2010,2011,2012,2013,2014,2015,2016
11886,1,-0.0204145546139225,-0.00854581710753299,-0.000968986581085129,-0.00133700814607374,0.00240284066482599,0.012155964438205,0.0211763714998492,0.00373241672908775,-0.0382452110448082,-0.0661407806888297,-0.0546209192028524,-0.0196271879070851,0.00876437606122393,0.024512856968077,0.0411358528272667,0.0577523750915692,0.0527313902580087,0.0179944209073499,-0.018919740101331,-0.0257952608775514,-0.00319161751277375,0.0355627065051776,0.0510863262543784,0.0569854726424626,0.0595138995730775,0.058671607046378,0.0544585950624761,0.0468748636208716,0.0359204127220891,0.021595242365648,0.00389935255204277,-0.0171672567192123,-0.0416045854474638,-0.0694126336333343,-0.100591401276563,-0.135140888377452,-0.137366965556193,0.00398865996821551,0.162506674116436,-1,-1,-1,-1,-1,-1,-1
11887,1,0.05001269021888,0.0398902360987075,0.0328964643319343,0.0294380996470718,0.0284680550316128,0.0258954256335269,0.0220095764989381,0.0206946678975291,0.0228973790971949,0.0286177100980241,0.0356248669008519,0.0345682352818981,0.0234550491952681,0.0123562947916467,0.0149312361434912,0.0353075211130962,0.0623540227540946,0.0775750632916932,0.0702421306070593,0.0460689982857585,0.0214043112041225,0.00845686381979061,0.00777141556743288,0.0156854411739173,0.0183688687179044,0.010237856417362,-0.00119316896240917,-0.00592205229954867,-0.0024690595408936,0.00260855616884736,0.00473457958452439,0.00789564965529621,0.0193360210200266,0.0385546055828341,0.0543213203910549,0.0546903715436136,0.0397171058759689,0.0224957730447253,0.0165318466197073,0.0227664711661779,0.0305191831702682,-1,-1,-1,-1,-1
11888,1,0.026321147665084,0.026321147665084,0.0263211476650835,0.0199383299421876,0.0444858159793187,0.0444858159793187,0.0444858159793187,0.0444858159793187,0.0740167473160098,0.0740167473160098,0.0740167473160098,0.0740167473160094,0.0740167473160098,0.0140846814037618,0.0140846814037614,0.0140846814037618,0.0140846814037614,0.0140846814037618,0.0164490849997954,0.0164490849997949,0.0164490849997954,0.0164490849997949,0.0599714328494803,0.0599714328494803,0.0599714328494803,0.034632655392012,0.0346326553920115,0.034632655392012,0.034632655392012,0.034632655392012,-1,-1,-1,-1,-1,-1,-1,-1,-1,-1,-1,-1,-1,-1,-1,-1
5317,1,0.0954242509439325,0.0954242509439325,0.0954242509439325,0.0954242509439325,0.0954242509439327,0.0954242509439323,0.0954242509439327,0.0954242509439323,0.0954242509439327,0.0954242509439323,0.0790706231293852,0.0790706231293847,0.0790706231293852,0.0790706231293847,0.0790706231293847,0.0790706231293852,0.0790706231293847,0.0790706231293847,0.0790706231293852,0.0790706231293847,0.0790706231293847,0.0790706231293852,0.0586970863518936,0.0586970863518936,0.0586970863518936,0.0586970863518941,0.0586970863518936,0.0586970863518936,0.0457574905606752,-1,-1,-1,-1,-1,-1,-1,-1,-1,-1,-1,-1,-1,-1,-1,-1,-1
5327,1,0.0710795294801265,0.071079529480127,0.0710795294801265,0.0710795294801265,0.0355690767614583,0.0355690767614583,0.0355690767614578,0.0355690767614583,0.0355690767614583,0.0355690767614583,0.0355690767614578,0.0355690767614583,0.0355690767614583,0.0355690767614583,0.0355690767614578,0.0355690767614583,0.0355690767614583,0.062157276161753,0.0621572761617526,0.062157276161753,0.062157276161753,0.0621572761617526,0.062157276161753,0.062157276161753,0.062157276161753,0.0621572761617526,0.062157276161753,0.062157276161753,-1,-1,-1,-1,-1,-1,-1,-1,-1,-1,-1,-1,-1,-1,-1,-1,-1,-1
5316,1,-1,-1,0.00606214231867508,0.00606214231867597,0.00606214231867508,0.00606214231867597,0.00606214231867508,0.00606214231867508,0.00606214231867597,0.00606214231867508,0.00606214231867597,0.00606214231867508,0.00606214231867597,0.00606214231867508,0.00606214231867597,0.00606214231867508,0.00606214231867508,0.00606214231867597,0.00606214231867508,0.00606214231867597,0.00606214231867508,0.00606214231867597,0.00606214231867508,0.00606214231867508,0.00606214231867597,0.0315513109012775,0.0315513109012775,0.0315513109012775,-1,-1,-1,-1,-1,-1,-1,-1,-1,-1,-1,-1,-1,-1,-1,-1,-1,-1
11889,1,-1,-1,-1,0.0192386219678915,0.0192386219678919,0.0192386219678915,0.0192386219678915,0.0192386219678919,0.0192386219678915,0.0192386219678915,0.0192386219678919,0.0192386219678915,0.0192386219678915,0.0192386219678919,0.0192386219678915,0.0192386219678915,0.0192386219678919,0.0192386219678915,0.0192386219678915,0.0192386219678919,0.0192386219678915,0.0192386219678915,0.0192386219678919,0.0192386219678915,0.0192386219678915,0.0192386219678919,0.0192386219678915,0.0275345696854528,0.0275345696854532,0.0275345696854528,0.0275345696854528,-1,-1,-1,-1,-1,-1,-1,-1,-1,-1,-1,-1,-1,-1,-1
5320,1,-1,-1,-1,0.0913436452151632,0.0913436452151637,0.0913436452151637,0.0913436452151637,0.0913436452151632,0.0913436452151637,0.0913436452151637,0.0913436452151637,0.0913436452151632,0.0913436452151641,0.0913436452151632,0.0913436452151632,0.0913436452151641,0.0913436452151632,0.0913436452151632,0.0913436452151641,0.0913436452151632,-1,-1,-1,-1,-1,-1,-1,-1,-1,-1,-1,-1,-1,-1,-1,-1,-1,-1,-1,-1,-1,-1,-1,-1,-1,-1
1354,1,-1,-1,-1,-1,-1,-1,0.045229767099463,0.045229767099463,0.045229767099463,0.045229767099463,0.045229767099463,0.0452297670994631,0.0452297670994629,0.0452297670994631,0.045229767099463,0.045229767099463,-1,-1,-1,-1,-1,-1,-1,-1,-1,-1,-1,-1,-1,-1,-1,-1,-1,-1,-1,-1,-1,-1,-1,-1,-1,-1,-1,-1,-1,-1
1353,1,-1,-1,-1,-1,-1,-1,-1,0.0311293346202006,0.0311293346202006,0.0311293346202005,0.0311293346202005,0.0311293346202006,0.0311293346202006,0.0311293346202005,0.0311293346202006,0.0311293346202005,0.0311293346202006,-1,-1,-1,-1,-1,-1,-1,-1,-1,-1,-1,-1,-1,-1,-1,-1,-1,-1,-1,-1,-1,-1,-1,-1,-1,-1,-1,-1,-1
5318,1,-1,-1,-1,-1,-1,-1,-1,-1,-1,-1,-1,-1,-1,-1,-1,0.0367016349784355,0.0367016349784355,0.0367016349784359,0.0367016349784355,0.0367016349784355,0.0367016349784355,0.0367016349784355,0.0367016349784359,0.0367016349784355,0.0367016349784355,0.0367016349784355,0.0367016349784355,0.0367016349784359,-1,-1,-1,-1,-1,-1,-1,-1,-1,-1,-1,-1,-1,-1,-1,-1,-1,-1
5326,1,-1,-1,-1,-1,-1,-1,-1,-1,-1,-1,-1,-1,-1,-1,-1,-1,-1,0.0221848749616358,0.0221848749616358,0.0221848749616349,0.0221848749616358,0.0221848749616358,0.0221848749616358,0.0221848749616358,0.0221848749616349,0.0221848749616358,0.0221848749616358,-1,-1,-1,-1,-1,-1,-1,-1,-1,-1,-1,-1,-1,-1,-1,-1,-1,-1,-1
1355,1,-1,-1,-1,-1,-1,-1,-1,-1,-1,-1,-1,-1,-1,-1,-1,-1,-1,-1,1.43328012460721,0.375827121348233,0.198411245342188,0.111727546793819,0.136278471940661,-1,-1,-1,-1,-1,-1,-1,-1,-1,-1,-1,-1,-1,-1,-1,-1,-1,-1,-1,-1,-1,-1,-1
11878,1,-1,-1,-1,-1,-1,-1,-1,-1,-1,-1,-1,-1,-1,-1,-1,-1,-1,-1,-1,0.344564297529313,0.234580077004885,0.102659383616813,0.044808599860735,0.0566105003786661,0.064944385216863,0.0377114932924989,0.0117302913737984,0.0204683420316818,0.0432946227681736,0.0442395741109556,0.0271038059049522,0.0219754529478366,0.0343534722183187,0.040723700694048,0.0310823728063567,0.024022875546329,0.0313232238459995,0.0348701345917579,0.0170878545811206,-0.00579846833481223,-1,-1,-1,-1,-1,-1
11876,1,-1,-1,-1,-1,-1,-1,-1,-1,-1,-1,-1,-1,-1,-1,-1,-1,-1,-1,-1,-1,-1,0.0170106214207365,0.0113592895983593,0.0149724350324799,0.0409340691572829,0.0822914365478311,0.115217471394343,0.120847440726497,0.102328907736041,0.0798264847858801,0.0704687967621254,0.0749789432382555,0.0827440733722906,0.0858665697829788,0.0851249776554956,0.0835882785472428,0.0793336057701044,0.0680790283080925,0.0517792188999773,0.03987948520194,-1,-1,-1,-1,-1,-1
19072,1,-1,-1,-1,-1,-1,-1,-1,-1,-1,-1,-1,-1,-1,-1,-1,-1,-1,-1,-1,-1,-1,-1,-1,0.0613561615153073,0.0605239597976919,0.0596840530607561,0.0597040457925138,0.0604730194077612,0.0612457928896655,0.0617413115449885,0.0622969232794128,0.0628773401803335,0.0625132473059797,0.0602688251853922,0.0567273647273416,0.054109134227029,0.0546885692951853,0.0591513049599164,0.0664783658992536,0.075103825810908,0.0838368896937189,0.0917416368975741,0.0976879950816296,0.100698404238831,-1,-1
11882,1,-1,-1,-1,-1,-1,-1,-1,-1,-1,-1,-1,-1,-1,-1,-1,-1,-1,-1,-1,-1,-1,-1,-1,0.04400346255371,0.04400346255371,0.0440034625537096,0.04400346255371,0.04400346255371,0.04400346255371,0.04400346255371,0.0440034625537096,0.04400346255371,0.04400346255371,0.04400346255371,0.04400346255371,0.04400346255371,0.0440034625537096,0.04400346255371,-1,-1,-1,-1,-1,-1,-1,-1
11879,1,-1,-1,-1,-1,-1,-1,-1,-1,-1,-1,-1,-1,-1,-1,-1,-1,-1,-1,-1,-1,-1,-1,-1,0.211012346604954,0.0894007311560036,-0.0336586142624549,-0.0315441579515582,0.0818618604197965,0.185310818152077,0.203508968010281,0.174912384463565,0.169878816821508,0.192453579593438,0.193709198510116,0.154618963735834,0.111793923041222,0.100376352729846,0.108415623336055,0.105891340382214,0.0935019752217832,-1,-1,-1,-1,-1,-1
23483,1,-1,-1,-1,-1,-1,-1,-1,-1,-1,-1,-1,-1,-1,-1,-1,-1,-1,-1,-1,-1,-1,-1,-1,-1,-0.000682282423001279,-0.00145590091540138,-0.00309060938602101,-0.0054568027619144,-0.00831597367910542,-0.0114250891152992,-0.0145572729609311,-0.017592946075867,-0.0206476951099592,-0.0239982334508886,-0.027720556165038,-0.0313621576921843,-0.0340960543011353,-0.0353603670672078,-0.0353961814456587,-0.0350664331497028,-1,-1,-1,-1,-1,-1
23479,1,-1,-1,-1,-1,-1,-1,-1,-1,-1,-1,-1,-1,-1,-1,-1,-1,-1,-1,-1,-1,-1,-1,-1,-1,0.0969100130080565,0.201397124320451,0.0290517970578228,0.0248235837250319,0.0280287236002437,-0.00151587591690694,-0.00151587591690694,-0.00151587591690694,0.0351136194163244,0,0.077067886734226,-0.0125111007329286,-0.0125111007329282,-0.0125111007329282,-0.0125111007329286,-0.0125111007329282,-1,-1,-1,-1,-1,-1
24696,1,-1,-1,-1,-1,-1,-1,-1,-1,-1,-1,-1,-1,-1,-1,-1,-1,-1,-1,-1,-1,-1,-1,-1,-1,-1,0.0516225770152993,0.0504932529297458,0.048485623233074,0.0461086099368554,0.0436758781484906,0.041309436823199,0.0391764074654508,0.0373030141995225,0.0351544223252788,0.0318137157618378,0.0269206980298516,0.021358944233271,0.0167288737652005,0.0140523348664796,0.0131078689777905,-1,-1,-1,-1,-1,-1
24695,1,-1,-1,-1,-1,-1,-1,-1,-1,-1,-1,-1,-1,-1,-1,-1,-1,-1,-1,-1,-1,-1,-1,-1,-1,-1,-0.0198985202493871,-0.024100431870606,-0.0265827986532137,-0.0218576233913421,-0.0109156471638275,0.00101085416087077,0.0116915531518176,0.0247925273393656,0.0442273416859142,0.065940960873509,0.0769911269985896,0.0649632824929811,0.0301504603565637,-0.011047204859314,-0.037025175694016,-1,-1,-1,-1,-1,-1
24694,1,-1,-1,-1,-1,-1,-1,-1,-1,-1,-1,-1,-1,-1,-1,-1,-1,-1,-1,-1,-1,-1,-1,-1,-1,-1,0.00409066788437404,-0.00557900465164241,-0.00757478198696956,0.01966228801205,0.078931402471226,0.142517811558399,0.167970090285831,0.134726797522461,0.0679010528252049,0.0195396566312769,0.0205934451073777,0.0532954850046464,0.0751066949820738,0.0670251980413623,0.0495064623537822,-1,-1,-1,-1,-1,-1
24693,1,-1,-1,-1,-1,-1,-1,-1,-1,-1,-1,-1,-1,-1,-1,-1,-1,-1,-1,-1,-1,-1,-1,-1,-1,-1,0.0442675205257604,0.0442675205269913,0.0442675205284753,0.0442675205295393,0.0442675205312191,0.0442675205353674,0.0442675205424585,0.0442675205508654,0.0442675205584225,0.0442675205642694,0.0442675205688969,0.044267520572824,0.0442675205758458,0.0442675205775853,0.0442675205782088,-1,-1,-1,-1,-1,-1
24692,1,-1,-1,-1,-1,-1,-1,-1,-1,-1,-1,-1,-1,-1,-1,-1,-1,-1,-1,-1,-1,-1,-1,-1,-1,-1,-0.00595210239775323,-0.00185822712115891,-0.000770374403357033,-0.00305677820830608,0.00483941960486312,0.0339441939124492,0.0721109729816271,0.0898862565183191,0.0706321769535931,0.0293848236124168,-0.00276332710653113,-0.00952282085382936,0.00033598402522711,0.0101446903705138,0.0136484848902588,-1,-1,-1,-1,-1,-1
24691,1,-1,-1,-1,-1,-1,-1,-1,-1,-1,-1,-1,-1,-1,-1,-1,-1,-1,-1,-1,-1,-1,-1,-1,-1,-1,0.237857277342837,0.190131695779489,0.111566803978086,0.0387542088897248,0.00114753615213448,0.00134617676042836,0.0191770767789086,0.031580012605176,0.0297919721998106,0.0204104878665268,0.0131466910083216,0.0098705668283392,0.0056266780707146,-0.00215019079699252,-0.00893140737360909,-1,-1,-1,-1,-1,-1
24690,1,-1,-1,-1,-1,-1,-1,-1,-1,-1,-1,-1,-1,-1,-1,-1,-1,-1,-1,-1,-1,-1,-1,-1,-1,-1,0.0582815185769084,0.0436957970910998,0.0235367773144989,0.0177542167139916,0.0432380958130022,0.0928234932222288,0.132340517242268,0.12939375177691,0.0881243025546601,0.0473996218082084,0.0389377070010011,0.053272129899405,0.0556910007584757,0.0324035389735944,0.00702411456641494,-1,-1,-1,-1,-1,-1
24689,1,-1,-1,-1,-1,-1,-1,-1,-1,-1,-1,-1,-1,-1,-1,-1,-1,-1,-1,-1,-1,-1,-1,-1,-1,-1,0.303989627983522,0.232126372166604,0.119988488338141,0.0190559907278938,-0.0447639348528987,-0.0777245900061759,-0.0893018026615782,-0.0773869662466509,-0.0438193498849068,-0.00819407516919668,0.00710405631481942,0.00149415140019399,-0.00556167785377065,-0.00117821015293518,0.0070620144808653,-1,-1,-1,-1,-1,-1
24688,1,-1,-1,-1,-1,-1,-1,-1,-1,-1,-1,-1,-1,-1,-1,-1,-1,-1,-1,-1,-1,-1,-1,-1,-1,-1,-0.0269353789998195,-0.0268633420236483,-0.02642941798736,-0.0253832714045057,-0.0237851996890855,-0.0219447468531628,-0.020141296266999,-0.0184647071097085,-0.0169111823042748,-0.015537742385509,-0.0144549706133182,-0.0137038832927254,-0.013217653060652,-0.0129151663063347,-0.0127697172973007,-1,-1,-1,-1,-1,-1
24685,1,-1,-1,-1,-1,-1,-1,-1,-1,-1,-1,-1,-1,-1,-1,-1,-1,-1,-1,-1,-1,-1,-1,-1,-1,-1,-0.00244957493155362,-0.00212552093701052,-0.00113353812173683,0.00129094750622982,0.0061916179711653,0.0140692899596265,0.0241946120851725,0.0350890373443463,0.0457399009132998,0.0560225598837177,0.0658000965194936,0.0740343965583384,0.0793439643847991,0.0814788736259072,0.0817749138262809,-1,-1,-1,-1,-1,-1
24684,1,-1,-1,-1,-1,-1,-1,-1,-1,-1,-1,-1,-1,-1,-1,-1,-1,-1,-1,-1,-1,-1,-1,-1,-1,-1,0.0108603964216082,-0.0205570842377051,-0.0439235919403702,-0.0235986358208766,0.024418478113878,0.0553822789161084,0.0548927289550347,0.0488937482518154,0.0557763364837139,0.0568167960606342,0.0311024235484432,0.00098950660157171,0.012948773281072,0.072336563572122,0.126521189665646,-1,-1,-1,-1,-1,-1
24683,1,-1,-1,-1,-1,-1,-1,-1,-1,-1,-1,-1,-1,-1,-1,-1,-1,-1,-1,-1,-1,-1,-1,-1,-1,-1,0.0114529726021372,0.0127964522413077,0.0160434454783014,0.021026075745747,0.0266106205632839,0.0316333470367139,0.0359460609531665,0.0403074199420533,0.0451878167321087,0.049931098758053,0.0532890394148211,0.0546544545272625,0.0545557230901472,0.0540129546206305,0.0536809861611764,-1,-1,-1,-1,-1,-1
24682,1,-1,-1,-1,-1,-1,-1,-1,-1,-1,-1,-1,-1,-1,-1,-1,-1,-1,-1,-1,-1,-1,-1,-1,-1,-1,0.0587025175546665,0.055854647385281,0.0526082164028945,0.0518928150805596,0.0540110074856697,0.0567199281182943,0.0578399356649271,0.0567666463154064,0.0535537156912078,0.0477343256295596,0.038971543910668,0.0285273143023758,0.0191262267913483,0.0130160511659551,0.0104738245243707,-1,-1,-1,-1,-1,-1
24681,1,-1,-1,-1,-1,-1,-1,-1,-1,-1,-1,-1,-1,-1,-1,-1,-1,-1,-1,-1,-1,-1,-1,-1,-1,-1,0.0201568269513789,0.0195933168693706,0.0205179084626226,0.0244077025164541,0.0292178604447905,0.0298082414456924,0.0224416778018662,0.00978759879948909,0.00126040984523224,0.0069912409397882,0.0298679601125232,0.0627249365053492,0.0934345797108088,0.113273545402591,0.121308483897871,-1,-1,-1,-1,-1,-1
24680,1,-1,-1,-1,-1,-1,-1,-1,-1,-1,-1,-1,-1,-1,-1,-1,-1,-1,-1,-1,-1,-1,-1,-1,-1,-1,0.0838775779517277,0.0330658256738829,-0.0275481813456351,-0.0505295369013722,-0.0339184706014187,-0.0116095264787415,-0.00236987537239441,0.00856704650025214,0.0362928447383434,0.0659115878568139,0.0703261673311528,0.0485474407440325,0.027845057251848,0.0272826889769523,0.0362479797870677,-1,-1,-1,-1,-1,-1
24679,1,-1,-1,-1,-1,-1,-1,-1,-1,-1,-1,-1,-1,-1,-1,-1,-1,-1,-1,-1,-1,-1,-1,-1,-1,-1,0.0121166233245682,0.0379718074219211,0.0840200563708051,0.130769699993584,0.155251249076293,0.142144268810858,0.0921031036797562,0.0285965327731438,-0.00822301781378632,0.00995759132494056,0.0677717160559446,0.109686772298236,0.0892252996931264,0.018769042449716,-0.0400106647269844,-1,-1,-1,-1,-1,-1
24678,1,-1,-1,-1,-1,-1,-1,-1,-1,-1,-1,-1,-1,-1,-1,-1,-1,-1,-1,-1,-1,-1,-1,-1,-1,-1,-0.00654903911216758,0.0336906795545568,0.0872156844281173,0.114534245559077,0.10040366147206,0.0657289458705698,0.0439392999048491,0.0482016750793238,0.0616246597227119,0.0583605188101246,0.0325184410017804,0.00462577888744964,-0.000756073534490254,0.0179638762296261,0.0379404587220609,-1,-1,-1,-1,-1,-1
24677,1,-1,-1,-1,-1,-1,-1,-1,-1,-1,-1,-1,-1,-1,-1,-1,-1,-1,-1,-1,-1,-1,-1,-1,-1,-1,-0.029135575284048,-0.0200201704772971,-0.00331605963843085,0.0133386014061786,0.0202384101374012,0.0144842803889543,0.0045316839351951,0.00390478499889568,0.0185980728735997,0.0408340650677121,0.0559449969259982,0.0552404500915786,0.0421071987972081,0.0270489731518859,0.0184814207756827,-1,-1,-1,-1,-1,-1
24676,1,-1,-1,-1,-1,-1,-1,-1,-1,-1,-1,-1,-1,-1,-1,-1,-1,-1,-1,-1,-1,-1,-1,-1,-1,-1,0.0116907221560144,0.0137492439338721,0.0150695667584962,0.0148200473960861,0.0165650523162646,0.0222515684646845,0.0261721057152215,0.0200550354006103,0.00514723726932498,-0.00489540457932069,0.00334691122241682,0.0287573121082721,0.05684763451939,0.0745416835674284,0.0805898726390586,-1,-1,-1,-1,-1,-1
24675,1,-1,-1,-1,-1,-1,-1,-1,-1,-1,-1,-1,-1,-1,-1,-1,-1,-1,-1,-1,-1,-1,-1,-1,-1,-1,0.024076287937608,0.0240469941024255,0.0227570778271444,0.0193240875123679,0.0145078877027167,0.010155683640664,0.00752247109697546,0.00645385834793677,0.00616828593148222,0.00639175315280216,0.00742728231547707,0.00934411960680226,0.0115426238297531,0.0132154200612713,0.0139962270771818,-1,-1,-1,-1,-1,-1
24674,1,-1,-1,-1,-1,-1,-1,-1,-1,-1,-1,-1,-1,-1,-1,-1,-1,-1,-1,-1,-1,-1,-1,-1,-1,-1,-0.0392633664991039,-0.0336881477445092,-0.019652278780793,0.00141091054665943,0.0223118454708476,0.0365955976385065,0.0452331561454854,0.0543254282196532,0.0657608952158554,0.0727352048813391,0.0665770981478671,0.0469480098343849,0.0231759183964644,0.00571570964268431,-0.00186120770322962,-1,-1,-1,-1,-1,-1
24673,1,-1,-1,-1,-1,-1,-1,-1,-1,-1,-1,-1,-1,-1,-1,-1,-1,-1,-1,-1,-1,-1,-1,-1,-1,-1,-0.00911734572205151,0.00330377317438022,0.00854364611241069,-0.00379021034165346,-0.0135464140323538,0.00501606068752201,0.0433854500639512,0.0617319558601254,0.0360198203486215,-0.0102749377997706,-0.03111275314627,-0.00782757934775379,0.0367555090586099,0.0704220970472482,0.0833549138318206,-1,-1,-1,-1,-1,-1
24672,1,-1,-1,-1,-1,-1,-1,-1,-1,-1,-1,-1,-1,-1,-1,-1,-1,-1,-1,-1,-1,-1,-1,-1,-1,-1,0.0419672732415883,0.029108717509043,0.0120507819208273,0.00151155231876454,-0.000701322855588771,-0.00050110574607154,-0.00107832347179038,0.00216008428235215,0.0150290651154965,0.0351462753590361,0.0515069825459782,0.0537413447319159,0.0411323039588447,0.0230056241422358,0.0110510845441294,-1,-1,-1,-1,-1,-1
24671,1,-1,-1,-1,-1,-1,-1,-1,-1,-1,-1,-1,-1,-1,-1,-1,-1,-1,-1,-1,-1,-1,-1,-1,-1,-1,-0.00072835495785077,-0.00487753982149342,0.00275647062677535,0.0291631307533355,0.0560001268631272,0.0592674830223858,0.0416297822337481,0.033648822276902,0.0592385823912303,0.107105251705476,0.142432355435955,0.14293048462927,0.116867381594312,0.0881770755500572,0.0728327617806148,-1,-1,-1,-1,-1,-1
24670,1,-1,-1,-1,-1,-1,-1,-1,-1,-1,-1,-1,-1,-1,-1,-1,-1,-1,-1,-1,-1,-1,-1,-1,-1,-1,-0.0094802152900052,-0.000317127313005205,0.0238466026937926,0.0596614469541685,0.0895764591484041,0.0948966018244477,0.0739122699418971,0.0441323786882301,0.0254668605760717,0.0234320277523616,0.0296613636993098,0.0350384850071744,0.0379020273426236,0.0403966085252145,0.0424572876499909,-1,-1,-1,-1,-1,-1
24669,1,-1,-1,-1,-1,-1,-1,-1,-1,-1,-1,-1,-1,-1,-1,-1,-1,-1,-1,-1,-1,-1,-1,-1,-1,-1,0.0367628810561168,0.0300175367391152,0.0226766080179128,0.020291020185829,0.0206689505871627,0.0185715741878984,0.0154063419667658,0.0191144377508097,0.0333602430234428,0.05056826110188,0.0587925683402993,0.0541184494318906,0.0433874578405229,0.0353002278185275,0.0323081129657276,-1,-1,-1,-1,-1,-1
24668,1,-1,-1,-1,-1,-1,-1,-1,-1,-1,-1,-1,-1,-1,-1,-1,-1,-1,-1,-1,-1,-1,-1,-1,-1,-1,-0.000489909126482002,0.00883064563701061,0.0245236598851223,0.0355808184441031,0.0310659130759129,0.0164573388540341,0.0173188792132382,0.057213039547884,0.128232593898976,0.189026110951225,0.198550695577334,0.152197400652625,0.0827187484156442,0.0282745438941803,0.0039311264969788,-1,-1,-1,-1,-1,-1
24667,1,-1,-1,-1,-1,-1,-1,-1,-1,-1,-1,-1,-1,-1,-1,-1,-1,-1,-1,-1,-1,-1,-1,-1,-1,-1,-0.00232238243884733,-0.00238552325784791,-0.0023900017618402,-0.00219717340968204,-0.00178649230490718,-0.00126066547101436,-0.000739194010914018,-0.000277228283364683,0.000119108711292976,0.000440246743589695,0.000666557128562589,0.000801307414499297,0.000878159675056361,0.000927411050558186,0.000953767386019488,-1,-1,-1,-1,-1,-1
24666,1,-1,-1,-1,-1,-1,-1,-1,-1,-1,-1,-1,-1,-1,-1,-1,-1,-1,-1,-1,-1,-1,-1,-1,-1,-1,0.00828720696695151,0.0129160947286288,0.022034810543566,0.032375138909652,0.0387961812836886,0.0389120082342173,0.0359101385045172,0.0352622001559703,0.038255128350596,0.0401585143059338,0.0357529401720701,0.0256710858851016,0.0157976588705143,0.010759576995057,0.00980894900986651,-1,-1,-1,-1,-1,-1
24665,1,-1,-1,-1,-1,-1,-1,-1,-1,-1,-1,-1,-1,-1,-1,-1,-1,-1,-1,-1,-1,-1,-1,-1,-1,-1,0.0130176824944264,0.0101929062591699,0.00820252187443082,0.00999162437226486,0.0131791111510091,0.0125674304266263,0.00672344302425798,3.28846752353229e-05,-0.00201336356953119,0.00213152991149945,0.0105044914456258,0.0212771378777115,0.0336332108543984,0.0453304478914818,0.052343768766496,-1,-1,-1,-1,-1,-1
24664,1,-1,-1,-1,-1,-1,-1,-1,-1,-1,-1,-1,-1,-1,-1,-1,-1,-1,-1,-1,-1,-1,-1,-1,-1,-1,0.0358933835117752,0.0295685175847822,0.0184425022383614,0.00714790128373632,0.000551812772745741,0.000771446764366246,0.00631112503945763,0.0131989995478397,0.0175524288188436,0.0184947268326607,0.0193355615428206,0.0251426983224836,0.0377481447045587,0.0526938496777025,0.0622934943748612,-1,-1,-1,-1,-1,-1
24663,1,-1,-1,-1,-1,-1,-1,-1,-1,-1,-1,-1,-1,-1,-1,-1,-1,-1,-1,-1,-1,-1,-1,-1,-1,-1,0.0367099074777518,0.0317994804618242,0.0284780762974534,0.028405966512653,0.0221675621063349,0.0027531177553497,-0.0183405175483348,-0.0181450815534608,0.0115644792723762,0.0508576050967147,0.0696102341901015,0.0566707519758881,0.0270081601020858,0.00236456263831886,-0.00841581980818928,-1,-1,-1,-1,-1,-1
24662,1,-1,-1,-1,-1,-1,-1,-1,-1,-1,-1,-1,-1,-1,-1,-1,-1,-1,-1,-1,-1,-1,-1,-1,-1,-1,-0.0475683677746526,-0.0259191804983612,-0.00378102192148844,0.00163214704615156,0.0021860959373714,0.015500952366623,0.0293726339154854,0.0165334812377746,-0.0154865047574411,-0.0178914433896209,0.0381217728854859,0.111004449941578,0.128014625359717,0.074624457210442,0.0157297571529507,-1,-1,-1,-1,-1,-1
24661,1,-1,-1,-1,-1,-1,-1,-1,-1,-1,-1,-1,-1,-1,-1,-1,-1,-1,-1,-1,-1,-1,-1,-1,-1,-1,0.00523941477328771,0.00245930759466229,0.00368666218509395,0.0176398453906196,0.0459432142926102,0.0768706967505144,0.0904720567199273,0.0750833408146683,0.0403344672507122,0.0104313780117278,0.00160250163541931,0.007539925454354,0.00963126116807556,-8.70628682989594e-05,-0.0112802005539918,-1,-1,-1,-1,-1,-1
24660,1,-1,-1,-1,-1,-1,-1,-1,-1,-1,-1,-1,-1,-1,-1,-1,-1,-1,-1,-1,-1,-1,-1,-1,-1,-1,-0.0567344209108044,-0.0266085550035288,0.00942716955106226,0.0240270162410211,0.0175348936997457,0.0121225266486835,0.0201563175419622,0.0305347767362292,0.0278033073664307,0.0149640524291338,0.00977492416045211,0.0224234532606211,0.0451002603955851,0.063647883242933,0.0720067512670606,-1,-1,-1,-1,-1,-1
24659,1,-1,-1,-1,-1,-1,-1,-1,-1,-1,-1,-1,-1,-1,-1,-1,-1,-1,-1,-1,-1,-1,-1,-1,-1,-1,0.0306907067575615,0.0315500825000457,0.0333983463648094,0.0361942310875472,0.039808517634546,0.0439240330828954,0.0479796282826582,0.0515772063620443,0.0549279764853304,0.0585228448310344,0.0621699209441844,0.0646728371231604,0.0649270647463482,0.0633666417710737,0.0618496726800635,-1,-1,-1,-1,-1,-1
24658,1,-1,-1,-1,-1,-1,-1,-1,-1,-1,-1,-1,-1,-1,-1,-1,-1,-1,-1,-1,-1,-1,-1,-1,-1,-1,0.246691950060662,0.157504061590989,0.0469930098867036,0.000620094785747816,0.03183493337679,0.0773508683224284,0.0752343593741396,0.0293112974830494,-0.00574634416461739,0.00999940231310403,0.0615556130683463,0.0998206139438459,0.0919704254984055,0.0496470945409032,0.0134656121979994,-1,-1,-1,-1,-1,-1
24657,1,-1,-1,-1,-1,-1,-1,-1,-1,-1,-1,-1,-1,-1,-1,-1,-1,-1,-1,-1,-1,-1,-1,-1,-1,-1,-0.00217266708956754,0.0240521645345887,0.0525179240540512,0.0588453607646915,0.0478202649914197,0.0394146623673775,0.0354207559502324,0.0209636757830174,-0.00163699375351745,-0.00314413078178566,0.0342973852077391,0.0822572734108569,0.091378816318382,0.0524285406167659,0.0107520107430472,-1,-1,-1,-1,-1,-1
24656,1,-1,-1,-1,-1,-1,-1,-1,-1,-1,-1,-1,-1,-1,-1,-1,-1,-1,-1,-1,-1,-1,-1,-1,-1,-1,0.0392353444120736,0.0309860535635311,0.0185121783993971,0.00788704699986525,0.00383100463462566,0.0137820049774932,0.0484478622064489,0.107662306877889,0.166058402199903,0.184550817138268,0.1454680788212,0.0737601186680952,0.0155080015114963,-0.00550911471758375,-0.00378818738461606,-1,-1,-1,-1,-1,-1
24655,1,-1,-1,-1,-1,-1,-1,-1,-1,-1,-1,-1,-1,-1,-1,-1,-1,-1,-1,-1,-1,-1,-1,-1,-1,-1,0.0117510548635276,0.0484803588977438,0.0746738719553916,0.0548094402383681,0.0200886441338228,0.0201859525610852,0.0431171856710505,0.0331840916821962,-0.0116948028081945,-0.0134844593725678,0.0825788304414538,0.211310098764733,0.247419421440322,0.161712420355554,0.063335310084254,-1,-1,-1,-1,-1,-1
24654,1,-1,-1,-1,-1,-1,-1,-1,-1,-1,-1,-1,-1,-1,-1,-1,-1,-1,-1,-1,-1,-1,-1,-1,-1,-1,0.0233501747551122,0.0232675627256852,0.019042255902926,0.00871886053762738,-0.00291910428334793,-0.00871028813913255,-0.00607707825252699,0.00406226587747163,0.0239700790921893,0.0586169609390606,0.105332814410672,0.148114320624196,0.168965611158029,0.166221388762099,0.15669751157334,-1,-1,-1,-1,-1,-1
24653,1,-1,-1,-1,-1,-1,-1,-1,-1,-1,-1,-1,-1,-1,-1,-1,-1,-1,-1,-1,-1,-1,-1,-1,-1,-1,0.0585489480975569,0.0468536764870092,0.0346346848977031,0.0310403353123041,0.0288384331058978,0.0226131722935802,0.0283141823201058,0.0595447542052675,0.0891014417788781,0.067086927360776,-0.00539650356877003,-0.0451895858792463,0.0334433422959158,0.206171785746382,0.34314084044648,-1,-1,-1,-1,-1,-1
24652,1,-1,-1,-1,-1,-1,-1,-1,-1,-1,-1,-1,-1,-1,-1,-1,-1,-1,-1,-1,-1,-1,-1,-1,-1,-1,0.0811579639986884,0.0811579639986427,0.0811579639985874,0.0811579639986351,0.0811579639989359,0.0811579639995764,0.0811579640004746,0.0811579640013946,0.0811579640020784,0.0811579640024098,0.0811579640024644,0.0811579640024255,0.0811579640024327,0.0811579640025049,0.0811579640025697,-1,-1,-1,-1,-1,-1
24651,1,-1,-1,-1,-1,-1,-1,-1,-1,-1,-1,-1,-1,-1,-1,-1,-1,-1,-1,-1,-1,-1,-1,-1,-1,-1,0.0761206498153195,0.0650766647007729,0.0474404589993127,0.0328595088492589,0.0296485003159977,0.0388839089316426,0.0540910202800075,0.0663530322881507,0.0703367888878733,0.0661001495862766,0.0561505244741851,0.0422235067003746,0.0257096665786162,0.01018785139865,0.00096982900626108,-1,-1,-1,-1,-1,-1
24650,1,-1,-1,-1,-1,-1,-1,-1,-1,-1,-1,-1,-1,-1,-1,-1,-1,-1,-1,-1,-1,-1,-1,-1,-1,-1,0.0230571656244093,0.0233677071058823,0.0238196833118466,0.0248003452350913,0.0275369980082724,0.0328439380272403,0.03981902223968,0.046559291034392,0.0522751091628399,0.0579985919430284,0.0647689108670486,0.0716612405394012,0.0764310116959096,0.0780816621357358,0.0779760810071853,-1,-1,-1,-1,-1,-1
24649,1,-1,-1,-1,-1,-1,-1,-1,-1,-1,-1,-1,-1,-1,-1,-1,-1,-1,-1,-1,-1,-1,-1,-1,-1,-1,0.00380010426092359,0.0101169610801983,0.0148332824604613,0.0136947272972234,0.014451005305089,0.02479023293732,0.0363185124364891,0.030928557127063,0.00494176046475103,-0.0214203236912713,-0.024874965205794,-0.00524833114484413,0.0162947280017163,0.0235852522901194,0.0211931230737292,-1,-1,-1,-1,-1,-1
24648,1,-1,-1,-1,-1,-1,-1,-1,-1,-1,-1,-1,-1,-1,-1,-1,-1,-1,-1,-1,-1,-1,-1,-1,-1,-1,0.00266401654334398,0.00887599603196861,0.0204951120997427,0.0347855909424647,0.0495631658769375,0.0651916694013077,0.0831808588153626,0.10217227469866,0.11587947234735,0.116874945631259,0.103733207759091,0.0839010183198359,0.0681200380919089,0.0615534940258751,0.060997963528302,-1,-1,-1,-1,-1,-1
24647,1,-1,-1,-1,-1,-1,-1,-1,-1,-1,-1,-1,-1,-1,-1,-1,-1,-1,-1,-1,-1,-1,-1,-1,-1,-1,-0.00412471453843044,0.00195973012074724,0.00375002155447934,-0.00304835690801286,-0.00508946717377301,0.0112980473784536,0.0367414606087224,0.0465126781656572,0.0328076757726334,0.0166630986516565,0.0198590096197998,0.0339735258808613,0.030943861853425,0.00291715954224236,-0.0243778721361069,-1,-1,-1,-1,-1,-1
24646,1,-1,-1,-1,-1,-1,-1,-1,-1,-1,-1,-1,-1,-1,-1,-1,-1,-1,-1,-1,-1,-1,-1,-1,-1,-1,-0.0956178078123041,-0.0780358955698148,-0.0463833978535558,-0.0100791594224051,0.0213393562113754,0.0433873001344137,0.0559976406505499,0.0582684194991443,0.0465744643660145,0.0220354099974461,-0.000177177346525059,0.00441007241421315,0.0476983486922402,0.110674523569672,0.154488447310615,-1,-1,-1,-1,-1,-1
24645,1,-1,-1,-1,-1,-1,-1,-1,-1,-1,-1,-1,-1,-1,-1,-1,-1,-1,-1,-1,-1,-1,-1,-1,-1,-1,-0.0257182455234373,0.00623058491503681,0.0335891275538915,0.0348700731037065,0.0447739899010008,0.0984970078054446,0.158085096600135,0.147058799742004,0.0621209338678227,0.000337263125988363,0.0424595201292621,0.140023447158455,0.16814834392419,0.0867663877943932,-0.00668683150933558,-1,-1,-1,-1,-1,-1
24644,1,-1,-1,-1,-1,-1,-1,-1,-1,-1,-1,-1,-1,-1,-1,-1,-1,-1,-1,-1,-1,-1,-1,-1,-1,-1,-0.092067065557613,-0.0448475056773706,0.0331448896713535,0.104191314488302,0.134922845972122,0.120041671542572,0.0828734868424988,0.0534414840267758,0.0447595255112927,0.0502143063343145,0.0614811121726278,0.0825193139767243,0.120999313684532,0.168938992458847,0.201866811995673,-1,-1,-1,-1,-1,-1
11877,1,-1,-1,-1,-1,-1,-1,-1,-1,-1,-1,-1,-1,-1,-1,-1,-1,-1,-1,-1,-1,-1,-1,-1,-1,-1,0.290106114466513,0.248311393287268,0.182607662440067,0.124391508155525,0.0916803416376539,0.0791365089081517,0.0717109943069079,0.0615283648003704,0.0512328123692738,0.0457206202408693,0.0449815462888352,0.0448981495733181,0.0421871235189863,0.0372743022247231,0.0333871490718494,-1,-1,-1,-1,-1,-1
23485,1,-1,-1,-1,-1,-1,-1,-1,-1,-1,-1,-1,-1,-1,-1,-1,-1,-1,-1,-1,-1,-1,-1,-1,-1,-1,-1,-1,-1,-1,0.00681749796104381,0.00681749796104386,0.00681749796104386,0.00681749796104381,0.00681749796104386,0.00681749796104381,-0.0089458466278457,-0.00894584662784575,-0.0089458466278457,-0.151700455119231,0.0375840426459671,-0.210010347615243,0.289941023498369,-0.0936463783544007,-0.0189885755566058,0.0734828299488582,0.0733378605522866
11885,1,-1,-1,-1,-1,-1,-1,-1,-1,-1,-1,-1,-1,-1,-1,-1,-1,-1,-1,-1,-1,-1,-1,-1,-1,-1,-1,-1,-1,-1,0.142166767833254,0.130975027398921,0.111627644278596,0.0915026484686976,0.0774677096914143,0.0717219846734005,0.0712988045392007,0.0706717821473235,0.0655533835351729,0.0556329641457518,0.0447121145560967,0.0379179159520286,-1,-1,-1,-1,-1
11881,1,-1,-1,-1,-1,-1,-1,-1,-1,-1,-1,-1,-1,-1,-1,-1,-1,-1,-1,-1,-1,-1,-1,-1,-1,-1,-1,-1,-1,-1,0.214578675440332,0.206375506635852,0.188052614733163,0.161458079997728,0.133166323784302,0.110766137302959,0.097573160812928,0.0908179033067995,0.0854256065061401,0.0794528462431638,0.0751945621229975,-1,-1,-1,-1,-1,-1
11883,1,-1,-1,-1,-1,-1,-1,-1,-1,-1,-1,-1,-1,-1,-1,-1,-1,-1,-1,-1,-1,-1,-1,-1,-1,-1,-1,-1,-1,-1,-1,-1,0.114106228035137,0.114106228035137,0.114106228035137,0.114106228035137,0.114106228035137,0.114106228035137,0.114106228035137,0.114106228035137,-1,-1,-1,-1,-1,-1,-1
11875,1,-1,-1,-1,-1,-1,-1,-1,-1,-1,-1,-1,-1,-1,-1,-1,-1,-1,-1,-1,-1,-1,-1,-1,-1,-1,-1,-1,-1,-1,-1,-1,0.065773690109344,-1,-1,-1,-1,-1,-1,-1,-1,-1,-1,-1,-1,-1,-1
24687,1,-1,-1,-1,-1,-1,-1,-1,-1,-1,-1,-1,-1,-1,-1,-1,-1,-1,-1,-1,-1,-1,-1,-1,-1,-1,-1,-1,-1,-1,-1,-1,-1,-1,0.0827036375438504,0.0827036375441999,0.0827036375447017,0.0827036375450249,0.0827036375449892,0.0827036375447124,0.08270363754448,-1,-1,-1,-1,-1,-1
24643,1,-1,-1,-1,-1,-1,-1,-1,-1,-1,-1,-1,-1,-1,-1,-1,-1,-1,-1,-1,-1,-1,-1,-1,-1,-1,-1,-1,-1,-1,-1,-1,-1,-1,-0.00199274647303744,-0.0032526771666474,-0.0013071045956872,0.00940453561433239,0.0293887847631287,0.0514451192946455,0.0652221655308848,-1,-1,-1,-1,-1,-1
23279,1,-1,-1,-1,-1,-1,-1,-1,-1,-1,-1,-1,-1,-1,-1,-1,-1,-1,-1,-1,-1,-1,-1,-1,-1,-1,-1,-1,-1,-1,-1,-1,-1,-1,-1,-1,0.0612243868876452,0.0612243868862696,0.0612243868839952,0.0612243868817461,0.0612243868801703,0.0612243868793163,0.0612243868789533,0.0612243868789382,0.0612243868792308,0.0612243868796727,0.0612243868799789
23480,1,-1,-1,-1,-1,-1,-1,-1,-1,-1,-1,-1,-1,-1,-1,-1,-1,-1,-1,-1,-1,-1,-1,-1,-1,-1,-1,-1,-1,-1,-1,-1,-1,-1,-1,-1,-1,0.073620007963259,0.111327795610374,0.111443990393738,0.0178815068581741,-0.126891141763902,-0.207951311238016,-0.144757629937923,0.0223337603452283,0.158176340967581,-1
24686,1,-1,-1,-1,-1,-1,-1,-1,-1,-1,-1,-1,-1,-1,-1,-1,-1,-1,-1,-1,-1,-1,-1,-1,-1,-1,-1,-1,-1,-1,-1,-1,-1,-1,-1,-1,-1,-1,-1,0,0.1249387366083,-1,-1,-1,-1,-1,-1
11884,1,-1,-1,-1,-1,-1,-1,-1,-1,-1,-1,-1,-1,-1,-1,-1,-1,-1,-1,-1,-1,-1,-1,-1,-1,-1,-1,-1,-1,-1,-1,-1,-1,-1,-1,-1,-1,-1,-1,0.0666230351674222,0.0666230351674222,0.0666230351674217,-1,-1,-1,-1,-1
11880,1,-1,-1,-1,-1,-1,-1,-1,-1,-1,-1,-1,-1,-1,-1,-1,-1,-1,-1,-1,-1,-1,-1,-1,-1,-1,-1,-1,-1,-1,-1,-1,-1,-1,-1,-1,-1,-1,-1,-1,0.335792101923193,-1,-1,-1,-1,-1,-1
24750,1,-1,-1,-1,-1,-1,-1,-1,-1,-1,-1,-1,-1,-1,-1,-1,-1,-1,-1,-1,-1,-1,-1,-1,-1,-1,-1,-1,-1,-1,-1,-1,-1,-1,-1,-1,-1,-1,-1,-1,-1,-1,0.773130449008593,-0.0181322478160552,0.0922339683344049,-1,-1
24749,1,-1,-1,-1,-1,-1,-1,-1,-1,-1,-1,-1,-1,-1,-1,-1,-1,-1,-1,-1,-1,-1,-1,-1,-1,-1,-1,-1,-1,-1,-1,-1,-1,-1,-1,-1,-1,-1,-1,-1,-1,-1,-0.486021813954994,0.317617383565604,0.189120770543101,-1,-1
24748,1,-1,-1,-1,-1,-1,-1,-1,-1,-1,-1,-1,-1,-1,-1,-1,-1,-1,-1,-1,-1,-1,-1,-1,-1,-1,-1,-1,-1,-1,-1,-1,-1,-1,-1,-1,-1,-1,-1,-1,-1,-1,-0.0317293684788458,-0.0192800577731458,0.0320451122792529,-1,-1
24747,1,-1,-1,-1,-1,-1,-1,-1,-1,-1,-1,-1,-1,-1,-1,-1,-1,-1,-1,-1,-1,-1,-1,-1,-1,-1,-1,-1,-1,-1,-1,-1,-1,-1,-1,-1,-1,-1,-1,-1,-1,-1,0.0271229996392195,-0.00320782631037786,-0.0103757746923672,-1,-1
24746,1,-1,-1,-1,-1,-1,-1,-1,-1,-1,-1,-1,-1,-1,-1,-1,-1,-1,-1,-1,-1,-1,-1,-1,-1,-1,-1,-1,-1,-1,-1,-1,-1,-1,-1,-1,-1,-1,-1,-1,-1,-1,-0.301029995663981,-1,-1,-1,-1
24745,1,-1,-1,-1,-1,-1,-1,-1,-1,-1,-1,-1,-1,-1,-1,-1,-1,-1,-1,-1,-1,-1,-1,-1,-1,-1,-1,-1,-1,-1,-1,-1,-1,-1,-1,-1,-1,-1,-1,-1,-1,-1,-0.164813675045954,-0.174320846950177,0.253219893289538,-1,-1
24744,1,-1,-1,-1,-1,-1,-1,-1,-1,-1,-1,-1,-1,-1,-1,-1,-1,-1,-1,-1,-1,-1,-1,-1,-1,-1,-1,-1,-1,-1,-1,-1,-1,-1,-1,-1,-1,-1,-1,-1,-1,-1,0.0872672424643541,-0.0786670707024366,0.0398148408516226,-1,-1
24743,1,-1,-1,-1,-1,-1,-1,-1,-1,-1,-1,-1,-1,-1,-1,-1,-1,-1,-1,-1,-1,-1,-1,-1,-1,-1,-1,-1,-1,-1,-1,-1,-1,-1,-1,-1,-1,-1,-1,-1,-1,-1,-0.0476919903378748,0.303928523543798,-0.230930667941153,-1,-1
24742,1,-1,-1,-1,-1,-1,-1,-1,-1,-1,-1,-1,-1,-1,-1,-1,-1,-1,-1,-1,-1,-1,-1,-1,-1,-1,-1,-1,-1,-1,-1,-1,-1,-1,-1,-1,-1,-1,-1,-1,-1,-1,-1,-1,-1,-1,-1
24741,1,-1,-1,-1,-1,-1,-1,-1,-1,-1,-1,-1,-1,-1,-1,-1,-1,-1,-1,-1,-1,-1,-1,-1,-1,-1,-1,-1,-1,-1,-1,-1,-1,-1,-1,-1,-1,-1,-1,-1,-1,-1,-0.0457574905606751,-0.0511525224473813,0.267171728403014,-1,-1
24740,1,-1,-1,-1,-1,-1,-1,-1,-1,-1,-1,-1,-1,-1,-1,-1,-1,-1,-1,-1,-1,-1,-1,-1,-1,-1,-1,-1,-1,-1,-1,-1,-1,-1,-1,-1,-1,-1,-1,-1,-1,-1,0,-0.1249387366083,0.213074825308851,-1,-1
24739,1,-1,-1,-1,-1,-1,-1,-1,-1,-1,-1,-1,-1,-1,-1,-1,-1,-1,-1,-1,-1,-1,-1,-1,-1,-1,-1,-1,-1,-1,-1,-1,-1,-1,-1,-1,-1,-1,-1,-1,-1,-1,-0.02629859311844,0.0370619320516854,0.0195018973088745,-1,-1
24738,1,-1,-1,-1,-1,-1,-1,-1,-1,-1,-1,-1,-1,-1,-1,-1,-1,-1,-1,-1,-1,-1,-1,-1,-1,-1,-1,-1,-1,-1,-1,-1,-1,-1,-1,-1,-1,-1,-1,-1,-1,-1,0.00768893050987707,-0.00387198107884523,-0.0426414275972524,-1,-1
24737,1,-1,-1,-1,-1,-1,-1,-1,-1,-1,-1,-1,-1,-1,-1,-1,-1,-1,-1,-1,-1,-1,-1,-1,-1,-1,-1,-1,-1,-1,-1,-1,-1,-1,-1,-1,-1,-1,-1,-1,-1,-1,0.0358250563682723,0.0229384278133786,-0.0159941637714029,-1,-1
24736,1,-1,-1,-1,-1,-1,-1,-1,-1,-1,-1,-1,-1,-1,-1,-1,-1,-1,-1,-1,-1,-1,-1,-1,-1,-1,-1,-1,-1,-1,-1,-1,-1,-1,-1,-1,-1,-1,-1,-1,-1,-1,0.000505875982536819,-0.0479538882648,-0.00181050593383836,-1,-1
24735,1,-1,-1,-1,-1,-1,-1,-1,-1,-1,-1,-1,-1,-1,-1,-1,-1,-1,-1,-1,-1,-1,-1,-1,-1,-1,-1,-1,-1,-1,-1,-1,-1,-1,-1,-1,-1,-1,-1,-1,-1,-1,0.0621479067488444,0.0326859007568447,0.111369126298528,-1,-1
24734,1,-1,-1,-1,-1,-1,-1,-1,-1,-1,-1,-1,-1,-1,-1,-1,-1,-1,-1,-1,-1,-1,-1,-1,-1,-1,-1,-1,-1,-1,-1,-1,-1,-1,-1,-1,-1,-1,-1,-1,-1,-1,0.103689717941284,-0.0366188618959137,0.109502684550049,-1,-1
24733,1,-1,-1,-1,-1,-1,-1,-1,-1,-1,-1,-1,-1,-1,-1,-1,-1,-1,-1,-1,-1,-1,-1,-1,-1,-1,-1,-1,-1,-1,-1,-1,-1,-1,-1,-1,-1,-1,-1,-1,-1,-1,0.0325973147391675,0.0220273891134541,-0.0151879645831486,-1,-1
24732,1,-1,-1,-1,-1,-1,-1,-1,-1,-1,-1,-1,-1,-1,-1,-1,-1,-1,-1,-1,-1,-1,-1,-1,-1,-1,-1,-1,-1,-1,-1,-1,-1,-1,-1,-1,-1,-1,-1,-1,-1,-1,1.05037398417751,0.00874275372850664,0.098885493295983,-1,-1
24731,1,-1,-1,-1,-1,-1,-1,-1,-1,-1,-1,-1,-1,-1,-1,-1,-1,-1,-1,-1,-1,-1,-1,-1,-1,-1,-1,-1,-1,-1,-1,-1,-1,-1,-1,-1,-1,-1,-1,-1,-1,-1,0.0613455889852745,-0.0170333392987803,0.0709977969934237,-1,-1
24730,1,-1,-1,-1,-1,-1,-1,-1,-1,-1,-1,-1,-1,-1,-1,-1,-1,-1,-1,-1,-1,-1,-1,-1,-1,-1,-1,-1,-1,-1,-1,-1,-1,-1,-1,-1,-1,-1,-1,-1,-1,-1,-0.0681120379590823,0.0558126711425586,0.0179417894714708,-1,-1
24729,1,-1,-1,-1,-1,-1,-1,-1,-1,-1,-1,-1,-1,-1,-1,-1,-1,-1,-1,-1,-1,-1,-1,-1,-1,-1,-1,-1,-1,-1,-1,-1,-1,-1,-1,-1,-1,-1,-1,-1,-1,-1,0.0190331639309986,-0.0058475190536984,-0.0647726790986993,-1,-1
24728,1,-1,-1,-1,-1,-1,-1,-1,-1,-1,-1,-1,-1,-1,-1,-1,-1,-1,-1,-1,-1,-1,-1,-1,-1,-1,-1,-1,-1,-1,-1,-1,-1,-1,-1,-1,-1,-1,-1,-1,-1,-1,0.0174246543712708,0.136866149179141,-0.035984733800384,-1,-1
24727,1,-1,-1,-1,-1,-1,-1,-1,-1,-1,-1,-1,-1,-1,-1,-1,-1,-1,-1,-1,-1,-1,-1,-1,-1,-1,-1,-1,-1,-1,-1,-1,-1,-1,-1,-1,-1,-1,-1,-1,-1,-1,-0.0414361167780326,0.00285721084448082,0.0493027713253248,-1,-1
24726,1,-1,-1,-1,-1,-1,-1,-1,-1,-1,-1,-1,-1,-1,-1,-1,-1,-1,-1,-1,-1,-1,-1,-1,-1,-1,-1,-1,-1,-1,-1,-1,-1,-1,-1,-1,-1,-1,-1,-1,-1,-1,-0.000729294011686754,-0.0190995029176133,0.0181861598219866,-1,-1
24725,1,-1,-1,-1,-1,-1,-1,-1,-1,-1,-1,-1,-1,-1,-1,-1,-1,-1,-1,-1,-1,-1,-1,-1,-1,-1,-1,-1,-1,-1,-1,-1,-1,-1,-1,-1,-1,-1,-1,-1,-1,-1,0.22193246096625,-0.00990539124859247,0.00776569522577253,-1,-1
24724,1,-1,-1,-1,-1,-1,-1,-1,-1,-1,-1,-1,-1,-1,-1,-1,-1,-1,-1,-1,-1,-1,-1,-1,-1,-1,-1,-1,-1,-1,-1,-1,-1,-1,-1,-1,-1,-1,-1,-1,-1,-1,-0.0457574905606751,-0.0248235837250322,-1,-1,-1
24723,1,-1,-1,-1,-1,-1,-1,-1,-1,-1,-1,-1,-1,-1,-1,-1,-1,-1,-1,-1,-1,-1,-1,-1,-1,-1,-1,-1,-1,-1,-1,-1,-1,-1,-1,-1,-1,-1,-1,-1,-1,-1,-0.00172398282304753,0.0410080445056908,-1,-1,-1
24722,1,-1,-1,-1,-1,-1,-1,-1,-1,-1,-1,-1,-1,-1,-1,-1,-1,-1,-1,-1,-1,-1,-1,-1,-1,-1,-1,-1,-1,-1,-1,-1,-1,-1,-1,-1,-1,-1,-1,-1,-1,-1,-0.559207491410694,-0.178429323824646,0.200589113760792,-1,-1
24721,1,-1,-1,-1,-1,-1,-1,-1,-1,-1,-1,-1,-1,-1,-1,-1,-1,-1,-1,-1,-1,-1,-1,-1,-1,-1,-1,-1,-1,-1,-1,-1,-1,-1,-1,-1,-1,-1,-1,-1,-1,-1,-0.0791812460476248,0,-1,-1,-1
24720,1,-1,-1,-1,-1,-1,-1,-1,-1,-1,-1,-1,-1,-1,-1,-1,-1,-1,-1,-1,-1,-1,-1,-1,-1,-1,-1,-1,-1,-1,-1,-1,-1,-1,-1,-1,-1,-1,-1,-1,-1,-1,0,0.00123907211554841,0.0175802648280552,-1,-1
24719,1,-1,-1,-1,-1,-1,-1,-1,-1,-1,-1,-1,-1,-1,-1,-1,-1,-1,-1,-1,-1,-1,-1,-1,-1,-1,-1,-1,-1,-1,-1,-1,-1,-1,-1,-1,-1,-1,-1,-1,-1,-1,0.0878643603998321,0.0408498687367393,0.00820738407354837,-1,-1
24718,1,-1,-1,-1,-1,-1,-1,-1,-1,-1,-1,-1,-1,-1,-1,-1,-1,-1,-1,-1,-1,-1,-1,-1,-1,-1,-1,-1,-1,-1,-1,-1,-1,-1,-1,-1,-1,-1,-1,-1,-1,-1,0.112442535354292,0.030089022712255,-0.0172303700067085,-1,-1
24717,1,-1,-1,-1,-1,-1,-1,-1,-1,-1,-1,-1,-1,-1,-1,-1,-1,-1,-1,-1,-1,-1,-1,-1,-1,-1,-1,-1,-1,-1,-1,-1,-1,-1,-1,-1,-1,-1,-1,-1,-1,-1,0.13421389816359,0.0317377295412111,-0.0532950748042808,-1,-1
24716,1,-1,-1,-1,-1,-1,-1,-1,-1,-1,-1,-1,-1,-1,-1,-1,-1,-1,-1,-1,-1,-1,-1,-1,-1,-1,-1,-1,-1,-1,-1,-1,-1,-1,-1,-1,-1,-1,-1,-1,-1,-1,-0.00100363386227809,0.00100363386227809,0,-1,-1
24715,1,-1,-1,-1,-1,-1,-1,-1,-1,-1,-1,-1,-1,-1,-1,-1,-1,-1,-1,-1,-1,-1,-1,-1,-1,-1,-1,-1,-1,-1,-1,-1,-1,-1,-1,-1,-1,-1,-1,-1,-1,-1,0.159223333768386,0,0,-1,-1
24714,1,-1,-1,-1,-1,-1,-1,-1,-1,-1,-1,-1,-1,-1,-1,-1,-1,-1,-1,-1,-1,-1,-1,-1,-1,-1,-1,-1,-1,-1,-1,-1,-1,-1,-1,-1,-1,-1,-1,-1,-1,-1,0.0521780116650716,0.00272285833547325,-0.0770151842911171,-1,-1
24713,1,-1,-1,-1,-1,-1,-1,-1,-1,-1,-1,-1,-1,-1,-1,-1,-1,-1,-1,-1,-1,-1,-1,-1,-1,-1,-1,-1,-1,-1,-1,-1,-1,-1,-1,-1,-1,-1,-1,-1,-1,-1,0.143594893494184,-0.00324551673051876,0.0579861296637325,-1,-1
24712,1,-1,-1,-1,-1,-1,-1,-1,-1,-1,-1,-1,-1,-1,-1,-1,-1,-1,-1,-1,-1,-1,-1,-1,-1,-1,-1,-1,-1,-1,-1,-1,-1,-1,-1,-1,-1,-1,-1,-1,-1,-1,-0.040453320266581,-0.082165946510768,0.0543221628621773,-1,-1
24711,1,-1,-1,-1,-1,-1,-1,-1,-1,-1,-1,-1,-1,-1,-1,-1,-1,-1,-1,-1,-1,-1,-1,-1,-1,-1,-1,-1,-1,-1,-1,-1,-1,-1,-1,-1,-1,-1,-1,-1,-1,-1,-0.00642114618451362,-0.00397201494241894,0.00395905112152262,-1,-1
24710,1,-1,-1,-1,-1,-1,-1,-1,-1,-1,-1,-1,-1,-1,-1,-1,-1,-1,-1,-1,-1,-1,-1,-1,-1,-1,-1,-1,-1,-1,-1,-1,-1,-1,-1,-1,-1,-1,-1,-1,-1,-1,0,0,-1,-1,-1
24709,1,-1,-1,-1,-1,-1,-1,-1,-1,-1,-1,-1,-1,-1,-1,-1,-1,-1,-1,-1,-1,-1,-1,-1,-1,-1,-1,-1,-1,-1,-1,-1,-1,-1,-1,-1,-1,-1,-1,-1,-1,-1,-0.024538239114305,-0.0155281145890873,-0.0219882466788019,-1,-1
24708,1,-1,-1,-1,-1,-1,-1,-1,-1,-1,-1,-1,-1,-1,-1,-1,-1,-1,-1,-1,-1,-1,-1,-1,-1,-1,-1,-1,-1,-1,-1,-1,-1,-1,-1,-1,-1,-1,-1,-1,-1,-1,0.00532883350506697,0,0.0848813059279391,-1,-1
24707,1,-1,-1,-1,-1,-1,-1,-1,-1,-1,-1,-1,-1,-1,-1,-1,-1,-1,-1,-1,-1,-1,-1,-1,-1,-1,-1,-1,-1,-1,-1,-1,-1,-1,-1,-1,-1,-1,-1,-1,-1,-1,0.0495133606495357,-0.0743223464860636,-0.218011969877536,-1,-1
24706,1,-1,-1,-1,-1,-1,-1,-1,-1,-1,-1,-1,-1,-1,-1,-1,-1,-1,-1,-1,-1,-1,-1,-1,-1,-1,-1,-1,-1,-1,-1,-1,-1,-1,-1,-1,-1,-1,-1,-1,-1,-1,-0.0581298401307433,0.00291400099965156,-0.818039623397346,-1,-1
24705,1,-1,-1,-1,-1,-1,-1,-1,-1,-1,-1,-1,-1,-1,-1,-1,-1,-1,-1,-1,-1,-1,-1,-1,-1,-1,-1,-1,-1,-1,-1,-1,-1,-1,-1,-1,-1,-1,-1,-1,-1,-1,0.136306887669434,-0.039245841976182,-0.0116308503686258,-1,-1
24704,1,-1,-1,-1,-1,-1,-1,-1,-1,-1,-1,-1,-1,-1,-1,-1,-1,-1,-1,-1,-1,-1,-1,-1,-1,-1,-1,-1,-1,-1,-1,-1,-1,-1,-1,-1,-1,-1,-1,-1,-1,-1,0.116701641147767,0.0366974314159321,-0.000431612355155986,-1,-1
24703,1,-1,-1,-1,-1,-1,-1,-1,-1,-1,-1,-1,-1,-1,-1,-1,-1,-1,-1,-1,-1,-1,-1,-1,-1,-1,-1,-1,-1,-1,-1,-1,-1,-1,-1,-1,-1,-1,-1,-1,-1,-1,0.105803726168039,0.0608203033157644,-0.0886925525918856,-1,-1
24702,1,-1,-1,-1,-1,-1,-1,-1,-1,-1,-1,-1,-1,-1,-1,-1,-1,-1,-1,-1,-1,-1,-1,-1,-1,-1,-1,-1,-1,-1,-1,-1,-1,-1,-1,-1,-1,-1,-1,-1,-1,-1,-0.288567728445432,-0.112034444762539,-0.43869592051877,-1,-1
24701,1,-1,-1,-1,-1,-1,-1,-1,-1,-1,-1,-1,-1,-1,-1,-1,-1,-1,-1,-1,-1,-1,-1,-1,-1,-1,-1,-1,-1,-1,-1,-1,-1,-1,-1,-1,-1,-1,-1,-1,-1,-1,0.0299632233774433,0.0280287236002434,-1,-1,-1
24700,1,-1,-1,-1,-1,-1,-1,-1,-1,-1,-1,-1,-1,-1,-1,-1,-1,-1,-1,-1,-1,-1,-1,-1,-1,-1,-1,-1,-1,-1,-1,-1,-1,-1,-1,-1,-1,-1,-1,-1,-1,-1,0.080480292373333,0,0.0231893042820202,-1,-1
24699,1,-1,-1,-1,-1,-1,-1,-1,-1,-1,-1,-1,-1,-1,-1,-1,-1,-1,-1,-1,-1,-1,-1,-1,-1,-1,-1,-1,-1,-1,-1,-1,-1,-1,-1,-1,-1,-1,-1,-1,-1,-1,-0.00956548925092293,-0.00897863569965929,-0.112016625207369,-1,-1
24698,1,-1,-1,-1,-1,-1,-1,-1,-1,-1,-1,-1,-1,-1,-1,-1,-1,-1,-1,-1,-1,-1,-1,-1,-1,-1,-1,-1,-1,-1,-1,-1,-1,-1,-1,-1,-1,-1,-1,-1,-1,-1,-0.276955008356555,-0.0494098065027984,0.629920834573059,-1,-1
24697,1,-1,-1,-1,-1,-1,-1,-1,-1,-1,-1,-1,-1,-1,-1,-1,-1,-1,-1,-1,-1,-1,-1,-1,-1,-1,-1,-1,-1,-1,-1,-1,-1,-1,-1,-1,-1,-1,-1,-1,-1,-1,0.0903597680835278,-0.510155682989232,0.700089320630623,-1,-1
5819,1,-0.159700842867512,0,-0.213879819945081,0.698970004336019,-0.00796892967127538,-0.477121254719662,-0.109144469425068,0.0843208857000359,0.149762320333332,0.151267675330649,0.294595885658571,-0.294595885658571,-0.32735893438633,-0.0579919469776868,0,0.154901959985743,0.322219294733919,-0.243038048686294,-0.301029995663981,-1,-1,-1,-1,-1,-1,-1,-1,-1,-1,-1,-1,-1,-1,-1,-1,-1,-1,-1,-1,-1,-1,-1,-1,-1,-1,-1
5820,1,-0.184615878471416,-0.0737338870978818,0.211661400438671,0.407324602499561,0.288650787905462,-0.111027823331654,-0.528533222816438,-0.713017053811464,-0.645069580157309,-0.519854480408425,-1,-1,-1,-1,-1,-1,-1,-1,-1,-1,-1,-1,-1,-1,-1,-1,-1,-1,-1,-1,-1,-1,-1,-1,-1,-1,-1,-1,-1,-1,-1,-1,-1,-1,-1,-1
23532,1,-0.251480490199167,-0.156859971172139,-0.00824508381204669,0.118872197540357,0.172672807129009,0.149956121242973,0.0813130428070803,0.00844739031249686,-0.0392749444048683,-0.0637794350038732,-0.0870995975834306,-0.109680602086908,-0.0937110991546377,-0.011036914935461,0.0994570793119545,0.153789114597412,0.111962981894232,0.0215865523310663,-0.0419027896472142,-0.0577406692816789,-0.0618718395734823,-0.0852779140651787,-0.124569789386035,-0.171212508701101,-0.230895845507564,-0.293119130413895,-0.306453794873683,-0.217893745259482,-0.037945499135674,0.153916400522122,0.274659565866004,0.297928216829956,0.250259726021984,0.168514181782868,0.0762610010430218,-0.00894551556759504,-0.0690345722125039,-0.0962260795126926,-0.101517113925258,-1,-1,-1,-1,-1,-1,-1
1356,1,-1,-1,-1,-1,-1,-0.0141329152796468,-0.0141329152796468,-0.0141329152796468,-0.0141329152796468,-0.0141329152796468,-0.0141329152796477,-0.0141329152796468,-0.0141329152796468,-0.0141329152796468,-0.0141329152796468,-0.00998130267922015,-0.00998130267921926,-0.00998130267921926,-0.00998130267921926,-0.00998130267922015,-0.00998130267921926,-0.00998130267921926,-0.00998130267921926,-0.00998130267922015,-0.00998130267921926,-0.00998130267921926,-0.00998130267922015,-0.00998130267921926,-0.00998130267921926,-0.00998130267921926,-0.00998130267922015,-1,-1,-1,-1,-1,-1,-1,-1,-1,-1,-1,-1,-1,-1,-1
23533,1,-1,-1,-1,-1,-1,-1,-1,-1,-1,-1,-1,-1,-1,-1,-1,-1,-1,-1,-1,-1,-1,-1,-1,-1,-1,-1,-1,-1,-1,-1,-1,-1,-1,-1,-1,-1,-1,0,-0.165367393663908,-0.251056020702143,0.0972873323748471,0.0972873323748473,-0.477121254719663,0.909823369650912,-0.011281010409689,-1
7353,1,0.0399711417732795,-0.0072154910791625,-0.0364229604731659,-0.00513859061521498,0.0365224942448417,0.0205930932092532,-0.030490032065521,-0.0351539365516002,0.0184837220152582,0.0469504236846731,-0.000800356583316092,-0.054405145147302,-0.0219581701106292,0.0577622858415141,0.0515846308854815,-0.0643873835115627,-0.121221345593889,0.0532018875397086,0.397152111363727,0.65225356547599,0.629121608398876,0.364147582956361,0.139053681652385,0.0154506096555314,-0.0419410048641451,-1,-1,-1,-1,-1,-1,-1,-1,-1,-1,-1,-1,-1,-1,-1,-1,-1,-1,-1,-1,-1
1362,1,-1,-0.0250858329719983,-0.0250858329719983,-0.0250858329719987,-0.0250858329719983,-0.0250858329719983,-0.0250858329719987,-0.0250858329719983,-0.0250858329719983,-0.0250858329719987,-0.0250858329719983,-0.0250858329719983,-0.0250858329719987,0.0190769869100311,0.0190769869100311,0.0190769869100311,0.0190769869100311,0.0190769869100311,0.0190769869100311,0.0190769869100311,-1,-1,-1,-1,-1,-1,-1,-1,-1,-1,-1,-1,-1,-1,-1,-1,-1,-1,-1,-1,-1,-1,-1,-1,-1,-1
1363,1,-1,-1,-1,-1,-1,-1,-1,-1,-1,0.00148501193810624,0.00148501193810713,0.00148501193810624,0.00148501193810713,0.00148501193810624,0.00148501193810624,0.00148501193810713,0.00148501193810624,0.00148501193810713,0.00148501193810624,0.00148501193810713,0.00148501193810624,0.00148501193810713,-1,-1,-1,-1,-1,-1,-1,-1,-1,-1,-1,-1,-1,-1,-1,-1,-1,-1,-1,-1,-1,-1,-1,-1
1360,1,-1,-1,-1,0.0167191887332365,0.0167191887332828,0.0167191887335878,0.0167191887342573,0.0167191887350859,0.0167191887357364,0.0167191887360738,0.0167191887362322,0.0167191887363672,0.0167191887364724,-1,-1,-1,-1,-1,-1,-1,-1,-1,-1,-1,-1,-1,-1,-1,-1,-1,-1,-1,-1,-1,-1,-1,-1,-1,-1,-1,-1,-1,-1,-1,-1,-1
1359,1,-1,-1,-1,0.0961807867954603,0.0961807867956668,0.0961807867960758,0.0961807867965834,0.0961807867970305,0.0961807867972765,0.096180786797266,0.0961807867970604,0.0961807867968038,0.0961807867966434,-1,-1,-1,-1,-1,-1,-1,-1,-1,-1,-1,-1,-1,-1,-1,-1,-1,-1,-1,-1,-1,-1,-1,-1,-1,-1,-1,-1,-1,-1,-1,-1,-1
5192,1,-1,-1,-1,-1,-1,-1,-1,0.00814835728148045,0.00814835728148067,0.00814835728148067,0.00814835728148045,0.00814835728148067,0.00814835728148067,0.00814835728148045,0.0151663908190314,0.0151663908190312,0.0151663908190312,0.0151663908190312,0.0151663908190312,0.0151663908190314,0.0151663908190312,-1,-1,-1,-1,-1,-1,-1,-1,-1,-1,-1,-1,-1,-1,-1,-1,-1,-1,-1,-1,-1,-1,-1,-1,-1
5191,1,-1,-1,-1,-1,-1,-1,-1,0.0384064731846543,0.0384064731846543,0.0384064731846543,0.0384064731846543,0.0384064731846543,0.0384064731846541,0.0384064731846543,0.017848390944043,0.0178483909440428,0.0178483909440428,0.017848390944043,0.0178483909440428,0.0178483909440428,0.017848390944043,-1,-1,-1,-1,-1,-1,-1,-1,-1,-1,-1,-1,-1,-1,-1,-1,-1,-1,-1,-1,-1,-1,-1,-1,-1
5190,1,-1,-1,-1,-1,-1,-1,-1,0.0316926785166224,0.0316926785166223,0.0316926785166224,0.0316926785166223,0.0316926785166224,0.0316926785166223,0.0316926785166224,0.0516754051453705,0.0516754051453703,0.0516754051453705,0.0516754051453703,0.0516754051453705,0.0516754051453705,0.0516754051453703,0.0216194071944105,0.0216194071944105,0.0216194071944105,0.0216194071944107,0.0216194071944105,0.0216194071944105,0.0216194071944105,0.0216194071944105,0.0216194071944105,-1,-1,-1,-1,-1,-1,-1,-1,-1,-1,-1,-1,-1,-1,-1,-1
5710,1,-1,-1,-1,-1,-1,-1,-1,-1,-1,-1,-1,-1,0.0180971744994647,-0.0429175510213318,-0.0429175510213318,-0.0429175510213315,-0.0429175510213315,-0.036590588776463,-0.0508492009847591,-0.0508492009847593,-0.0719935982818356,-0.197976115170776,-0.197976115170776,-0.197976115170776,-0.197976115170776,-0.197976115170776,-0.197976115170775,-0.197976115170776,-0.197976115170775,-0.197976115170776,-1,-1,-1,-1,-1,-1,-1,-1,-1,-1,-1,-1,-1,-1,-1,-1
8323,1,-1,-1,-1,-1,-1,-1,-1,-1,-1,-1,-1,-1,-1,-1,0.0263389140564669,0.0277263426082608,0.0280957638405299,0.0258413074865942,0.0229783910356622,0.02301485093875,0.0263980619268693,0.0296578208789144,0.0296359086311115,0.0275287299013613,0.027595323222418,0.0320742653556882,0.0384427884155092,0.0420427380688784,0.0406824481345369,0.0361194328750276,0.0316280297988549,0.0290734834700865,0.0282952391072033,0.0282780451740674,-1,-1,-1,-1,-1,-1,-1,-1,-1,-1,-1,-1
6426,1,-1,-1,-1,-1,-1,-1,-1,-1,-1,-1,-1,-1,-1,-1,-1,0.0457422828151544,0.0503131085897055,0.0554114781917174,0.0558045498421855,0.0501589319878586,0.0413145054774484,0.032276854193072,0.0235430258854283,0.0144425806670703,0.00569867108919642,-0.000513430573929607,-0.00286804619062697,-0.00247917103139317,-0.00205568237540454,-0.00384961089546199,-0.00835433585232881,-0.0143094343532459,-0.0195518201821165,-0.02234698993442,-1,-1,-1,-1,-1,-1,-1,-1,-1,-1,-1,-1
5712,1,-1,-1,-1,-1,-1,-1,-1,-1,-1,-1,-1,-1,-1,-1,-1,-1,-1,-1,-0.107064012838596,-0.0142404391146103,0.0543576623225926,0.0223947518887864,0.0223947518887866,0.0223947518887864,0.0223947518887866,0.0223947518887864,0.0097598372891563,0.00394856679580791,0.00394856679580813,0.00394856679580791,0.00394856679580791,0.0122344564170118,0.0177287669604316,-1,-1,-1,-1,-1,-1,-1,-1,-1,-1,-1,-1,-1
19088,1,-1,-1,-1,-1,-1,-1,-1,-1,-1,-1,-1,-1,-1,-1,-1,-1,-1,-1,-1,-1,-0.0294636589709146,0.00786371165623415,0.0279997739695729,-0.000649687353561079,-0.0300024597561926,-0.00755155937809492,0.0279551835121421,-0.00243233876119989,-0.0718464778292945,-0.0307143569753541,0.210751315356453,0.523545149809797,0.658871628482077,0.515678867226034,0.251571666770471,0.0969512180767347,0.106551326015686,0.150290087612917,0.120968312231124,0.0615277130037155,-1,-1,-1,-1,-1,-1
23649,1,-1,-1,-1,-1,-1,-1,-1,-1,-1,-1,-1,-1,-1,-1,-1,-1,-1,-1,-1,-1,-1,-1,0.0475219835065848,0.0475219835066154,0.0475219835066927,0.0475219835068348,0.0475219835070448,0.0475219835073202,0.0475219835076612,0.0475219835080605,0.0475219835085126,0.047521983509013,0.0475219835095375,0.0475219835100535,0.0475219835105265,0.0475219835109275,0.0475219835112619,0.0475219835115357,0.0475219835117875,0.0475219835120386,0.0475219835122873,0.0475219835124976,0.0475219835126404,0.047521983512705,-1,-1
23622,1,-1,-1,-1,-1,-1,-1,-1,-1,-1,-1,-1,-1,-1,-1,-1,-1,-1,-1,-1,-1,-1,-1,-0.000537038155918101,-0.000484994407194544,-0.000242732569529003,0.000342526649341285,0.00130231277133894,0.00264658908588281,0.00442720722959847,0.00670597833019446,0.00948550495647363,0.012616496348107,0.0158075509400566,0.01878820278781,0.0214802547672243,0.0239775854317334,0.0263592154238756,0.028563736801499,0.0302369065980999,0.0311140532510084,0.0313097135859611,0.0312353574904516,-1,-1,-1,-1
23505,1,-1,-1,-1,-1,-1,-1,-1,-1,-1,-1,-1,-1,-1,-1,-1,-1,-1,-1,-1,-1,-1,-1,0.0229476397454478,0.0229855784754246,0.0229372395504977,0.0227245521062624,0.0224253714395013,0.0220872868723113,0.0217521783026507,0.0211403065466866,0.0197658612900579,0.0173937095815472,0.0142878716029549,0.0109650288428691,0.00773656176725999,0.00453860690381641,0.00117603633537948,-0.00236445287581907,-0.00588449090862926,-0.00917857040781025,-0.0121512459613052,-0.0146996438566118,-0.0165750194787124,-0.0175180417922048,-1,-1
6549,1,-1,-1,-1,-1,-1,-1,-1,-1,-1,-1,-1,-1,-1,-1,-1,-1,-1,-1,-1,-1,-1,-1,-1,-1,-1,-1,-1,-1,-1,-1,-1,-1,-1,-0.127104798364808,0.453318340047038,-0.188500517037501,0.188500517037501,-1,-1,-1,-1,-1,-1,-1,-1,-1
23541,1,-1,-1,-1,-1,-1,-1,-1,-1,-1,-1,-1,-1,-1,-1,-1,-1,-1,-1,-1,-1,-1,-1,-1,-1,-1,-1,-1,-1,-1,-1,-1,-1,-1,-1,-1,-1,0.0643751350423518,0.0643751350424218,0.0643751350424588,0.06437513504235,0.0643751350420818,0.0643751350417572,0.06437513504151,0.0643751350413995,0.0643751350413828,-1
23663,1,-1,-1,-1,-1,-1,-1,-1,-1,-1,-1,-1,-1,-1,-1,-1,-1,-1,-1,-1,-1,-1,-1,-1,-1,-1,-1,-1,-1,-1,-1,-1,-1,-1,-1,-1,-1,-1,-1,-0.0227463281762446,-0.0227463281894849,-0.0227463282145208,-0.0227463282454128,-0.0227463282750342,-0.0227463282983109,-0.0227463283131155,-0.0227463283197353
1358,1,-1,-1,-1,-1,-1,-1,-1,-1,-1,-1,-0.0817870785947004,-0.0817870785946999,-0.0817870785947004,-0.0817870785946999,-0.0817870785947004,0.283996656365201,-0.0440228147639203,-0.0440228147639203,-0.0440228147639203,-0.0440228147639203,-0.050171665943997,-0.0501716659439966,-0.050171665943997,-0.050171665943997,-0.0501716659439966,-0.050171665943997,-1,-1,-1,-1,-1,-1,-1,-1,-1,-1,-1,-1,-1,-1,-1,-1,-1,-1,-1,-1
1357,1,-1,-1,-1,-1,-1,-1,-1,-1,-1,-1,-1,-1,-1,-1,-1,-1,-1,-1,-1,-1,-1,-1,-1,-1,-1,-1,-1,-0.0595856899842442,-0.0302239826058732,-1,-1,-1,-1,-1,-1,-1,-1,-1,-1,-1,-1,-1,-1,-1,-1,-1
5319,1,-1,-1,-1,-1,-1,-1,-1,-1,-1,-1,-1,-1,-1,-1,-1,0.0418513880269442,0.0418513880269442,0.0418513880269442,0.0418513880269442,0.0418513880269442,0.0418513880269442,0.0418513880269447,0.0418513880269442,0.0418513880269442,0.0418513880269442,0.0418513880269442,0.0418513880269442,0.0418513880269447,-1,-1,-1,-1,-1,-1,-1,-1,-1,-1,-1,-1,-1,-1,-1,-1,-1,-1
11090,1,-1,-1,-1,-1,-1,-1,-1,-1,-1,-1,-1,-1,-1,-1,-1,-1,-1,-1,-0.00978284772531568,-0.00978284772531568,-0.00978284772531568,-0.00978284772531568,-0.00978284772531568,-0.00978284772531524,-0.00978284772531568,-0.00978284772531568,-0.00978284772531568,-0.00978284772531568,-0.00978284772531568,-0.00978284772531568,-0.00978284772531568,-0.00978284772531568,-0.00978284772531524,-0.00978284772531568,-0.00978284772531568,-0.00978284772531568,-1,-1,-1,-1,-1,-1,-1,-1,-1,-1
11067,1,-1,-1,-1,-1,-1,-1,-1,-1,-1,-1,-1,-1,-1,-1,-1,-1,-1,-1,-1,0.311981948345637,-0.142624071948924,0.000903838998244533,-1,-1,-1,-1,-1,-1,-1,-1,-1,-1,-1,-1,-1,-1,-1,-1,-1,-1,-1,-1,-1,-1,-1,-1
11066,1,-1,-1,-1,-1,-1,-1,-1,-1,-1,-1,-1,-1,-1,-1,-1,-1,-1,-1,-1,0.746811498177397,-0.425786401154987,0.378555300220699,-1,-1,-1,-1,-1,-1,-1,-1,-1,-1,-1,-1,-1,-1,-1,-1,-1,-1,-1,-1,-1,-1,-1,-1
11065,1,-1,-1,-1,-1,-1,-1,-1,-1,-1,-1,-1,-1,-1,-1,-1,-1,-1,-1,-1,-0.186787933336494,-1,-1,-1,-1,-1,-1,-1,-1,-1,-1,-1,-1,-1,-1,-1,-1,-1,-1,-1,-1,-1,-1,-1,-1,-1,-1
11064,1,-1,-1,-1,-1,-1,-1,-1,-1,-1,-1,-1,-1,-1,-1,-1,-1,-1,-1,-1,-0.0858153176180621,-0.160419194508767,-0.160419194508767,-1,-1,-1,-1,-1,-1,-1,-1,-1,-1,-1,-1,-1,-1,-1,-1,-1,-1,-1,-1,-1,-1,-1,-1
11063,1,-1,-1,-1,-1,-1,-1,-1,-1,-1,-1,-1,-1,-1,-1,-1,-1,-1,-1,-1,0.137050354817194,-0.118170709626119,-0.118170709626119,-1,-1,-1,-1,-1,-1,-1,-1,-1,-1,-1,-1,-1,-1,-1,-1,-1,-1,-1,-1,-1,-1,-1,-1
11069,1,-1,-1,-1,-1,-1,-1,-1,-1,-1,-1,-1,-1,-1,-1,-1,-1,-1,-1,-1,-1,0.0971156581465681,0.0598290786493352,-1,-1,-1,-1,-1,-1,-1,-1,-1,-1,-1,-1,-1,-1,-1,-1,-1,-1,-1,-1,-1,-1,-1,-1
11068,1,-1,-1,-1,-1,-1,-1,-1,-1,-1,-1,-1,-1,-1,-1,-1,-1,-1,-1,-1,-1,-0.123509194560796,0.18049316986124,-1,-1,-1,-1,-1,-1,-1,-1,-1,-1,-1,-1,-1,-1,-1,-1,-1,-1,-1,-1,-1,-1,-1,-1
11062,1,-1,-1,-1,-1,-1,-1,-1,-1,-1,-1,-1,-1,-1,-1,-1,-1,-1,-1,-1,-1,-1,-0.301029995663981,-1,-1,-1,-1,-1,-1,-1,-1,-1,-1,-1,-1,-1,-1,-1,-1,-1,-1,-1,-1,-1,-1,-1,-1
1361,1,-1,-1,-1,-1,-1,-1,-1,-1,-1,-1,-1,-1,-1,-1,-1,-1,-1,-1,-1,-1,-1,-1,-1,-1,-0.277964691595288,-0.383216751851331,-1,-1,-1,-1,-1,-1,-1,-1,-1,-1,-1,-1,-1,-1,-1,-1,-1,-1,-1,-1
11089,1,-1,-1,-1,-1,-1,-1,-1,-1,-1,-1,-1,-1,-1,-1,-1,-1,-1,-1,-1,-1,-1,-1,-1,-1,-1,-1,-1,-1,-1,-1,-1,-1,-1,-1,-1,-1,-1,-0.098185474958299,0.0202759559743114,0.0142404391146103,-1,-1,-1,-1,-1,-1
23451,1,-1,-1,-1,-1,-1,-1,-1,-1,-1,-1,-1,-1,-1,-1,-1,-1,-1,-1,-1,-1,-1,-1,-1,-1,-1,-1,-1,-1,-0.00894747649379601,-0.00894747649379601,-0.00894747649379646,-0.00894747649379601,-0.00894747649379601,-0.00894747649379601,0.01681349900965,-0.0202557454206671,-0.00813962613879804,-0.00829509903088255,-0.00481217645779308,-0.0152973087490724,-0.015297308749072,-0.015297308749072,-1,-1,-1,-1
6550,1,-1,-1,-1,-1,-1,-1,-1,-1,-1,-1,-1,-1,-1,-1,-1,-1,-1,-1,-1,-1,-1,-1,-1,-1,-1,-1,-1,-1,-1,-1,-1,-1,-1,-0.048848567537817,0.0757207139381182,-0.0362121726544447,0.0931170239909174,-1,-1,-1,-1,-1,-1,-1,-1,-1
23605,1,-1,-1,-1,-1,-1,-1,-1,-1,-1,-1,-1,-1,-1,-1,-1,-1,-1,-1,-1,-1,-1,-1,-1,-1,-1,-1,-1,-1,-1,-1,-1,-1,-1,-1,-1,-1,-1,-1,-1,-0.238703403670113,-0.0263289387223491,-0.92329337308023,-0.322219294733919,0.619788758288394,-0.22767829327708,-1
