population_id,1970,1971,1972,1973,1974,1975,1976,1977,1978,1979,1980,1981,1982,1983,1984,1985,1986,1987,1988,1989,1990,1991,1992,1993,1994,1995,1996,1997,1998,1999,2000,2001,2002,2003,2004,2005,2006,2007,2008,2009,2010,2011,2012,2013,2014
1366,1,-0.0120070578032898,-0.0120070578032896,-0.0120070578032898,-0.0120070578032896,-0.0120070578032898,-0.0120070578032896,-0.0120070578032898,-0.0120070578032896,-0.0120070578032898,-0.0120070578032896,-0.0120070578032898,-0.0120070578032896,0.102059991327963,0.102059991327962,-0.602059991327962,0.243038048686294,-0.146128035678238,0,-0.698970004336019,0,0,0,0.301029995663981,0.301029995663981,-0.301029995663981,-0.301029995663981,0.698970004336019,-1,-1,-1,-1,-1,-1,-1,-1,-1,-1,-1,-1,-1,-1,-1,-1,-1
1364,1,-1,-1,-1,-1,-1,-1,-1,-1,-1,-1,-1,-0.0447877763324382,-0.0447877763324382,-0.044787776332438,-0.0447877763324382,-0.0447877763324382,-0.044787776332438,-0.0447877763324382,-0.0447877763324382,-0.044787776332438,-0.0447877763324382,-0.0447877763324382,-0.0447877763324381,-0.0447877763324381,-0.0447877763324382,-0.0447877763324382,-0.0447877763324381,-0.0447877763324381,-0.0447877763324381,-1,-1,-1,-1,-1,-1,-1,-1,-1,-1,-1,-1,-1,-1,-1
1367,1,-1,-1,-1,-1,-1,-1,-1,-1,-1,-1,-1,-1,-1,-1,-1,0,0,0,0,0,0,0.00488292113281386,0.00488292113281386,0.00488292113281386,0.00488292113281386,-0.116441697539312,-1,-1,-1,-1,-1,-1,-1,-1,-1,-1,-1,-1,-1,-1,-1,-1,-1,-1
1365,1,-1,-1,-1,-1,-1,-1,-1,-1,-1,-1,-1,-1,-1,-1,-1,-1,-0.0331563913186477,-0.0331563913186477,-0.0331563913186477,-0.0331563913186477,-0.167251695239644,-0.167251695239644,-0.167251695239644,-0.167251695239644,-0.0197953115119063,-0.0197953115119061,-0.0197953115119063,-0.0197953115119061,-1,-1,-1,-1,-1,-1,-1,-1,-1,-1,-1,-1,-1,-1,-1,-1
4885,1,-0.0796689252912914,-0.112336994390382,-0.12243430161164,-0.083664375900149,-0.0166059494728334,0.0269675989074714,0.0155208285903286,-0.0351678322691229,-0.0848212847642194,-0.108384716596664,-0.109765983556084,-0.105496325557385,-1,-1,-1,-1,-1,-1,-1,-1,-1,-1,-1,-1,-1,-1,-1,-1,-1,-1,-1,-1,-1,-1,-1,-1,-1,-1,-1,-1,-1,-1,-1,-1
4884,1,0.0356309943683968,0.0486781788188202,0.0168252862203306,-0.0111571236949324,-0.0170298859250597,-0.0121648869603104,-0.000607979633357125,0.0226882672054232,0.0447094879143108,0.037099355705897,-0.00678197864557473,-0.0586117476362495,-0.0887842423990037,-0.0967303705273868,-1,-1,-1,-1,-1,-1,-1,-1,-1,-1,-1,-1,-1,-1,-1,-1,-1,-1,-1,-1,-1,-1,-1,-1,-1,-1,-1,-1,-1,-1
18897,1,-1,-1,-1,-1,-1,-1,-1,-1,-1,-1,-1,-1,-1,-1,-1,-1,-1,-1,-1,-1,-1,-1,-1,-1,-1,-1,-1,0.0476947124171618,-0.0121166863911322,-0.0860310449705983,-0.116112860431081,-0.0937757962506034,-0.0503461448030988,0.000360419670676349,0.0723450773022811,0.151047409578268,0.157416195789887,0.00756882601237363,-0.279782156358676,-0.554151960276913,-0.638190289596064,-0.479587496097434,-0.204890122167173,-0.0132133413210408
12012,1,-1,-1,-1,-1,-1,-1,-1,-1,-1,-1,-1,-1,-1,-1,-1,-1,-1,-1,-1,-1,-1,-1,-1,-1,-1,-1,-1,-0.0234077040049265,-0.0410913199076819,-0.0680564341350953,-0.086717781396408,-0.0811978605181927,-0.0469561229537017,0.00729709637545062,0.0647963261997206,0.109340041289739,0.132321260785293,-1,-1,-1,-1,-1,-1,-1
1163,1,-0.0127744251178106,-0.0127744251178106,-0.0127744251178106,-0.0127744251178106,-0.0127744251178106,0.0367535272033468,0.0367535272033468,0.0367535272033468,0.0367535272033468,0.0367535272033463,-0.011498109727234,-0.0114981097272344,-0.0114981097272344,-0.0114981097272344,-0.011498109727234,-0.0146682024385529,-0.0146682024385525,-0.0146682024385529,-0.0146682024385525,-0.0146682024385529,-0.000635168434689692,-0.000635168434690137,-0.000635168434689692,-0.000635168434690137,-0.000635168434689692,-1,-1,-1,-1,-1,-1,-1,-1,-1,-1,-1,-1,-1,-1,-1,-1,-1,-1,-1
1162,1,-0.0492181509368748,-0.0301678616109435,0.00131921692103809,0.0282728403631314,0.0383329794224396,0.0377765567184984,0.0374061670757815,0.0300076996635799,0.00672166185521039,-0.0071073699910591,0.0248622192753802,0.0750320797166748,0.0525680365814924,-0.0718690450966348,-0.181806003077573,-0.135001208782105,0.0368040386800099,0.137775646715474,0.0532290074167245,-0.0953479432169182,-0.11218139722225,0.012629687828642,0.106516394006593,0.0611090501576159,-0.0402732754687798,-0.0747320599362471,-0.0515638803137861,-1,-1,-1,-1,-1,-1,-1,-1,-1,-1,-1,-1,-1,-1,-1,-1,-1
1160,1,-1,-1,-1,0.00895845993601485,0.0161465296100398,0.0209195945131673,0.0146688134840063,0.000651041932772323,-0.0115159908143276,-0.0185964700601273,-0.024940800802228,-0.0319638903526966,-0.0328489483811842,-0.0210281019572607,0.00168901895324014,0.0303910687580893,0.0464739027103427,0.037235627203704,0.00410344613416935,-0.0417794890918377,-0.0856991356278183,-0.114138711623044,-0.120283351276273,-0.108294004619948,-0.0903933916757453,-0.0774110578944827,-0.0721656510837354,-1,-1,-1,-1,-1,-1,-1,-1,-1,-1,-1,-1,-1,-1,-1,-1,-1
1161,1,-1,-1,-1,-1,-1,0.0519274621011512,0.0519274621011516,0.0519274621011512,0.0519274621011512,0.0519274621011512,-0.109031027998298,-0.109031027998298,-0.109031027998298,-0.109031027998298,-0.109031027998298,0.0974326386027604,0.0974326386027609,0.0974326386027604,0.0974326386027609,0.0974326386027604,-0.121913918621341,-0.121913918621342,-0.121913918621341,-0.121913918621342,-0.121913918621341,-0.0447002056146557,-0.0447002056146553,-1,-1,-1,-1,-1,-1,-1,-1,-1,-1,-1,-1,-1,-1,-1,-1,-1
1159,1,-1,-1,-1,-1,-1,0,0,0,0,0,-0.0383307928519212,-0.0383307928519208,-0.0383307928519212,-0.0383307928519208,-0.0383307928519212,0.0611194633132883,0.0611194633132883,0.0611194633132883,0.0611194633132888,0.0611194633132883,-0.0883690988742241,-0.0883690988742236,-0.0883690988742241,-0.0883690988742236,-0.0883690988742241,-1,-1,-1,-1,-1,-1,-1,-1,-1,-1,-1,-1,-1,-1,-1,-1,-1,-1,-1
1158,1,-1,-1,-1,-1,-1,-0.0613334159648304,-0.0607358005823579,-0.0447895703737129,-0.0107399250693185,0.0181662120637029,0.0151114487221191,-0.0180284741579322,-0.0483293395490771,-0.0409570323077708,0.0118931239888869,0.0850085372965768,0.135011366331993,0.125909158417065,0.0548887067096087,-0.0397553619620483,-0.103439145512236,-0.10811219485735,-0.0731474580869684,-0.0429319978385414,-0.0452316469219425,-0.07163581752422,-0.0940302413927343,-1,-1,-1,-1,-1,-1,-1,-1,-1,-1,-1,-1,-1,-1,-1,-1,-1
1166,1,-1,-1,-1,-1,-1,-1,-1,-1,-1,-0.176091259055681,-0.1249387366083,0.221848749616356,-0.0969100130080565,0,0.0880456295278406,0.0880456295278407,0,0,-1,-1,-1,-1,-1,-1,-1,-1,-1,-1,-1,-1,-1,-1,-1,-1,-1,-1,-1,-1,-1,-1,-1,-1,-1,-1
1165,1,-1,-1,-1,-1,-1,-1,-1,-1,-1,0.0336300653489501,0.033630065349054,0.0336300653493724,0.0336300653498933,0.033630065350398,0.0336300653505903,0.033630065350343,0.0336300653498416,0.0336300653494654,-1,-1,-1,-1,-1,-1,-1,-1,-1,-1,-1,-1,-1,-1,-1,-1,-1,-1,-1,-1,-1,-1,-1,-1,-1,-1
1164,1,-1,-1,-1,-1,-1,-1,-1,-1,-1,-1,0.0225380341458234,0.022538034145648,0.0225380341459243,0.0225380341474275,0.0225380341502275,0.022538034153317,0.0225380341552452,-1,-1,-1,-1,-1,-1,-1,-1,-1,-1,-1,-1,-1,-1,-1,-1,-1,-1,-1,-1,-1,-1,-1,-1,-1,-1,-1
6386,1,-1,-1,-1,-1,-1,-1,-1,-1,-1,-1,-1,-1,-1,-1,-1,-1,-1,-1,-1,-1,-1,-1,-1,-1,-1,-1,-1,-1,-1,-0.0752509524191924,-0.0910804693473326,0.00717858462712351,-0.0863598306747484,-0.193820026016113,-1,-1,-1,-1,-1,-1,-1,-1,-1,-1
6383,1,-1,-1,-1,-1,-1,-1,-1,-1,-1,-1,-1,-1,-1,-1,-1,-1,-1,-1,-1,-1,-1,-1,-1,-1,-1,-1,-1,-1,-1,0.163646439601423,-0.128318477259681,0.0198948287169394,-0.00653086715895768,-0.0713559085356683,-1,-1,-1,-1,-1,-1,-1,-1,-1,-1
5512,1,-1,-0.00487093452260789,-0.00487093452260789,-0.00487093452260789,-0.00487093452260812,-0.00487093452260789,-0.00487093452260789,-0.00487093452260789,-0.00487093452260812,-0.00487093452260789,-0.00487093452260789,-0.00487093452260789,-0.00487093452260789,-0.00487093452260812,-0.00487093452260789,-0.00487093452260789,-0.00487093452260789,-0.00487093452260789,-0.00487093452260789,-0.00487093452260812,-0.00487093452260789,-0.00487093452260789,-0.00487093452260789,-0.00487093452260789,-0.00487093452260789,-0.00487093452260812,-0.00487093452260789,-0.00487093452260789,-0.00487093452260789,-0.00487093452260789,-0.00487093452260789,-1,-1,-1,-1,-1,-1,-1,-1,-1,-1,-1,-1,-1
22989,1,-1,-1,-1,-1,-1,-1,-1,-1,-1,-1,-1,-1,-1,-1,-1,-1,-1,-1,-1,-1,-1,-1,-1,-0.25054017172283,-0.25054017172283,-0.25054017172283,-0.25054017172283,-0.250540171722831,-0.25054017172283,-0.25054017172283,-0.250540171722831,-1,-1,-1,-1,-1,-1,-1,-1,-1,-1,-1,-1,-1
22988,1,-1,-1,-1,-1,-1,-1,-1,-1,-1,-1,-1,-1,-1,-1,-1,-1,-1,-1,-1,-1,-1,-1,-1,-0.25054017172283,-0.25054017172283,-0.25054017172283,-0.25054017172283,-0.25054017172283,-0.25054017172283,-0.25054017172283,-0.25054017172283,-1,-1,-1,-1,-1,-1,-1,-1,-1,-1,-1,-1,-1
5510,1,-1,-0.00487093452260789,-0.00487093452260801,-0.00487093452260789,-0.00487093452260789,-0.00487093452260801,-0.00487093452260789,-0.00487093452260789,-0.00487093452260789,-0.00487093452260801,-0.00487093452260801,-0.00487093452260789,-0.00487093452260789,-0.00487093452260801,-0.00487093452260789,-0.00487093452260789,-0.00487093452260789,-0.00487093452260801,-0.00487093452260789,-0.00487093452260789,-0.00487093452260801,-0.00487093452260789,-0.00487093452260789,-0.00487093452260801,-0.00487093452260789,-0.00487093452260801,-0.00487093452260789,-0.00487093452260801,-0.00487093452260789,-0.00487093452260789,-0.00487093452260789,-1,-1,-1,-1,-1,-1,-1,-1,-1,-1,-1,-1,-1
5509,1,-1,0.0118849107837937,0.0118849107837937,0.0118849107837937,0.0118849107837937,0.0118849107837937,0.0118849107837937,0.0118849107837939,0.0118849107837937,0.0118849107837937,0.0118849107837937,0.0118849107837937,0.0118849107837937,0.0118849107837937,0.0118849107837937,0.0118849107837939,0.0118849107837937,0.0118849107837937,0.0118849107837937,0.0118849107837937,0.0118849107837937,0.0118849107837937,0.0118849107837937,0.0118849107837939,0.0118849107837937,0.0118849107837937,0.0118849107837937,0.0118849107837937,0.0118849107837937,0.0118849107837939,0.0118849107837937,-1,-1,-1,-1,-1,-1,-1,-1,-1,-1,-1,-1,-1
22995,1,-1,-1,-1,-1,-1,-1,-1,-1,-1,-1,-1,-1,-1,-1,-1,-1,-1,-1,-1,-1,-1,-1,-1,-0.25054017172283,-0.25054017172283,-0.25054017172283,-0.25054017172283,-0.25054017172283,-0.25054017172283,-0.25054017172283,-0.25054017172283,-1,-1,-1,-1,-1,-1,-1,-1,-1,-1,-1,-1,-1
22994,1,-1,-1,-1,-1,-1,-1,-1,-1,-1,-1,-1,-1,-1,-1,-1,-1,-1,-1,-1,-1,-1,-1,-1,-0.25054017172283,-0.25054017172283,-0.25054017172283,-0.25054017172283,-0.25054017172283,-0.25054017172283,-0.25054017172283,-0.25054017172283,-1,-1,-1,-1,-1,-1,-1,-1,-1,-1,-1,-1,-1
5508,1,-1,-0.000526475572774521,-0.000526475572774299,-0.000526475572774521,-0.000526475572774299,-0.000526475572774299,-0.000526475572774521,-0.000526475572774299,-0.000526475572774521,-0.000526475572774299,-0.000526475572774521,-0.000526475572774299,-0.000526475572774521,-0.000526475572774299,-0.000526475572774299,-0.000526475572774521,-0.000526475572774299,-0.000526475572774521,-0.000526475572774299,-0.000526475572774299,-0.000526475572774521,-0.000526475572774299,-0.000526475572774521,-0.000526475572774299,-0.000526475572774521,-0.000526475572774299,-0.000526475572774521,-0.000526475572774299,-0.000526475572774521,-0.000526475572774299,-0.000526475572774299,-1,-1,-1,-1,-1,-1,-1,-1,-1,-1,-1,-1,-1
22906,1,-1,-1,-1,-1,-1,-1,-1,0.0324564548108444,0.0324564548108444,0.0324564548108439,0.0324564548108444,0.0324564548108439,0.0324564548108444,0.0324564548108439,-0.00389371846002939,-0.00389371846002984,-0.00389371846002984,-0.00389371846002939,-0.00389371846002984,-0.00389371846002984,-0.0781701813537312,-0.0781701813537312,0.0629833265108344,0.0629833265108339,-0.0776417940531373,-0.0776417940531373,-0.0776417940531373,-0.0776417940531373,-0.0776417940531378,-0.0776417940531373,-0.0776417940531373,-0.0776417940531373,-0.0776417940531373,-0.0776417940531378,-0.0776417940531373,-0.0776417940531373,-0.0776417940531373,-0.0776417940531373,-0.0776417940531373,-0.0776417940531378,-0.287978594381878,-0.287978594381879,-1,-1
22905,1,-1,-1,-1,-1,-1,-1,-1,0.00243302867099926,0.0621598876167897,0.0621598876167897,0.0621598876167901,-0.0535263642924781,-0.0535263642924777,-0.0535263642924781,-0.00354169983049157,-0.00354169983049202,-0.00354169983049202,-0.00354169983049157,-0.00354169983049202,-0.00354169983049202,-0.00354169983049202,-0.00354169983049157,0.0904718809250467,0.0904718809250467,0.179296398930893,0.00926253767688889,0.00926253767688889,0.00926253767688889,0.00926253767688889,0.00926253767688889,0.00926253767688889,0.00926253767688889,0.00926253767688889,0.00926253767688889,0.00926253767688889,0.00926253767688889,0.00926253767688889,-0.00446323835927798,-0.00446323835927798,-0.00446323835927798,-0.140954819385069,-0.140954819385068,0.286979281729367,0.0753845726814744
11497,1,-1,-1,-1,-1,-1,-1,-1,-1,-1,0.0173250979037087,0.0173250979036992,0.0173250979036503,0.0173250979035493,0.0173250979034192,0.0173250979032986,0.0173250979032067,0.0173250979031399,0.017325097903103,0.0173250979031043,0.017325097903131,0.0173250979031279,0.0173250979030399,0.017325097902859,0.017325097902632,0.0173250979024122,0.0173250979022217,0.0173250979020592,0.0173250979019264,0.0173250979018358,0.017325097901794,-1,-1,-1,-1,-1,-1,-1,-1,-1,-1,-1,-1,-1,-1
1154,1,-1,-1,-1,-1,-1,-1,-1,-1,-1,-1,-1,-0.347606137705337,0.392995426054976,-0.045389288349639,-1,-1,-1,-1,-1,-1,-1,-1,-1,-1,-1,-1,-1,-1,-1,-1,-1,-1,-1,-1,-1,-1,-1,-1,-1,-1,-1,-1,-1,-1
1152,1,-1,-1,-1,-1,-1,-1,-1,-1,-1,-1,-1,0.0791812460476248,0.812913356642855,-0.89209460269048,0.556302500767287,-0.954242509439325,-1,-1,-1,-1,-1,-1,-1,-1,-1,-1,-1,-1,-1,-1,-1,-1,-1,-1,-1,-1,-1,-1,-1,-1,-1,-1,-1,-1
1151,1,-1,-1,-1,-1,-1,-1,-1,-1,-1,-1,-1,0.276206411938949,0.176091259055681,-0.116505569071437,-0.414973347970818,0.367976785294594,-1,-1,-1,-1,-1,-1,-1,-1,-1,-1,-1,-1,-1,-1,-1,-1,-1,-1,-1,-1,-1,-1,-1,-1,-1,-1,-1,-1
1150,1,-1,-1,-1,-1,-1,-1,-1,-1,-1,-1,-1,-0.507933734270686,0.0505210465664968,-1.9340217807074,1.46689558612777,0.359423751760769,-1,-1,-1,-1,-1,-1,-1,-1,-1,-1,-1,-1,-1,-1,-1,-1,-1,-1,-1,-1,-1,-1,-1,-1,-1,-1,-1,-1
1149,1,-1,-1,-1,-1,-1,-1,-1,-1,-1,-1,-1,-0.365755325300636,0.308716824330272,-0.755874855672491,0.806179973983887,-0.630088714928206,-1,-1,-1,-1,-1,-1,-1,-1,-1,-1,-1,-1,-1,-1,-1,-1,-1,-1,-1,-1,-1,-1,-1,-1,-1,-1,-1,-1
1153,1,-1,-1,-1,-1,-1,-1,-1,-1,-1,-1,-1,-1,0.929418925714293,-0.531478917042255,0.57978359661681,-0.801632346233166,-1,-1,-1,-1,-1,-1,-1,-1,-1,-1,-1,-1,-1,-1,-1,-1,-1,-1,-1,-1,-1,-1,-1,-1,-1,-1,-1,-1
22986,1,-1,-1,-1,-1,-1,-1,-1,-1,-1,-1,-1,-1,-1,-1,-1,-1,-1,-1,-1,-1,-1,-1,-1,-0.25054017172283,-0.25054017172283,-0.25054017172283,-0.25054017172283,-0.25054017172283,-0.25054017172283,-0.25054017172283,-0.250540171722831,-1,-1,-1,-1,-1,-1,-1,-1,-1,-1,-1,-1,-1
6180,1,-1,-1,-1,-1,-1,-1,-1,-1,-1,-0.00611945988103857,0.0198901909574811,-1,-1,-1,-1,-1,-1,-1,-1,-1,-1,-1,-1,-1,-1,-1,-1,-1,-1,-1,-1,-1,-1,-1,-1,-1,-1,-1,-1,-1,-1,-1,-1,-1
1147,1,-1,-1,-1,-1,-1,-1,-1,-1,-1,-1,0.00661693406282193,0.00661693406319053,0.00661693406382202,0.00661693406467512,0.00661693406570185,0.00661693406697905,0.00661693406858843,0.00661693407039587,0.00661693407198305,0.00661693407287389,-1,-1,-1,-1,-1,-1,-1,-1,-1,-1,-1,-1,-1,-1,-1,-1,-1,-1,-1,-1,-1,-1,-1,-1
1145,1,-1,-1,-1,-1,-1,-1,-1,-1,-1,-1,-1,-1,-0.583359492661719,0.0147232568207065,0.278027355830575,0.012066170879236,-0.0502844481537146,-0.515403161198114,-1,-1,-1,-1,-1,-1,-1,-1,-1,-1,-1,-1,-1,-1,-1,-1,-1,-1,-1,-1,-1,-1,-1,-1,-1,-1
9084,1,-1,-1,-1,-1,-1,-1,-1,-1,-1,-1,-1,-1,-1,-1,-1,-1,0.856654411522535,0.856654411522535,0.383955967240108,-0.232595588222824,0.255529079346979,-0.0299157332101911,-1,-1,-1,-1,-1,-1,-1,-1,-1,-1,-1,-1,-1,-1,-1,-1,-1,-1,-1,-1,-1,-1
6184,1,-1,-1,-1,-1,-1,-1,-1,-1,-1,-1,-1,-1,-1,-1,-1,-1,-1,-0.362775591608787,-0.556302500767287,-1,-1,-1,-1,-1,-1,-1,-1,-1,-1,-1,-1,-1,-1,-1,-1,-1,-1,-1,-1,-1,-1,-1,-1,-1
6183,1,-1,-1,-1,-1,-1,-1,-1,-1,-1,-1,-1,-1,-1,-1,-1,-1,-1,-0.0349369782091902,-0.0233547923785431,-1,-1,-1,-1,-1,-1,-1,-1,-1,-1,-1,-1,-1,-1,-1,-1,-1,-1,-1,-1,-1,-1,-1,-1,-1
6182,1,-1,-1,-1,-1,-1,-1,-1,-1,-1,-1,-1,-1,-1,-1,-1,-1,-1,-0.0847137346475861,-0.0275835216320885,-1,-1,-1,-1,-1,-1,-1,-1,-1,-1,-1,-1,-1,-1,-1,-1,-1,-1,-1,-1,-1,-1,-1,-1,-1
6181,1,-1,-1,-1,-1,-1,-1,-1,-1,-1,-1,-1,-1,-1,-1,-1,-1,-1,0.190953084986087,-0.125791847973779,-1,-1,-1,-1,-1,-1,-1,-1,-1,-1,-1,-1,-1,-1,-1,-1,-1,-1,-1,-1,-1,-1,-1,-1,-1
1146,1,-1,-1,-1,-1,-1,-1,-1,-1,-1,-1,-1,-1,-1,-1,-1,-1,-1,-1,-1,-1,-0.123746879625771,-0.123746879626478,-0.123746879627875,-0.123746879629809,-0.123746879632108,-0.123746879634595,-0.123746879636996,-0.12374687963889,-0.12374687963989,-1,-1,-1,-1,-1,-1,-1,-1,-1,-1,-1,-1,-1,-1,-1
23068,1,-1,-1,-1,-1,-1,-1,-1,-1,-1,-1,-1,-1,-1,-1,-1,-1,-1,-1,-1,-1,-1,-1,0.163237078901355,0.0772367815535757,-0.0508956810767027,-0.133502273533148,-0.102653797849277,0.0363662677925913,0.205989525140644,0.312673189006347,-1,-1,-1,-1,-1,-1,-1,-1,-1,-1,-1,-1,-1,-1
23066,1,-1,-1,-1,-1,-1,-1,-1,-1,-1,-1,-1,-1,-1,-1,-1,-1,-1,-1,-1,-1,-1,-1,0.269965714013578,0.222283915189307,0.141238364691004,0.0611871196146963,0.0135153395603735,0.00638786263577007,0.0233154949479566,0.0390341942165193,-1,-1,-1,-1,-1,-1,-1,-1,-1,-1,-1,-1,-1,-1
23073,1,-1,-1,-1,-1,-1,-1,-1,-1,-1,-1,-1,-1,-1,-1,-1,-1,-1,-1,-1,-1,-1,-1,-1,0.28867166557439,0.118323489148371,-0.12156948437988,-0.264795810345457,-0.223582399532386,-0.06345595383207,0.065293576244982,-1,-1,-1,-1,-1,-1,-1,-1,-1,-1,-1,-1,-1,-1
22983,1,-1,-1,-1,-1,-1,-1,-1,-1,-1,-1,-1,-1,-1,-1,-1,-1,-1,-1,-1,-1,-1,-1,-1,-0.25054017172283,-0.25054017172283,-0.250540171722831,-0.25054017172283,-0.25054017172283,-0.250540171722831,-0.25054017172283,-0.25054017172283,-1,-1,-1,-1,-1,-1,-1,-1,-1,-1,-1,-1,-1
23072,1,-1,-1,-1,-1,-1,-1,-1,-1,-1,-1,-1,-1,-1,-1,-1,-1,-1,-1,-1,-1,-1,-1,-1,-1,-1,0.107136752134291,-0.0674582560355503,0.25504187578133,0.296358021678862,0.226861170461782,-1,-1,-1,-1,-1,-1,-1,-1,-1,-1,-1,-1,-1,-1
23067,1,-1,-1,-1,-1,-1,-1,-1,-1,-1,-1,-1,-1,-1,-1,-1,-1,-1,-1,-1,-1,-1,-1,-1,-1,-1,-1,0.0547384909021744,-0.170392209448773,0.0846959838053207,0.0685596151460204,-1,-1,-1,-1,-1,-1,-1,-1,-1,-1,-1,-1,-1,-1
23071,1,-1,-1,-1,-1,-1,-1,-1,-1,-1,-1,-1,-1,-1,-1,-1,-1,-1,-1,-1,-1,-1,-1,-1,-1,-1,-1,-1,0.0563198682170016,0.106211462999773,0.0574301268255959,-1,-1,-1,-1,-1,-1,-1,-1,-1,-1,-1,-1,-1,-1
23070,1,-1,-1,-1,-1,-1,-1,-1,-1,-1,-1,-1,-1,-1,-1,-1,-1,-1,-1,-1,-1,-1,-1,-1,-1,-1,-1,-1,-0.0402707918026119,0.111706379450964,-0.0605717058510566,-1,-1,-1,-1,-1,-1,-1,-1,-1,-1,-1,-1,-1,-1
23074,1,-1,-1,-1,-1,-1,-1,-1,-1,-1,-1,-1,-1,-1,-1,-1,-1,-1,-1,-1,-1,-1,-1,-1,-1,-1,-1,-1,-1,0.157365139776017,0.0757703315249665,-1,-1,-1,-1,-1,-1,-1,-1,-1,-1,-1,-1,-1,-1
23069,1,-1,-1,-1,-1,-1,-1,-1,-1,-1,-1,-1,-1,-1,-1,-1,-1,-1,-1,-1,-1,-1,-1,-1,-1,-1,-1,-1,-1,-1,-0.120214254734839,-1,-1,-1,-1,-1,-1,-1,-1,-1,-1,-1,-1,-1,-1
19529,1,-1,-1,-1,-1,-1,-1,-1,-1,-1,-1,0.0132081277753855,0.0121923986782715,0.0081351995149892,-0.000251889299355934,-0.0131773969228188,-0.0291663776692288,-0.0418941110547055,-0.0487501491913527,-0.0518315511487901,-0.0519081989599537,-0.0447863474214407,-0.0259751100687957,0.00100377709727328,0.0233174030882453,0.028168128158979,0.0138627420113318,-0.00917760808126467,-0.0283318207056382,-0.0386516225456401,-0.0430590423085395,-0.0453530972027019,-0.0459410859562346,-0.0444541180587585,-0.0433112835458647,-0.0455034773451852,-0.0487623624532632,-0.0443640367133125,-0.0238429114796292,0.0127166561467233,0.0554077675433451,0.0914297220534921,0.11337653740052,0.122004331164778,-1
19528,1,-1,-1,-1,-1,-1,-1,-1,-1,-1,-1,-0.0465189351648456,-2.50063380491383e-05,0.074168645906316,0.138202190042509,0.183232618024363,0.205918230962731,0.19327784536441,0.145863283641553,0.076519833890615,0.00347389504217244,-0.052026285566428,-0.0708421097836678,-0.0476209138511545,0.00188827455550244,0.0500745923761028,0.0759930003118168,0.0731483516235558,0.0422005275522856,-0.0138305986793368,-0.0813705230222967,-0.131227041253506,-0.134973698816906,-0.0901399982521411,-0.0232902931291505,0.0340109851312707,0.066620816412986,0.0726687209391006,0.0515202901141221,0.0073675671153115,-0.0397461351979649,-0.0630175484250066,-0.0559923141523875,-0.040719599440878,-1
816,1,-1,-1,-1,-1,-1,-1,-1,-1,-1,-1,0.0130139930294106,0.0130139930294109,0.0130139930294109,0.0130139930294106,0.0130139930294106,0.0130139930294109,0.0130139930294106,0.0130139930294111,0.0130139930294106,0.0130139930294106,-1,-1,-1,-1,-1,-1,-1,-1,-1,-1,-1,-1,-1,-1,-1,-1,-1,-1,-1,-1,-1,-1,-1,-1
1157,1,-1,-1,-1,-1,-1,-1,-1,-1,-1,-1,-1,-1,-0.00803686640229451,-0.0343043294594345,-0.0752057815263867,-0.0996586076547867,-0.0672582321877944,0.0353265137822811,0.160221824058535,0.217327051275132,0.150793695253246,0.00355471116922157,-0.110407961857026,-1,-1,-1,-1,-1,-1,-1,-1,-1,-1,-1,-1,-1,-1,-1,-1,-1,-1,-1,-1,-1
1156,1,-1,-1,-1,-1,-1,-1,-1,-1,-1,-1,-1,-1,-0.20624367628578,-0.666177490939711,0.104735350520013,-0.243038048686294,-0.1249387366083,0.1249387366083,-1,-1,-1,-1,-1,-1,-1,-1,-1,-1,-1,-1,-1,-1,-1,-1,-1,-1,-1,-1,-1,-1,-1,-1,-1,-1
1155,1,-1,-1,-1,-1,-1,-1,-1,-1,-1,-1,-1,-1,-0.206760078822133,-0.767685816705479,0.98741087269198,-0.45229767099463,-0.101457640758777,0.239760338925059,-1,-1,-1,-1,-1,-1,-1,-1,-1,-1,-1,-1,-1,-1,-1,-1,-1,-1,-1,-1,-1,-1,-1,-1,-1,-1
9094,1,-1,-1,-1,-1,-1,-1,-1,-1,-1,-1,-1,-1,-1,-0.137537110027857,-0.149117164764187,-0.149117164764187,-0.295492080248464,-1.59617401280498,1.30601239618292,-1.30601239618292,0,0,0,-1,-1,-1,-1,-1,-1,-1,-1,-1,-1,-1,-1,-1,-1,-1,-1,-1,-1,-1,-1,-1
9093,1,-1,-1,-1,-1,-1,-1,-1,-1,-1,-1,-1,-1,-1,0.974489516545378,0.406533151051402,-0.204994377802703,-0.335787502641611,-0.0779010234310187,0.0950925474435541,0.0106466038445363,-0.0554787903618477,0.113453840680592,0.335105536241467,-1,-1,-1,-1,-1,-1,-1,-1,-1,-1,-1,-1,-1,-1,-1,-1,-1,-1,-1,-1,-1
9083,1,-1,-1,-1,-1,-1,-1,-1,-1,-1,-1,-1,-1,-1,-1,-1,-1,0.0291145585478033,0.0287043912297194,0.0271520391185049,0.0238987970672176,0.01922797512696,0.0142399795565377,0.0102063735558847,0.00782278509015266,0.00692408288926816,-1,-1,-1,-1,-1,-1,-1,-1,-1,-1,-1,-1,-1,-1,-1,-1,-1,-1,-1
9082,1,-1,-1,-1,-1,-1,-1,-1,-1,-1,-1,-1,-1,-1,-1,-1,-1,0.282463011482243,0.284722700199463,0.28169053569576,0.259328703786621,0.205455671289702,0.120002975197575,0.0199435396449046,-0.0658513830051544,-0.112233087474761,-1,-1,-1,-1,-1,-1,-1,-1,-1,-1,-1,-1,-1,-1,-1,-1,-1,-1,-1
9081,1,-1,-1,-1,-1,-1,-1,-1,-1,-1,-1,-1,-1,-1,-1,-1,-1,0.0743422679084059,0.0743422679088079,0.0743422679094612,0.0743422679100345,0.0743422679102383,0.0743422679100001,0.0743422679094889,0.0743422679089867,0.0743422679087093,-1,-1,-1,-1,-1,-1,-1,-1,-1,-1,-1,-1,-1,-1,-1,-1,-1,-1,-1
9092,1,-1,-1,-1,-1,-1,-1,-1,-1,-1,-1,-1,-1,-1,-0.435454893289417,0.0870321745389847,0.0870321745389846,0.123921723099616,-0.420907314737629,-0.172084171636779,-1.55983624265497,0,0,0,-1,-1,-1,-1,-1,-1,-1,-1,-1,-1,-1,-1,-1,-1,-1,-1,-1,-1,-1,-1,-1
9091,1,-1,-1,-1,-1,-1,-1,-1,-1,-1,-1,-1,-1,-1,-1,-1,-0.163211440421341,-0.163211440421732,-0.163211440422326,-0.163211440422744,-0.163211440422685,-0.163211440422159,-0.163211440421486,-0.163211440421056,-1,-1,-1,-1,-1,-1,-1,-1,-1,-1,-1,-1,-1,-1,-1,-1,-1,-1,-1,-1,-1
9080,1,-1,-1,-1,-1,-1,-1,-1,-1,-1,-1,-1,-1,-1,-1,-1,-1,0.0466004453986821,0.0433571962495218,0.0222056055174729,-0.0289096117859291,-0.105313751098523,-0.186161330310207,-0.248209046341863,-0.281005832108923,-0.291093204425579,-1,-1,-1,-1,-1,-1,-1,-1,-1,-1,-1,-1,-1,-1,-1,-1,-1,-1,-1
9079,1,-1,-1,-1,-1,-1,-1,-1,-1,-1,-1,-1,-1,-1,-1,-1,-1,0.116961719541885,0.116961719542146,0.116961719542473,0.116961719542587,0.116961719542358,0.116961719541898,0.116961719541443,0.116961719541164,0.116961719541069,-1,-1,-1,-1,-1,-1,-1,-1,-1,-1,-1,-1,-1,-1,-1,-1,-1,-1,-1
9078,1,-1,-1,-1,-1,-1,-1,-1,-1,-1,-1,-1,-1,-1,-1,-1,-1,-0.288979014820106,-0.137590348709128,0.0718233750716133,0.200768932893231,0.182775143246402,0.0650521388074277,-0.051372903321746,-0.103325639607432,-0.10554747458026,-1,-1,-1,-1,-1,-1,-1,-1,-1,-1,-1,-1,-1,-1,-1,-1,-1,-1,-1
8840,1,-1,-1,-1,-1,-1,-1,-1,-1,-1,-1,-1,-1,-1,-1,-1,-1,-1,-1,-0.0669467896306133,-0.00485250279441218,-0.0463000196529693,-0.0140143618001218,-0.0140143618001216,0.204119982655925,0.301029995663981,-1,-1,-1,-1,-1,-1,-1,-1,-1,-1,-1,-1,-1,-1,-1,-1,-1,-1,-1
8815,1,-1,-1,-1,-1,-1,-1,-1,-1,-1,-1,-1,-1,-1,-1,-1,-1,-1,-1,-1,0.221848749616356,0.146128035678238,-0.544068044350276,0,0.602059991327962,0.301029995663981,-1,-1,-1,-1,-1,-1,-1,-1,-1,-1,-1,-1,-1,-1,-1,-1,-1,-1,-1
8813,1,-1,-1,-1,-1,-1,-1,-1,-1,-1,-1,-1,-1,-1,-1,-1,-1,-1,-1,-1,0.10354059190707,0.0129649771643676,0.288065018499614,0.0555173278498313,0.111710470874545,-0.0277303419451511,-1,-1,-1,-1,-1,-1,-1,-1,-1,-1,-1,-1,-1,-1,-1,-1,-1,-1,-1
8816,1,-1,-1,-1,-1,-1,-1,-1,-1,-1,-1,-1,-1,-1,-1,-1,-1,-1,-1,-1,-1,-1,-0.0791812460476248,-0.0969100130080565,-0.301029995663981,0.477121254719662,-1,-1,-1,-1,-1,-1,-1,-1,-1,-1,-1,-1,-1,-1,-1,-1,-1,-1,-1
8814,1,-1,-1,-1,-1,-1,-1,-1,-1,-1,-1,-1,-1,-1,-1,-1,-1,-1,-1,-1,-1,-1,-1,-0.522878745280338,0.970036776622557,-0.0321846833714012,-1,-1,-1,-1,-1,-1,-1,-1,-1,-1,-1,-1,-1,-1,-1,-1,-1,-1,-1
1148,1,-1,-1,-1,-1,-1,-1,-1,-1,-1,-1,-1,-1,-1,-0.535113201697349,0.455931955649724,0,0.190331698170292,-0.0442036624920534,-0.229674087128313,-1,-1,-1,-1,-1,-1,-1,-1,-1,-1,-1,-1,-1,-1,-1,-1,-1,-1,-1,-1,-1,-1,-1,-1,-1
6185,1,-1,-1,-1,-1,-1,-1,-1,-1,-1,-1,-1,-1,-1,-1,-1,-1,-1,-0.0350763490609072,-0.0350763490606645,-0.0350763490602894,-0.0350763490600117,-0.0350763490600141,-0.0350763490602963,-0.0350763490606749,-0.0350763490609192,-1,-1,-1,-1,-1,-1,-1,-1,-1,-1,-1,-1,-1,-1,-1,-1,-1,-1,-1
22985,1,-1,-1,-1,-1,-1,-1,-1,-1,-1,-1,-1,-1,-1,-1,-1,-1,-1,-1,-1,-1,-1,-1,-1,0.25054017172283,0.250540171722831,0.25054017172283,0.25054017172283,0.25054017172283,0.25054017172283,0.25054017172283,0.25054017172283,-1,-1,-1,-1,-1,-1,-1,-1,-1,-1,-1,-1,-1
11274,1,-1,-1,-1,-1,-1,-1,-1,-1,-1,-1,-1,-1,-1,-1,-1,-1,0.0264546047253249,0.0261649854243355,0.0246295845919517,0.0211232327206285,0.0160267157226464,0.0105033704579076,0.00548397725770866,0.00112600466510804,-0.00286515659282682,-0.00671637544707671,-0.0104943563276665,-0.0142485072741014,-0.0179172670544829,-0.0211082225304184,-0.023260974886461,-0.0241938385486324,-0.0243597053451459,-1,-1,-1,-1,-1,-1,-1,-1,-1,-1,-1
7113,1,-1,-1,-1,-1,-1,-1,-1,-1,-1,-1,-1,-1,-1,-1,-1,-1,-1,-1,-1,0.143165812413046,0.143165812413046,0.143165812413046,0.143165812413046,0.143165812413046,0.143165812413046,0.143165812413046,0.143165812413046,0.143165812413046,0.143165812413046,0.143165812413046,0.143165812413046,0.143165812413046,0.143165812413046,-1,-1,-1,-1,-1,-1,-1,-1,-1,-1,-1
17754,1,-1,-1,-1,-1,-1,-1,-1,-1,-1,-1,-1,-1,-1,-1,-1,-1,-1,-1,-1,-1,-1,-1,-1,-1,-1,-1,-1,-1,-1,-1,-1,-1,-1,-1,-1,-1,-0.103847893870645,0.190626613131915,-1,-1,-1,-1,-1,-1
6960,1,-1,-1,-1,-1,-1,-1,-1,-1,-1,-1,-1,-1,-1,-1,-1,-1,-1,-1,-1,-1,-1,-1,0.217642474780333,-0.00961576879159898,0.070033465019103,0.070033465019103,-0.0216590605888638,-1,-1,-1,-1,-1,-1,-1,-1,-1,-1,-1,-1,-1,-1,-1,-1,-1
23076,1,-1,-1,-1,-1,-1,-1,-1,-1,-1,-1,-1,-1,-1,-1,-1,-1,-1,-1,-1,-1,-1,-1,-1,-1,-1,-1,-1,0.00497976906644748,0.00502240577457091,0.00511946298942778,0.00528730689225165,0.00554821902492586,0.00590966620980238,0.00633772850085523,0.00676441213159817,0.00713398525556919,0.00744462344124908,0.00773964989626164,0.00805496565006392,0.00837670975559579,0.00865069199372615,0.00882888244960878,0.00890507228689397,-1
23075,1,-1,-1,-1,-1,-1,-1,-1,-1,-1,-1,-1,-1,-1,-1,-1,-1,-1,-1,-1,-1,-1,-1,-1,-1,-1,-1,-1,-0.00656612972097159,-0.00450535617037273,-0.00359753872704704,-0.00922659707617113,-0.0244615074981325,-0.0423727060875319,-0.0447016239496807,-0.0158787714244553,0.0367768783768589,0.0803390025218009,0.0815680297330723,0.0389518601536092,-0.013051951804782,-0.0359831172512726,-0.0238799190251826,-0.00447780058262959,-1
22993,1,-1,-1,-1,-1,-1,-1,-1,-1,-1,-1,-1,-1,-1,-1,-1,-1,-1,-1,-1,-1,-1,-1,-1,-0.25054017172283,-0.25054017172283,-0.25054017172283,-0.25054017172283,-0.25054017172283,-0.25054017172283,-0.25054017172283,-0.25054017172283,-1,-1,-1,-1,-1,-1,-1,-1,-1,-1,-1,-1,-1
22992,1,-1,-1,-1,-1,-1,-1,-1,-1,-1,-1,-1,-1,-1,-1,-1,-1,-1,-1,-1,-1,-1,-1,-1,-0.25054017172283,-0.25054017172283,-0.25054017172283,-0.25054017172283,-0.25054017172283,-0.25054017172283,-0.25054017172283,-0.25054017172283,-1,-1,-1,-1,-1,-1,-1,-1,-1,-1,-1,-1,-1
22991,1,-1,-1,-1,-1,-1,-1,-1,-1,-1,-1,-1,-1,-1,-1,-1,-1,-1,-1,-1,-1,-1,-1,-1,-0.25054017172283,-0.25054017172283,-0.25054017172283,-0.25054017172283,-0.25054017172283,-0.25054017172283,-0.250540171722831,-0.25054017172283,-1,-1,-1,-1,-1,-1,-1,-1,-1,-1,-1,-1,-1
22990,1,-1,-1,-1,-1,-1,-1,-1,-1,-1,-1,-1,-1,-1,-1,-1,-1,-1,-1,-1,-1,-1,-1,-1,-0.25054017172283,-0.25054017172283,-0.25054017172283,-0.25054017172283,-0.25054017172283,-0.25054017172283,-0.25054017172283,-0.25054017172283,-1,-1,-1,-1,-1,-1,-1,-1,-1,-1,-1,-1,-1
22987,1,-1,-1,-1,-1,-1,-1,-1,-1,-1,-1,-1,-1,-1,-1,-1,-1,-1,-1,-1,-1,-1,-1,-1,-0.25054017172283,-0.25054017172283,-0.25054017172283,-0.25054017172283,-0.250540171722831,-0.25054017172283,-0.25054017172283,-0.250540171722831,-1,-1,-1,-1,-1,-1,-1,-1,-1,-1,-1,-1,-1
22984,1,-1,-1,-1,-1,-1,-1,-1,-1,-1,-1,-1,-1,-1,-1,-1,-1,-1,-1,-1,-1,-1,-1,-1,0.250540171722831,0.25054017172283,0.25054017172283,0.250540171722831,0.25054017172283,0.25054017172283,0.25054017172283,0.25054017172283,-1,-1,-1,-1,-1,-1,-1,-1,-1,-1,-1,-1,-1
23174,1,-1,-1,-1,-1,-1,-1,-1,-1,-1,-1,-1,-1,-1,-1,-1,-1,-1,-1,-1,-1,-1,-1,-1,-1,0.0714004084280112,0.0882345786660341,0.105449149586328,0.10435886144825,0.0839353317828466,0.0577798327634684,0.0357242452509041,0.0162776032061962,-0.00356231081173908,-0.0190388381359283,-0.0226377490521821,-0.0144663470308986,-0.00236410123223796,0.00750376845069645,0.0157919266272555,0.0253273484925201,0.0354264452300692,0.0429441608428032,0.0463785088749364,-1
11986,1,-1,-1,-1,-1,-1,-1,-1,-1,-1,-1,-1,-1,-1,-1,-1,-1,-1,-1,-1,-1,-1,-1,-1,-1,-1,-0.154178567214049,-0.154178567214049,-0.154178567214049,-0.154178567214049,-0.154178567214049,-0.154178567214049,-0.154178567214049,-0.15417856721405,-0.154178567214049,-0.15417856721405,-0.154178567214049,-0.154178567214049,-0.154178567214049,-1,-1,-1,-1,-1,-1
18895,1,-1,-1,-1,-1,-1,-1,-1,-1,-1,-1,-1,-1,-1,-1,-1,-1,-1,-1,-1,-1,-1,-1,-1,-1,-1,-1,-1,-0.00622186913247047,-0.00622186913250999,-0.0062218691326219,-0.00622186913276046,-0.00622186913275602,-0.00622186913239142,-0.00622186913155165,-0.00622186913028555,-0.00622186912874856,-0.00622186912710765,-0.0062218691255076,-0.00622186912407807,-0.00622186912292921,-0.0062218691220961,-0.00622186912155431,-0.00622186912124167,-0.00622186912110756
23268,1,-1,-1,-1,-1,-1,-1,-1,-1,-1,-1,-1,-1,-1,-1,-1,-1,-1,-1,-1,-1,-1,-1,-1,-1,-1,-1,-1,-1,-1,-1,-1,-1,-1,-1,-1,-1,-1,-0.121422162885463,-0.236089188730967,0.28879553924697,0.0579919469776866,-0.221848749616356,0.419129307741976,-1
18894,1,-1,-1,-1,-1,-1,-1,-1,-1,-1,-1,-1,-1,-1,-1,-1,-1,-1,-1,-1,-1,-1,-1,-1,-1,-1,-1,-1,-1,-1,-1,0.0645757501641313,0.0645757501640896,0.0645757501640674,0.0645757501640971,0.0645757501640958,0.0645757501639119,0.064575750163459,0.0645757501627662,0.0645757501619464,0.064575750161167,0.0645757501606128,0.0645757501604041,0.0645757501604742,0.0645757501605986
7352,1,-1,-1,-1,-1,-1,-1,-1,-1,-1,-1,-1,-1,-1,-1,-1,-1,-1,-1,-1,-1,-1,-1,-1,-1,-1,-1,-1,-1,-1,-1,0.184163750790475,0.184163750790475,0.184163750790475,0.184163750790475,0.184163750790475,-1,-1,-1,-1,-1,-1,-1,-1,-1
18896,1,-1,-1,-1,-1,-1,-1,-1,-1,-1,-1,-1,-1,-1,-1,-1,-1,-1,-1,-1,-1,-1,-1,-1,-1,-1,-1,-1,-1,-1,-1,-1,0.00617111596404429,0.00617111596411535,0.00617111596433118,0.00617111596477793,0.00617111596550424,0.00617111596647213,0.00617111596754283,0.00617111596851183,0.00617111596920883,0.00617111596957876,0.00617111596968334,0.00617111596965358,0.0061711159696114
22920,1,-1,-1,-1,-1,-1,-1,-1,-1,-1,-1,-1,-1,-1,-1,-1,-1,-1,-1,-1,-1,-1,-1,-1,-1,-1,-1,-1,-1,-1,-1,-1,-1,-1,-1,-1,-1,-1,-1,-1,-1,-1,-0.0583038281271069,-0.102246550116318,-0.371146832084101
