population_id,1970,1971,1972,1973,1974,1975,1976,1977,1978,1979,1980,1981,1982,1983,1984,1985,1986,1987,1988,1989,1990,1991,1992,1993,1994,1995,1996,1997,1998,1999,2000,2001,2002,2003,2004,2005,2006,2007,2008,2009,2010,2011,2012,2013,2014,2015,2016,2017
1366,1,-0.0120070578032898,-0.0120070578032896,-0.0120070578032898,-0.0120070578032896,-0.0120070578032898,-0.0120070578032896,-0.0120070578032898,-0.0120070578032896,-0.0120070578032898,-0.0120070578032896,-0.0120070578032898,-0.0120070578032896,0.102059991327963,0.102059991327962,-0.602059991327962,0.243038048686294,-0.146128035678238,0,-0.698970004336019,0,0,0,0.301029995663981,0.301029995663981,-0.301029995663981,-0.301029995663981,0.698970004336019,-1,-1,-1,-1,-1,-1,-1,-1,-1,-1,-1,-1,-1,-1,-1,-1,-1,-1,-1,-1
1364,1,-1,-1,-1,-1,-1,-1,-1,-1,-1,-1,-1,-0.0447877763324382,-0.0447877763324382,-0.044787776332438,-0.0447877763324382,-0.0447877763324382,-0.044787776332438,-0.0447877763324382,-0.0447877763324382,-0.044787776332438,-0.0447877763324382,-0.0447877763324382,-0.0447877763324381,-0.0447877763324381,-0.0447877763324382,-0.0447877763324382,-0.0447877763324381,-0.0447877763324381,-0.0447877763324381,-1,-1,-1,-1,-1,-1,-1,-1,-1,-1,-1,-1,-1,-1,-1,-1,-1,-1
1367,1,-1,-1,-1,-1,-1,-1,-1,-1,-1,-1,-1,-1,-1,-1,-1,0,0,0,0,0,0,0.00488292113281386,0.00488292113281386,0.00488292113281386,0.00488292113281386,-0.116441697539312,-1,-1,-1,-1,-1,-1,-1,-1,-1,-1,-1,-1,-1,-1,-1,-1,-1,-1,-1,-1,-1
1365,1,-1,-1,-1,-1,-1,-1,-1,-1,-1,-1,-1,-1,-1,-1,-1,-1,-0.0331563913186477,-0.0331563913186477,-0.0331563913186477,-0.0331563913186477,-0.167251695239644,-0.167251695239644,-0.167251695239644,-0.167251695239644,-0.0197953115119063,-0.0197953115119061,-0.0197953115119063,-0.0197953115119061,-1,-1,-1,-1,-1,-1,-1,-1,-1,-1,-1,-1,-1,-1,-1,-1,-1,-1,-1
1077,1,-0.0293541974271432,-0.0293541974271432,-0.0293541974271432,-0.0293541974271427,-0.0293541974271432,-0.0304757868183225,-0.0304757868183225,-0.0304757868183223,-0.0304757868183223,-0.0304757868183225,-0.0304757868183225,-0.0304757868183223,-0.0304757868183225,-0.0304757868183225,-0.0304757868183223,0.00816700464513187,0.00816700464513209,0.00816700464513187,0.00816700464513187,0.00816700464513209,0.00816700464513187,0.00816700464513187,0.00816700464513209,0.00816700464513187,0.00816700464513209,-1,-1,-1,-1,-1,-1,-1,-1,-1,-1,-1,-1,-1,-1,-1,-1,-1,-1,-1,-1,-1,-1
1089,1,-0.0292652181124442,-0.0292652181124438,-0.0292652181124446,-0.0292652181124438,-0.0292652181124442,-0.0292652181124442,-0.0292652181124442,-0.0292652181124442,-0.0292652181124442,-0.0292652181124442,-0.0292652181124442,-1,-1,-1,-1,-1,-1,-1,-1,-1,-1,-1,-1,-1,-1,-1,-1,-1,-1,-1,-1,-1,-1,-1,-1,-1,-1,-1,-1,-1,-1,-1,-1,-1,-1,-1,-1
17755,1,-1,-1,-1,-1,-1,-1,-1,-1,-1,-1,-1,-1,-1,-1,-1,-1,-1,-1,-1,-1,-1,-1,-1,-1,-1,-1,-1,-1,-1,-1,-1,-1,-1,-1,-0.265627674194944,0.446059941043167,-0.0339319952834434,-0.0339319952834434,-1,-1,-1,-1,-1,-1,-1,-1,-1
672,1,-0.0551063357423209,-0.0984192628508536,-0.0931187562447042,-0.0746502719523934,-0.0702068358992569,-0.0525013733778614,-0.025400955927722,-0.0479704335473794,-0.114057885046447,-0.118355145100435,-0.0222471166457932,0.0542783218470877,0.00684670368231344,-0.087445742993864,-0.0967713784003621,-0.0351097753816562,-0.000330403125465173,0.0025877159528529,0.0192473262895164,0.0068726862894839,-0.072277773305749,-0.084230882572445,0.114171845476604,0.37091422128588,0.371049749357387,0.11043097106334,-0.0571689357248795,0.0454837819390741,0.143264653816303,-0.0298763727899312,-0.284217289228085,-1,-1,-1,-1,-1,-1,-1,-1,-1,-1,-1,-1,-1,-1,-1,-1
671,1,0.00255281663475193,0.0238785089086742,0.0379932756375856,0.0243992040589001,-0.0035070861550679,-0.0183813581250605,-0.0093093369317343,0.0126286973455003,0.0294778185328775,0.0334060831138097,0.0328309277386365,0.0397810581756948,0.0486685349470342,0.0385573727120909,0.00650704397312785,-0.0161862187864621,-0.00305793815278044,0.0226692492994967,0.0153939750653622,-0.019818163004818,-0.0228947196715161,0.030880783175584,0.0742120091628238,0.0277943209861262,-0.0778349000187648,-0.117354099651039,-0.0259687863110409,0.104325273614769,0.126004658319606,0.0161083079806432,-0.0979453849737879,-1,-1,-1,-1,-1,-1,-1,-1,-1,-1,-1,-1,-1,-1,-1,-1
673,1,-0.0411954370472158,-0.0411954370472158,-0.0411954370472163,-0.0411954370472158,-0.0411954370472161,-0.0411954370472158,-0.0411954370472158,-0.0411954370472161,-0.0411954370472158,-0.0411954370472161,-0.0411954370472158,-0.0411954370472158,-0.0411954370472161,-0.0411954370472158,-0.0411954370472161,0.0352669644024102,0.0352669644024102,0.0352669644024102,0.0352669644024102,0.0352669644024102,0.0352669644024102,0.0352669644024102,0.0352669644024102,0.0352669644024102,0.0352669644024102,0.0352669644024102,0.0352669644024102,0.0352669644024102,0.0352669644024102,0.0352669644024102,0.03526696440241,-1,-1,-1,-1,-1,-1,-1,-1,-1,-1,-1,-1,-1,-1,-1,-1
692,1,-0.0251051304704339,-0.0251051304704344,-0.0251051304704339,-0.0251051304704344,-0.0251051304704339,-0.0251051304704339,-0.0251051304704344,-0.0251051304704339,-0.0251051304704344,-0.0251051304704339,-0.0251051304704339,-0.0251051304704344,-0.0251051304704339,-0.0251051304704344,-1,-1,-1,-1,-1,-1,-1,-1,-1,-1,-1,-1,-1,-1,-1,-1,-1,-1,-1,-1,-1,-1,-1,-1,-1,-1,-1,-1,-1,-1,-1,-1,-1
19785,1,-1,0.00158791577963191,-0.00799828281797987,0.0235045790865653,0.0235045790865649,0.0235045790865653,0.0235045790865653,0.0235045790865653,0.0235045790865653,0.0235045790865653,0.0235045790865649,0.0235045790865653,0.0235045790865653,0.0235045790865653,0.0235045790865653,-0.0102392439852639,0.000861696531367251,0.000861696531366807,-0.080042087720761,0.241261790660491,0.0162829610755142,0.0162829610755142,0.0235679981973673,-0.0484887286584947,-0.0349234273133421,-0.0349234273133421,-0.0349234273133421,-0.0349234273133421,-0.0349234273133425,-0.0349234273133421,-0.0349234273133421,-0.0349234273133421,-0.0349234273133421,-0.0349234273133421,-0.0349234273133421,-0.0349234273133425,-0.0349234273133421,-0.0349234273133421,-0.0349234273133421,0.15000569074144,-0.052706350516003,-0.00469512120837967,-1,-1,-1,-1,-1
694,1,-1,-1,-1,-1,-1,-0.00695242125184237,-0.00695242125184237,-0.00695242125184237,-0.00695242125184237,-0.00695242125184237,-0.0115983893955374,-0.0115983893955374,-0.0115983893955374,-0.0115983893955374,-0.0115983893955374,-1,-1,-1,-1,-1,-1,-1,-1,-1,-1,-1,-1,-1,-1,-1,-1,-1,-1,-1,-1,-1,-1,-1,-1,-1,-1,-1,-1,-1,-1,-1,-1
690,1,-1,-1,-1,-1,-1,-0.0630540869557183,-0.0630540869557181,-0.0630540869557183,-0.0630540869557183,-0.0630540869557183,-0.0269397147794912,-0.0269397147794912,-0.0269397147794912,-0.0269397147794914,-0.0269397147794912,-1,-1,-1,-1,-1,-1,-1,-1,-1,-1,-1,-1,-1,-1,-1,-1,-1,-1,-1,-1,-1,-1,-1,-1,-1,-1,-1,-1,-1,-1,-1,-1
10038,1,-1,-1,-1,-1,-1,-1,-1,-1,-1,-1,-0.0141796791806599,-0.0141796791806597,-0.0141796791806599,-0.0141796791806597,-0.0141796791806599,-0.0141796791806599,-0.0141796791806597,-0.0141796791806599,-0.0141796791806599,-0.0141796791806597,-0.0141796791806599,-0.0141796791806599,-0.0141796791806597,-0.0141796791806599,-0.0141796791806597,-0.0141796791806599,-0.0141796791806597,-0.0141796791806599,-0.0141796791806599,-0.0141796791806597,-0.0141796791806599,-0.0141796791806599,-0.0141796791806597,-0.0141796791806599,-0.0141796791806599,-0.0141796791806597,-0.0141796791806599,-1,-1,-1,-1,-1,-1,-1,-1,-1,-1
18238,1,-1,-1,-1,-1,-1,-1,-1,-1,-1,-1,-1,-1,-1,-1,-1,-0.05432317301469,-0.0543088014318387,-0.0541637606929917,-0.0537143910250732,-0.0528181253866378,-0.0514437031136288,-0.0497014720446818,-0.0477982505017467,-0.0459357990012699,-0.0442208761505813,-0.0426710073117842,-0.041286192484876,-0.0400664316698591,-0.0390117248667318,-0.0381220720754955,-0.0373974732961491,-0.0368379285286935,-0.0364434377731281,-0.0361513189992008,-0.0357161417288037,-0.0351405886680763,-0.0346364746434481,-0.0343584290418465,-0.0342752498170761,-1,-1,-1,-1,-1,-1,-1,-1
691,1,-1,-1,-1,-1,-1,-1,-1,-1,-1,-1,-1,-1,-1,-1,-1,-1,-1,-1,-1,0.243680971796905,-0.0174030854781242,-0.0174030854781242,-0.0174030854781242,-0.00822705720545769,-0.00822705720545747,0.296274110107321,-0.0242362597587633,-0.0242362597587635,-0.0242362597587633,-1,-1,-1,-1,-1,-1,-1,-1,-1,-1,-1,-1,-1,-1,-1,-1,-1,-1
6414,1,-1,-1,-1,-1,-1,-1,-1,-1,-1,-1,-1,-1,-1,-1,-1,-1,-1,-1,-1,-1,0.0105412701032006,0.0105412701032006,0.0105412701032006,0.0105412701032006,0.0105412701032007,0.552841968657781,-0.206596252762798,-0.206596252762798,-0.206596252762798,-1,-1,-1,-1,-1,-1,-1,-1,-1,-1,-1,-1,-1,-1,-1,-1,-1,-1
6413,1,-1,-1,-1,-1,-1,-1,-1,-1,-1,-1,-1,-1,-1,-1,-1,-1,-1,-1,-1,-1,-0.000609538616401062,-0.000609538616401062,-0.000609538616401062,-0.000609538616401062,-0.000609538616401117,0.294869686959163,0.0123806026681889,0.0123806026681889,0.012380602668189,-1,-1,-1,-1,-1,-1,-1,-1,-1,-1,-1,-1,-1,-1,-1,-1,-1,-1
6412,1,-1,-1,-1,-1,-1,-1,-1,-1,-1,-1,-1,-1,-1,-1,-1,-1,-1,-1,-1,-1,0.00109949438224358,0.00109949438224358,0.00109949438224347,0.00109949438224363,0.00109949438224349,0.0213193468271317,0.0444364620151798,0.0444364620151798,0.0444364620151799,-1,-1,-1,-1,-1,-1,-1,-1,-1,-1,-1,-1,-1,-1,-1,-1,-1,-1
6410,1,-1,-1,-1,-1,-1,-1,-1,-1,-1,-1,-1,-1,-1,-1,-1,-1,-1,-1,-1,-1,-0.0156709610599685,-0.0156709610599685,-0.0156709610599686,-0.0156709610599685,-0.0156709610599686,0.324337234632918,-0.0646882100225273,-0.0646882100225274,-0.0646882100225273,-1,-1,-1,-1,-1,-1,-1,-1,-1,-1,-1,-1,-1,-1,-1,-1,-1,-1
693,1,-1,-1,-1,-1,-1,-1,-1,-1,-1,-1,-1,-1,-1,-1,-1,-1,-1,-1,-1,-1,0.0278036429053108,0.0278036429053108,0.0278036429053108,0.0278036429053108,0.0278036429053108,-1,-1,-1,-1,-1,-1,-1,-1,-1,-1,-1,-1,-1,-1,-1,-1,-1,-1,-1,-1,-1,-1
17761,1,-1,-1,-1,-1,-1,-1,-1,-1,-1,-1,-1,-1,-1,-1,-1,-1,-1,-1,-1,-1,-1,-1,-1,-1,-1,-1,0.0304020094400601,0.0304020094400603,0.0304020094400601,0.0304020094400601,0.0304020094400603,0.0304020094400601,0.0304020094400601,-1,-1,-1,-1,-1,-1,-1,-1,-1,-1,-1,-1,-1,-1
9923,1,-1,-1,-1,-1,-1,-1,-1,-1,-1,-1,-1,-1,-1,-1,-1,-1,-1,-1,-1,-1,-1,-1,-1,-1,-1,-1,-1,-1,0.115448439296877,0.115448439296877,0.15928981759019,0.15928981759019,-0.0704992568310936,-0.0704992568310931,-0.336495580975082,-0.336495580975082,-1,-1,-1,-1,-1,-1,-1,-1,-1,-1,-1
11211,1,-1,-1,-1,-1,-1,-1,-1,-1,-1,-1,-1,-1,-1,-1,-1,-1,-1,-1,-1,-1,-1,-1,-1,-1,-1,-1,-1,-1,-1,-1,-1,-1,-1,-0.00548589797803078,0.205153880865985,-0.227817865501929,-1,-1,-1,-1,-1,-1,-1,-1,-1,-1,-1
17760,1,-1,-1,-1,-1,-1,-1,-1,-1,-1,-1,-1,-1,-1,-1,-1,-1,-1,-1,-1,-1,-1,-1,-1,-1,-1,-1,-1,-1,-1,-1,-1,-1,-1,-1,-1,-1,0.00454796022218185,0.00454796022218229,0.00454796022218185,-1,-1,-1,-1,-1,-1,-1,-1
17759,1,-1,-1,-1,-1,-1,-1,-1,-1,-1,-1,-1,-1,-1,-1,-1,-1,-1,-1,-1,-1,-1,-1,-1,-1,-1,-1,-1,-1,-1,-1,-1,-1,-1,-1,-1,-1,0.159040418239887,0.159040418239888,0.159040418239887,-1,-1,-1,-1,-1,-1,-1,-1
11984,1,-0.0267941602332993,-0.0267941602332993,-0.0267941602332997,-0.0267941602332993,-0.0267941602332993,-0.0267941602332993,-0.0267941602332993,-0.0267941602332997,-0.0267941602332993,-0.0267941602332993,-0.00344439795670493,-0.00344439795670493,-0.00344439795670448,-0.00344439795670493,-0.00344439795670537,-0.00344439795670448,-0.00344439795670493,-0.00344439795670493,-0.00344439795670493,-0.00344439795670493,-0.00344439795670493,-0.00344439795670493,-0.00344439795670493,-0.00344439795670493,-0.00344439795670493,-0.00344439795670493,-0.00344439795670493,-0.00344439795670493,-0.00344439795670493,-0.00344439795670493,-0.00344439795670448,-0.00344439795670493,-0.00344439795670493,-0.00344439795670493,-0.00344439795670493,0.334030255766907,0.097615609397065,-1,-1,-1,-1,-1,-1,-1,-1,-1,-1
12935,1,-1,-1,0.0100343331887993,0.0100343331887993,0.0100343331887993,0.0100343331887993,0.0100343331887998,0.0100343331887993,0.0100343331887993,0.0100343331887993,0.0100343331887993,0.0100343331887993,0.0100343331887993,0.0100343331887993,0.0100343331887998,0.0100343331887993,0.0100343331887993,0.0100343331887993,0.0100343331887993,0.0100343331887993,0.0100343331887993,0.0100343331887993,0.0100343331887993,0.0100343331887998,0.0100343331887993,0.0100343331887993,0.0100343331887993,0.0100343331887993,0.0100343331887993,0.0100343331887998,0.0100343331887993,0.0100343331887993,-1,-1,-1,-1,-1,-1,-1,-1,-1,-1,-1,-1,-1,-1,-1
4342,1,-1,-1,-1,-1,-1,-1,-1,-1,-1,-1,-1,-1,-1,-1,-1,0.755506292985746,0.598329001925545,0.298070381868306,-0.0608797500601053,-0.363874813454466,-0.53023470774868,-0.55301199918741,-0.495182464808522,-0.441903904643099,-1,-1,-1,-1,-1,-1,-1,-1,-1,-1,-1,-1,-1,-1,-1,-1,-1,-1,-1,-1,-1,-1,-1
4341,1,-1,-1,-1,-1,-1,-1,-1,-1,-1,-1,-1,-1,-1,-1,-1,0.178114298359341,0.179278437112179,0.0363413889803893,-0.286159618034446,-0.575449604298038,-0.509393778342354,0.0423867911695071,0.830726272515584,1.37922098422842,-1,-1,-1,-1,-1,-1,-1,-1,-1,-1,-1,-1,-1,-1,-1,-1,-1,-1,-1,-1,-1,-1,-1
4340,1,-1,-1,-1,-1,-1,-1,-1,-1,-1,-1,-1,-1,-1,-1,-1,0.292070927136329,0.225024673426589,0.0734590049020836,-0.125479619438064,-0.275228220696182,-0.279802450169373,-0.121558650316277,0.107343046964471,0.263905372153979,-1,-1,-1,-1,-1,-1,-1,-1,-1,-1,-1,-1,-1,-1,-1,-1,-1,-1,-1,-1,-1,-1,-1
13267,1,-1,-1,-1,-1,-1,-1,-1,-1,-1,-1,-1,-1,-1,-1,-1,-1,-1,-1,-1,-1,-1,-1,-1,-1,-1,-1,-1,-1,-1,-1,-1,-1,-1,-1,-1,0.167108402981668,-1,-1,-1,-1,-1,-1,-1,-1,-1,-1,-1
8577,1,0.0437469744730734,0.0441247064432195,0.0446916726394555,0.0450509341326271,0.0448753951767458,0.0441231461552354,0.0429358423111204,0.0413625703724119,0.0393069188377151,0.0368120832756276,0.0342673113858156,0.0321345547903125,0.0304529562154299,0.0287703034843902,0.026640114965832,0.0240755308930201,0.0214304821032156,0.0189688837007322,0.0167385004946023,0.0148185805402132,0.0134409169311542,0.0127444087843216,0.0125487387316383,-1,-1,-1,-1,-1,-1,-1,-1,-1,-1,-1,-1,-1,-1,-1,-1,-1,-1,-1,-1,-1,-1,-1,-1
8576,1,0.0405619375146991,0.0410384964457329,0.0415504316254216,0.0414813066006001,0.0405388287238591,0.0388000868343088,0.0363812352856874,0.0332919905196869,0.0296741339168118,0.0260311143485081,0.0230380227618214,0.0210786820550553,0.0200249109825048,0.0194774383060947,0.0191484231006394,0.0189760095280214,0.0189629750963833,0.0190401531183104,0.0191111565929694,0.0191406109517436,-1,-1,-1,-1,-1,-1,-1,-1,-1,-1,-1,-1,-1,-1,-1,-1,-1,-1,-1,-1,-1,-1,-1,-1,-1,-1,-1
3593,1,0.0401678613460383,0.0421889401762545,0.0448902616657669,0.0464326677884781,0.0460399950993713,0.0440120510187008,0.0405910512789349,0.035520570137642,0.0288961847701277,0.0220073984812439,0.0167721894423218,0.0141796108450745,0.013533292418213,-1,-1,-1,-1,-1,-1,-1,-1,-1,-1,-1,-1,-1,-1,-1,-1,-1,-1,-1,-1,-1,-1,-1,-1,-1,-1,-1,-1,-1,-1,-1,-1,-1,-1
9409,1,-1,-1,-0.157607853361668,0.176091259055681,-0.0184834056940131,0.115393418702069,-1,-1,-1,-1,-1,-1,-1,-1,-1,-1,-1,-1,-1,-1,-1,-1,-1,-1,-1,-1,-1,-1,-1,-1,-1,-1,-1,-1,-1,-1,-1,-1,-1,-1,-1,-1,-1,-1,-1,-1,-1
8575,1,-1,-1,-1,-1,-1,-1,-1,-1,-1,-1,-1,-1,-1,-1,0.0497889039609332,0.0464704661978808,0.0384822281616273,0.0259739525188492,0.0114068886635634,-0.00155354555120191,-0.0101089205357807,-0.0138865658920864,-0.0147303508199501,-1,-1,-1,-1,-1,-1,-1,-1,-1,-1,-1,-1,-1,-1,-1,-1,-1,-1,-1,-1,-1,-1,-1,-1
14946,1,-1,-1,-1,-1,-1,-1,-1,-1,-1,-1,-1,-1,-1,-1,-1,-1,-1,-1,-1,-1,-1,-1,-1,-1,-1,-1,-1,-1,-1,-1,-1,-1,-1,0.0138986095165589,-0.0246224749083321,-0.139661993429006,0.17107045768063,-0.253257213867981,-1,-1,-1,-1,-1,-1,-1,-1,-1
1088,1,-1,0.025712328991315,0.025712328991315,0.0257123289913153,0.025712328991315,0.025712328991315,0.025712328991315,0.025712328991315,0.145047894108134,0.145047894108134,0.145047894108135,0.145047894108134,-0.105180792911189,-0.105180792911189,-0.105180792911189,-1,-1,-1,-1,-1,-1,-1,-1,-1,-1,-1,-1,-1,-1,-1,-1,-1,-1,-1,-1,-1,-1,-1,-1,-1,-1,-1,-1,-1,-1,-1,-1
1087,1,-1,-1,-1,-1,-1,-1,-1,-1,-1,-1,-1,-1,-1,-1,-1,0.00164199400896603,0.00164199400896603,0.00164199400896603,0.00164199400896603,0.00164199400896603,-0.000981466898949179,-0.000981466898948735,-0.000981466898948735,-0.000981466898948735,-0.000981466898948735,-1,-1,-1,-1,-1,-1,-1,-1,-1,-1,-1,-1,-1,-1,-1,-1,-1,-1,-1,-1,-1,-1
1086,1,-1,-1,-1,-1,-1,-1,-1,-1,-1,-1,-1,-1,-1,-1,-1,0.00992987224997455,0.0099298722499741,0.00992987224997455,0.0099298722499741,0.0099298722499741,-1,-1,-1,-1,-1,-1,-1,-1,-1,-1,-1,-1,-1,-1,-1,-1,-1,-1,-1,-1,-1,-1,-1,-1,-1,-1,-1
25408,1,-1,-1,-1,-1,-1,-1,-1,-1,-1,-1,-1,-1,-1,-1,-1,-1,-1,-1,-1,-1,-1,-1,-1,-1,-1,-1,-1,-1,-1,-1,-1,-1,-1,-1,0.567510722358922,-0.347710535417835,-0.505766436169192,0.695003817118417,-1,-1,-1,-1,-1,-1,-1,-1,-1
10497,1,-1,-1,-1,-1,-1,-1,-1,-1,-1,-1,-1,-1,-1,-1,-1,-1,-1,-1,-1,-1,-1,-1,-1,-1,-1,-1,-1,-1,-1,-1,-1,-1,-1,-1,-0.0348022091709079,-0.207154458312845,0.157790429764031,-1,-1,-1,-1,-1,-1,-1,-1,-1,-1
25499,1,-1,-1,-1,-1,-1,-1,-1,-1,-1,-1,-1,-1,-1,-1,-1,-1,-1,-1,-1,-1,-1,-1,-1,-1,-1,-1,-1,-1,-1,-1,-1,-1,-1,-1,-1,-1,-0.00740036267834276,-0.00724512275214687,-0.00604726425898749,-0.00281807773370849,0.00232489714561868,0.00767344745434625,0.0109321927174376,-1,-1,-1,-1
670,1,-1,0.0762104849736152,0.0762104849736152,0.0762104849736152,0.0762104849736152,0.0762104849736152,0.0762104849736156,0.0762104849736152,0.0762104849736147,0.0762104849736156,0.0762104849736156,0.0762104849736147,0.0762104849736156,0.0762104849736147,0.0762104849736156,0.0351411069134127,0.0351411069134135,0.0351411069134135,0.0351411069134127,0.0351411069134135,0.0351411069134127,0.0351411069134135,0.0351411069134127,0.0351411069134135,-1,-1,-1,-1,-1,-1,-1,-1,-1,-1,-1,-1,-1,-1,-1,-1,-1,-1,-1,-1,-1,-1,-1
3503,1,-1,-1,-1,-1,0.144975651423839,0.135691300382037,0.118789109737771,0.0986814954344291,0.0794223121998932,0.0628584019849637,0.0493821520138327,0.0395436284155309,0.0344107413149854,-1,-1,-1,-1,-1,-1,-1,-1,-1,-1,-1,-1,-1,-1,-1,-1,-1,-1,-1,-1,-1,-1,-1,-1,-1,-1,-1,-1,-1,-1,-1,-1,-1,-1
3502,1,-1,-1,-1,-1,-0.046434570848509,-0.00250553323097691,0.0437207256780567,0.0461961707043472,0.00245349376006665,-0.0447503466877972,-0.0507906386716876,-0.0136352628988314,0.0249626281612301,-1,-1,-1,-1,-1,-1,-1,-1,-1,-1,-1,-1,-1,-1,-1,-1,-1,-1,-1,-1,-1,-1,-1,-1,-1,-1,-1,-1,-1,-1,-1,-1,-1,-1
17774,1,-1,-1,-1,-1,-1,0.10649218306807,0.10649218306807,0.10649218306807,0.10649218306807,0.0639067939985788,0.0639067939985787,0.0639067939985788,0.0639067939985786,-0.0125891273080205,0.0153664917807139,0.0153664917807139,0.0153664917807139,0.0153664917807139,0.015366491780714,0.0153664917807139,0.015366491780714,0.0153664917807139,0.0153664917807139,0.015366491780714,0.0153664917807138,0.015366491780714,0.0153664917807139,-0.0282566782150372,-0.028256678215037,-0.0146780154558127,-0.0309337142436508,0.051637767880485,0.0516377678804851,0.0249181803886993,0.0249181803886992,0.0249181803886994,0.00525574533912532,0.00525574533912554,-1,-1,-1,-1,-1,-1,-1,-1,-1
17770,1,-1,-1,-1,-1,-1,-0.000699586888029236,-0.00069958688802646,-0.000699586888024295,-0.000699586888029624,-0.000699586888042947,-0.000699586888061154,-0.000699586888077253,-0.000699586888090353,-0.000699586888100456,-0.000699586888109616,-0.000699586888118664,-0.000699586888130543,-0.000699586888148473,-0.000699586888180725,-0.00069958688823285,-0.00069958688830607,-0.000699586888390336,-0.000699586888474268,-0.000699586888543657,-0.000699586888590287,-0.000699586888614268,-0.000699586888623094,-0.000699586888627646,-0.000699586888638692,-0.000699586888656234,-0.000699586888677384,-0.00069958688869548,-0.000699586888708137,-0.000699586888716797,-0.000699586888720571,-0.000699586888719017,-0.000699586888714687,-0.000699586888711801,-1,-1,-1,-1,-1,-1,-1,-1,-1
17769,1,-1,-1,-1,-1,-1,-0.00978985821175249,-0.00972369648376736,-0.00956143721617808,-0.00912687317343874,-0.00792607026192094,-0.00528485704945192,-0.000777888267712523,0.00543504666737615,0.0125968559205605,0.0195205210528568,0.0247489328958008,0.0268193521746516,0.0248328955435949,0.0191242518902054,0.0114205815288433,0.00413593243831001,-0.000757675508779032,-0.00240817435765694,-0.000932524288828063,0.00307198076854087,0.00867447082997808,0.0144356927989985,0.018566223011904,0.0197391012760665,0.017922431022162,0.0142397453482688,0.00990300069785266,0.00516048324930429,-6.15839133267793e-05,-0.00605830845382205,-0.0129034672881285,-0.0198145219399384,-0.0236613185039952,-1,-1,-1,-1,-1,-1,-1,-1,-1
3511,1,-1,-1,-1,-1,-1,0.138210492164445,0.138210492164445,0.138210492164445,0.138210492164445,0.0179705018265315,0.017970501826531,0.0179705018265315,0.0179705018265315,-1,-1,-1,-1,-1,-1,-1,-1,-1,-1,-1,-1,-1,-1,-1,-1,-1,-1,-1,-1,-1,-1,-1,-1,-1,-1,-1,-1,-1,-1,-1,-1,-1,-1
3510,1,-1,-1,-1,-1,-1,0.0108664234452727,0.0108664234452727,0.0108664234452724,0.0108664234452727,0.0387254899964358,0.0387254899964358,0.0387254899964358,0.0387254899964358,-1,-1,-1,-1,-1,-1,-1,-1,-1,-1,-1,-1,-1,-1,-1,-1,-1,-1,-1,-1,-1,-1,-1,-1,-1,-1,-1,-1,-1,-1,-1,-1,-1,-1
3509,1,-1,-1,-1,-1,-1,-0.00517237228999479,-0.00517237228999479,-0.00517237228999479,-0.00517237228999479,-0.00517237228999479,-0.00517237228999479,-0.0696359281413945,0.378634853476651,-1,-1,-1,-1,-1,-1,-1,-1,-1,-1,-1,-1,-1,-1,-1,-1,-1,-1,-1,-1,-1,-1,-1,-1,-1,-1,-1,-1,-1,-1,-1,-1,-1,-1
3508,1,-1,-1,-1,-1,-1,-0.602059991327962,0.318080836479775,0.318080836479775,0.318080836479775,-0.0880456295278406,-0.0880456295278407,0.0669467896306132,-0.0669467896306132,-1,-1,-1,-1,-1,-1,-1,-1,-1,-1,-1,-1,-1,-1,-1,-1,-1,-1,-1,-1,-1,-1,-1,-1,-1,-1,-1,-1,-1,-1,-1,-1,-1,-1
3507,1,-1,-1,-1,-1,-1,-0.234083206033368,0.13672482169635,0.13672482169635,0.13672482169635,0.0117405479247616,0.0117405479247612,-0.048304679574555,0.149762320333332,-1,-1,-1,-1,-1,-1,-1,-1,-1,-1,-1,-1,-1,-1,-1,-1,-1,-1,-1,-1,-1,-1,-1,-1,-1,-1,-1,-1,-1,-1,-1,-1,-1,-1
3506,1,-1,-1,-1,-1,-1,0.0532455119532251,-0.0170333392987805,0.127636252551653,0.127636252551653,-0.160387026929869,-0.160387026929869,0.151861379431181,0.0140107144428145,-1,-1,-1,-1,-1,-1,-1,-1,-1,-1,-1,-1,-1,-1,-1,-1,-1,-1,-1,-1,-1,-1,-1,-1,-1,-1,-1,-1,-1,-1,-1,-1,-1,-1
17779,1,-1,-1,-1,-1,-1,-1,0.0231392120106682,0.0240366836136613,0.0257701747025102,0.0277793117363721,0.0291423851118637,0.0289937303404678,0.0269373826451979,0.0232270298782934,0.018600147757207,0.0137942625896304,0.00902532850796722,0.00461057099423512,0.000908092027322616,-0.00169772670332397,-0.00291357640513207,-0.0027114249382944,-0.00130066303733412,0.00112490864747561,0.00458280751688922,0.00915709037088103,0.0145816857704065,0.0199598260227332,0.024174471853277,0.0269852224756559,0.0283920778898694,0.0285050146213013,0.0279184070127924,0.0273601045549479,0.0269845754890742,0.0267918198151733,0.0267818375332431,0.026895367892948,-1,-1,-1,-1,-1,-1,-1,-1,-1
17775,1,-1,-1,-1,-1,-1,-1,0.0152838318834264,0.0152284261824857,0.0152015477305682,0.0153007672513357,0.0155442047343744,0.0158703763749402,0.0162027491081757,0.0164738852963359,0.0165861103776825,0.0164177295696544,0.0159309111604127,0.0150965058706042,0.0139960835876561,0.0127786531598059,0.0115289176983669,0.0102291438029446,0.00886043646560064,0.00750643790919731,0.00630897015245224,0.00530841022822426,0.0043559484142458,0.00321878591496322,0.00176529855723839,3.51686484469371e-05,-0.00167732703853801,-0.00310652042009474,-0.00417984227376544,-0.00493945144676911,-0.00557685066907077,-0.00613991562316052,-0.00660030779658477,-0.0068446731395248,-1,-1,-1,-1,-1,-1,-1,-1,-1
3501,1,-1,-1,-1,-1,-1,-1,0.0258935847037086,0.025893584703522,0.0258935847026593,0.0258935847006052,0.0258935846974786,0.02589358469429,0.0258935846923642,-1,-1,-1,-1,-1,-1,-1,-1,-1,-1,-1,-1,-1,-1,-1,-1,-1,-1,-1,-1,-1,-1,-1,-1,-1,-1,-1,-1,-1,-1,-1,-1,-1,-1
3500,1,-1,-1,-1,-1,-1,-1,0.0269083247183053,0.0269083247178163,0.0269083247169379,0.0269083247159245,0.0269083247150372,0.0269083247144288,0.0269083247141428,-1,-1,-1,-1,-1,-1,-1,-1,-1,-1,-1,-1,-1,-1,-1,-1,-1,-1,-1,-1,-1,-1,-1,-1,-1,-1,-1,-1,-1,-1,-1,-1,-1,-1
17777,1,-1,-1,-1,-1,-1,-1,-1,-0.160296991872449,0.168265921543725,0.0604771358863311,0.0604771358863312,0.0604771358863311,0.0604771358863311,0,0,0,0,0.118099312077994,0.00785221319249985,0.00785221319249985,0.00785221319249974,0.00785221319249985,0.00785221319249996,0.00785221319249985,0.00785221319249985,0.0656432534386657,-0.0439240037454295,-0.127837264488116,0.191331225612418,-0.0187004986662432,0.0948203803547998,0.00486026075445034,-0.131197692555315,0.0681459468082259,-0.141206349322753,0.0568854636227173,-0.114719571426614,-1,-1,-1,-1,-1,-1,-1,-1,-1,-1
17776,1,-1,-1,-1,-1,-1,-1,-1,-0.0393706918992744,0.168630802290217,0.0215896789269256,0.0215896789269256,0.0215896789269256,0.0215896789269256,0.0215896789269255,-0.0057001389951718,-0.00570013899517186,-0.00570013899517174,0.076557102221476,0.00672450635121519,0.00672450635121524,0.00672450635121513,0.00672450635121524,0.00672450635121519,0.00672450635121524,0.00672450635121513,-0.0242836562292703,-0.0169778419526051,0.00998422090660095,-0.263241434774581,0.355615693949756,-0.165951627704801,0.0163904161881694,-0.0386668108993216,0.123176890452013,-0.223617772355203,-0.0334733948153066,-0.0334733948153066,-1,-1,-1,-1,-1,-1,-1,-1,-1,-1
17773,1,-1,-1,-1,-1,-1,-1,-1,0.00546942576019555,-0.00812645923471944,-0.0201813484534725,-0.0126873145318956,0.0156384719868435,0.0483764071712416,0.0680003469341204,0.0694716715262678,0.059165872802881,0.0451172066240026,0.0294930326848458,0.0146808858317025,0.00272091481199999,-0.00600200969803411,-0.011487887698394,-0.0137367191890807,-0.0127485041700978,-0.00852324264144322,-0.00261855511701736,-0.00107481279528754,-0.0031964924648773,-0.00165011600157472,0.00926390812499889,0.0269178346919404,0.0416812359718859,0.0447629842592636,0.034849279788973,0.0180314269454458,0.0027172262405275,-0.00545142544267041,-1,-1,-1,-1,-1,-1,-1,-1,-1,-1
17768,1,-1,-1,-1,-1,-1,-1,-1,0.0194487927302614,0.0211878204739998,0.0231208232819161,0.0248615379841212,0.0264099645806091,0.0277661030713862,0.0289299534564457,0.0297283007482161,0.0295103679253773,0.028355697706984,0.0266096967604548,0.0240610426184845,0.0199215877124739,0.0136407442641541,0.00577540944924126,-0.00197452067533399,-0.00769550216448145,-0.0103642144292191,-0.0101671782358936,-0.00785175200818089,-0.00387464027895545,0.00175855003053438,0.00888536830276232,0.0163727599924054,0.021919304561675,0.0229078400626872,0.0179954522379132,0.00827078594016217,-0.00299640991262262,-0.0123824118639707,-0.0190446354335283,-0.0224432287075246,-1,-1,-1,-1,-1,-1,-1,-1
18257,1,-1,-1,-1,-1,-1,-1,-1,-1,-0.016228189761881,-0.0162281897618809,-0.016228189761881,-0.0162281897618809,-0.016228189761881,-0.0162281897618809,-0.062361447728828,0.332173742576601,0.0476045724811405,-0.00265765711199489,-0.0539869259339449,-0.0921782007954972,0.135131105847561,0.0936593942441977,-0.0992110881038539,0.0340334380708636,0.0815758740495187,-0.0473948395109689,0.121881766727783,-0.102007828394269,0.0539607599293197,0.0539607599293196,0.0202103568499107,0.111273209136452,-0.0240071001497708,-0.0240071001497707,0.0284633236555987,0.0284633236555984,0.0284633236555986,-0.0409682345315729,-0.0409682345315731,0.014870270655178,0.0148702706551781,0.0300587066837538,0.0300587066837535,-1,-1,-1,-1
17780,1,-1,-1,-1,-1,-1,-1,-1,-1,0.331153150725023,0.0362567138385789,0.0362567138385789,0.0362567138385789,0.0362567138385789,0.0362567138385789,-0.103911215165313,-0.103911215165313,0.0995198210807865,0.119942689115208,-0.00337153609786844,-0.00337153609786844,-0.00337153609786833,-0.00337153609786844,-0.00337153609786844,-0.00337153609786844,-0.00337153609786833,0.109312865891661,-0.0149874942221951,-0.0104951890467424,-0.0488932044135337,0.0860042793234925,-0.190676057497362,0.156057353742971,0.114086707476286,-0.0614868800125471,-0.319585203372195,0.00228578153724179,0.00228578153724157,-1,-1,-1,-1,-1,-1,-1,-1,-1,-1
17772,1,-1,-1,-1,-1,-1,-1,-1,-1,0.0183783569535058,0.0217384731734158,0.028458705613281,0.0385390542730315,0.0519795191527254,0.0687801002523496,0.0822367511583554,0.067357189553513,0.031507244986568,0.00763177076574861,0.0156189832169801,0.0409771339217733,0.0513719660715619,0.0320185972829727,0.00142814359170507,-0.00933992931229211,0.00875075541463177,0.0319905875634351,0.0291529315395206,-0.00395280225705752,-0.0376148282329611,-0.0379829788929837,-0.00343840537722295,0.0383934516934789,0.0568546830800571,0.0490216283552332,0.0372987806678456,0.0274445147854285,0.0194588307079437,0.0135400566572809,0.0104815055210046,-1,-1,-1,-1,-1,-1,-1,-1
817,1,-1,-1,-1,-1,-1,-1,-1,-1,-1,-1,0.0103149729356748,0.0103149729356748,0.0103149729356744,0.0103149729356748,0.0103149729356748,0.0258613838186248,0.0258613838186252,0.0258613838186248,0.0258613838186248,0.0258613838186252,-1,-1,-1,-1,-1,-1,-1,-1,-1,-1,-1,-1,-1,-1,-1,-1,-1,-1,-1,-1,-1,-1,-1,-1,-1,-1,-1
5178,1,-1,-1,-1,-1,-1,-1,-1,-1,-1,-1,-1,-1,0.015821710752133,0.0158217107521743,0.0158217107519105,0.0158217107510397,0.015821710749671,0.0158217107481786,0.0158217107466805,0.0158217107452745,0.0158217107439311,0.0158217107426455,0.0158217107415846,0.0158217107409651,0.0158217107407992,0.0158217107408445,-1,-1,-1,-1,-1,-1,-1,-1,-1,-1,-1,-1,-1,-1,-1,-1,-1,-1,-1,-1,-1
5179,1,-1,-1,-1,-1,-1,-1,-1,-1,-1,-1,-1,-1,-1,0.0236943008352795,0.0236943008354691,0.0236943008357984,0.0236943008361237,0.0236943008362854,0.0236943008362457,0.0236943008359772,0.0236943008355275,0.023694300835005,0.0236943008345332,0.0236943008341972,0.0236943008340165,0.0236943008339543,-1,-1,-1,-1,-1,-1,-1,-1,-1,-1,-1,-1,-1,-1,-1,-1,-1,-1,-1,-1,-1
17778,1,-1,-1,-1,-1,-1,-1,-1,-1,-1,-1,-1,-1,-1,-1,0.0122776934603948,0.0911213652917955,0.0914781749446339,0.0514836657969385,0.0444632763029918,0.0444632763029921,0.044463276302992,0.044463276302992,0.157938996711225,0.0336952743966399,0.00895484265292645,-0.0647978763798394,0.11954638422025,-0.0686321055014298,-0.00658072302898538,-0.00658072302898538,-0.0481659864239501,0.0825348880552126,0.026301294421307,0.026301294421307,-0.0106787440001028,-0.0106787440001028,-0.0106787440001028,-0.0045495848447743,-0.00454958484477452,-1,-1,-1,-1,-1,-1,-1,-1
18343,1,-1,-1,-1,-1,-1,-1,-1,-1,-1,-1,-1,-1,-1,-1,-1,-1,-1,0.436119649715648,-1,-1,-1,-1,-1,-1,-1,-1,-1,-1,-1,-1,-1,-1,-1,-1,-1,-1,-1,-1,-1,-1,-1,-1,-1,-1,-1,-1,-1
5180,1,-1,-1,-1,-1,-1,-1,-1,-1,-1,-1,-1,-1,-1,-1,-1,-1,-1,-1,0.0247972397516976,0.0247972397514375,0.0247972397508582,0.0247972397499521,0.0247972397488054,0.0247972397476124,0.0247972397466492,0.0247972397461396,-1,-1,-1,-1,-1,-1,-1,-1,-1,-1,-1,-1,-1,-1,-1,-1,-1,-1,-1,-1,-1
17767,1,-1,-1,-1,-1,-1,-1,-1,-1,-1,-1,-1,-1,-1,-1,-1,-1,-1,-1,-1,-1,0.308053779190944,0.0291883891274822,0.285854415904344,0.285854415904344,-0.0339590743757533,-0.0339590743757532,-0.00239565973851408,-0.00239565973851397,-1,-1,-1,-1,-1,-1,-1,-1,-1,-1,-1,-1,-1,-1,-1,-1,-1,-1,-1
17766,1,-1,-1,-1,-1,-1,-1,-1,-1,-1,-1,-1,-1,-1,-1,-1,-1,-1,-1,-1,-1,0.602059991327962,0,-0.0501716659439969,-0.0501716659439969,-0.0501716659439969,-0.0501716659439969,-0.0501716659439969,-0.0501716659439969,-1,-1,-1,-1,-1,-1,-1,-1,-1,-1,-1,-1,-1,-1,-1,-1,-1,-1,-1
17765,1,-1,-1,-1,-1,-1,-1,-1,-1,-1,-1,-1,-1,-1,-1,-1,-1,-1,-1,-1,-1,-0.221414237842339,0.125481265700594,-0.0504432700662483,-0.0504432700662482,-0.0504432700662483,-0.0504432700662482,-0.0504432700662483,-0.0504432700662482,-1,-1,-1,-1,-1,-1,-1,-1,-1,-1,-1,-1,-1,-1,-1,-1,-1,-1,-1
17764,1,-1,-1,-1,-1,-1,-1,-1,-1,-1,-1,-1,-1,-1,-1,-1,-1,-1,-1,-1,-1,2.09034234164652,0.0691130510566705,-0.101510779408795,-0.101510779408795,-0.101510779408795,-0.101510779408795,-0.101510779408795,-0.101510779408795,-1,-1,-1,-1,-1,-1,-1,-1,-1,-1,-1,-1,-1,-1,-1,-1,-1,-1,-1
17763,1,-1,-1,-1,-1,-1,-1,-1,-1,-1,-1,-1,-1,-1,-1,-1,-1,-1,-1,-1,-1,0.0882609038995432,0.157390760389438,-0.135417605153615,-0.135417605153615,0.111571609984678,0.111571609984678,-0.246457760951447,-0.246457760951447,-1,-1,-1,-1,-1,-1,-1,-1,-1,-1,-1,-1,-1,-1,-1,-1,-1,-1,-1
17762,1,-1,-1,-1,-1,-1,-1,-1,-1,-1,-1,-1,-1,-1,-1,-1,-1,-1,-1,-1,-1,-0.544068044350276,0.602059991327962,-0.0501716659439968,-0.0501716659439969,-0.0501716659439968,-0.0501716659439969,-0.0501716659439968,-0.0501716659439969,-1,-1,-1,-1,-1,-1,-1,-1,-1,-1,-1,-1,-1,-1,-1,-1,-1,-1,-1
5193,1,-1,-1,-1,-1,-1,-1,-1,-1,-1,-1,-1,-1,-1,-1,-1,-1,-1,-1,-1,-1,0.000548587555454755,0.000548587554834959,0.000548587553872375,0.000548587553059879,0.000548587552709603,0.000548587552813305,0.000548587553229812,0.000548587553852571,0.000548587554596233,0.000548587555368928,0.000548587555846955,-1,-1,-1,-1,-1,-1,-1,-1,-1,-1,-1,-1,-1,-1,-1,-1
12934,1,-1,-1,-0.0244131253274322,-0.0244131253274322,-0.0244131253274322,-0.0244131253274322,-0.0244131253274325,-0.0244131253274322,-0.0244131253274322,-0.0244131253274322,-0.0244131253274325,-0.0244131253274322,-0.0244131253274322,-0.0244131253274325,-0.0244131253274322,-0.0244131253274322,-0.0244131253274322,-0.0244131253274322,-0.0244131253274325,-0.0244131253274322,-0.0244131253274322,-0.0244131253274322,-0.0244131253274322,-0.0244131253274325,-0.0244131253274322,-0.0244131253274325,-0.0244131253274322,-0.0244131253274322,-0.0244131253274322,-0.0244131253274325,-0.0244131253274322,-0.0244131253274322,-1,-1,-1,-1,-1,-1,-1,-1,-1,-1,-1,-1,-1,-1,-1
4539,1,-1,-1,-1,-1,-1,-1,-1,-1,-1,-1,-1,-1,-1,-1,-1,-1,-1,0.0547545709871659,0.054170387443976,0.0535352885653521,0.0533780859284592,0.0534228224189026,0.0526911800858614,0.0503913675456777,0.0465510176627149,0.0418160646771284,0.0368335718083306,0.0319203652628606,0.0271606679263079,0.0225636629595303,0.0181832205001018,0.0142529424643878,0.0108916452451875,0.00809467546780862,0.00590568043391726,0.00441686632392746,0.00361193199020438,0.0033476792032423,0.00353218065971683,0.00419990007125759,0.00532133295159554,0.00662624306875204,0.00775020002324922,0.00854146644261311,0.00910659220310994,0.00954885759168556,0.00980837510142618
12933,1,-1,-1,-0.00801830827608663,-0.00801830827608674,-0.00801830827608663,-0.00801830827608663,-0.00801830827608674,-0.00801830827608663,-0.00801830827608663,-0.00801830827608663,-0.00801830827608663,-0.00801830827608674,-0.00801830827608663,-0.00801830827608674,-0.00801830827608652,-0.00801830827608674,-0.00801830827608663,-0.00801830827608663,-0.00801830827608674,-0.00801830827608663,-0.00801830827608663,-0.00801830827608674,-0.00801830827608652,-0.00801830827608674,-0.00801830827608663,-0.00801830827608663,-0.00801830827608663,-0.00801830827608674,-0.00801830827608663,-0.00801830827608663,-0.00801830827608674,-1,-1,-1,-1,-1,-1,-1,-1,-1,-1,-1,-1,-1,-1,-1,-1
4546,1,-1,-1,-1,-1,-1,-1,-0.0326980117636668,-0.0185186896771379,0.0133256318096586,0.0501914814580069,0.066477959626444,0.0489039664303093,0.0142513106082842,-0.00597098754388625,-0.00127262891436075,0.00363240070613102,-0.0225709353096506,-0.076871538089514,-0.120214895449297,-1,-1,-1,-1,-1,-1,-1,-1,-1,-1,-1,-1,-1,-1,-1,-1,-1,-1,-1,-1,-1,-1,-1,-1,-1,-1,-1,-1
4533,1,-1,-1,-1,-1,-1,-1,-0.0506312962233062,-0.0532192758649688,-0.0493035129747477,-0.0324703657095038,-0.00890263137733771,0.00706899372118253,0.00622791274733303,-0.00869223410900077,-0.0289034113145421,-0.0491860238549973,-0.0693997306021596,-0.0881502749234258,-0.0997588088042616,-1,-1,-1,-1,-1,-1,-1,-1,-1,-1,-1,-1,-1,-1,-1,-1,-1,-1,-1,-1,-1,-1,-1,-1,-1,-1,-1,-1
4532,1,-1,-1,-1,-1,-1,-1,-1,0.00644463111259252,0.0195506796050426,0.0307827603017501,0.0253016118705762,0.00849857451403846,-0.000507380199553431,0.00462115051977574,0.00603015608899349,-0.0174022124258335,-0.0608416120139756,-0.0942313739907399,-1,-1,-1,-1,-1,-1,-1,-1,-1,-1,-1,-1,-1,-1,-1,-1,-1,-1,-1,-1,-1,-1,-1,-1,-1,-1,-1,-1,-1
4536,1,-1,-1,-1,-1,-1,-1,-1,-1,0.152610163206159,0.0174300351437799,0.0174300351437802,0.0174300351437799,0.0174300351437799,0.0174300351437802,-0.0561159419789314,0.0144818479676583,0.0144818479676583,-0.345233658156035,-0.146128035678238,-1,-1,-1,-1,-1,-1,-1,-1,-1,-1,-1,-1,-1,-1,-1,-1,-1,-1,-1,-1,-1,-1,-1,-1,-1,-1,-1,-1
21326,1,-1,-1,-1,-1,-1,-1,-1,-1,-1,-1,0.0445281053200648,0.0293990721338182,0.00794428684163218,-0.00508041099286816,-0.0083086072571168,-0.0195825506463336,-0.04945933373808,-0.074868786241628,-0.060639943487842,-0.0113057483775496,0.0227259449759836,0.00642385651352084,-0.0322780994024809,-0.0403720855677168,-0.0121681192296361,0.00810245053091441,-0.00555653573965076,-0.0254315991547944,-0.0164228499663122,0.0117937659100922,0.0240906842421755,0.0127313639433295,0.000886218494914326,0.00110257455438822,0.00112529127395788,-0.00636477525652124,-0.00806193186647897,0.00495299182971665,0.018747829768621,0.0184153022465159,0.011754402223946,0.0139072254531702,0.0215739500291923,-1,-1,-1,-1
4534,1,-1,-1,-1,-1,-1,-1,-1,-1,-1,-1,-1,-1,-1,-0.0669467896306133,-0.410174465089049,0,-0.146128035678238,-0.0969100130080565,0.176091259055681,-1,-1,-1,-1,-1,-1,-1,-1,-1,-1,-1,-1,-1,-1,-1,-1,-1,-1,-1,-1,-1,-1,-1,-1,-1,-1,-1,-1
4535,1,-1,-1,-1,-1,-1,-1,-1,-1,-1,-1,-1,-1,-1,-1,-1,-1,-1,-0.138302698166281,-0.1249387366083,-1,-1,-1,-1,-1,-1,-1,-1,-1,-1,-1,-1,-1,-1,-1,-1,-1,-1,-1,-1,-1,-1,-1,-1,-1,-1,-1,-1
8618,1,-1,-1,-1,-1,-1,-1,-1,-1,-1,-1,-1,-1,-1,-1,-1,-1,-1,-1,0.0652832804441985,0.0653619218647166,0.0656097009058088,0.0661794188450084,0.0672504999264054,0.0689261883340289,0.0711234429901442,0.0735771929619198,0.0759811161644313,0.0781413698821856,0.0800045084853251,0.0815617684834637,0.0827639759783367,0.0835494682362294,0.0839374430697317,0.0840582535754693,-1,-1,-1,-1,-1,-1,-1,-1,-1,-1,-1,-1,-1
12501,1,-1,-1,0.00323033376693527,0.00323033376693482,0.00323033376693527,0.00323033376693527,0.00323033376693527,0.00323033376693527,0.00323033376693527,0.00323033376693527,0.00323033376693527,0.00323033376693527,0.00323033376693482,0.00323033376693527,0.00323033376693527,0.00323033376693527,0.00323033376693527,0.00323033376693527,0.00323033376693527,0.00323033376693527,0.00323033376693482,0.00323033376693571,0.00323033376693482,0.00323033376693527,0.00323033376693527,0.00323033376693527,0.00323033376693527,0.00323033376693527,0.00323033376693527,0.00323033376693482,0.00323033376693527,0.00323033376693527,-1,-1,-1,-1,-1,-1,-1,-1,-1,-1,-1,-1,-1,-1,-1
12488,1,-1,-1,-1,-1,-1,-1,-1,-1,-1,-1,-1,-1,-1,-1,-1,-1,-1,-1,-1,-1,-1,-0.45484486000851,0.916453948549925,0.0329360580949878,-1,-1,-1,-1,-1,-1,-1,-1,-1,-1,-1,-1,-1,-1,-1,-1,-1,-1,-1,-1,-1,-1,-1
17740,1,-1,-1,-1,-1,-1,-1,-1,-1,-1,-1,-1,-1,-1,-1,-1,-1,-1,-1,-1,-1,-1,-1,-1,-1,-1,-1,-1,-1,-1,-1,0.367976785294594,-0.243038048686294,1.19728055812562,-0.155887872967394,0.0193051551953867,-1,-1,-1,-1,-1,-1,-1,-1,-1,-1,-1,-1
12500,1,-1,-1,-0.0042655063746162,-0.00426550637461631,-0.0042655063746162,-0.0042655063746162,-0.00426550637461631,-0.00426550637461631,-0.00426550637461631,-0.0042655063746162,-0.0042655063746162,-0.00426550637461631,-0.00426550637461631,-0.0042655063746162,-0.00426550637461631,-0.0042655063746162,-0.0042655063746162,-0.00426550637461631,-0.00426550637461631,-0.0042655063746162,-0.00426550637461631,-0.0042655063746162,-0.00426550637461631,-0.0042655063746162,-0.00426550637461631,-0.0042655063746162,-0.00426550637461631,-0.00426550637461631,-0.0042655063746162,-0.0042655063746162,-0.00426550637461631,-0.00426550637461631,-1,-1,-1,-1,-1,-1,-1,-1,-1,-1,-1,-1,-1,-1,-1
8966,1,-1,-1,-1,-1,-1,-1,-1,-1,-1,-1,-1,-1,-1,-1,-1,-1,-1,-1,-1,-1,-1,-1,-0.0346502463783405,-0.0346502463788192,-0.0346502463795821,-0.0346502463803287,-0.0346502463809615,-0.0346502463816356,-0.0346502463824998,-0.0346502463834937,-0.0346502463843774,-0.0346502463849516,-0.0346502463851954,-1,-1,-1,-1,-1,-1,-1,-1,-1,-1,-1,-1,-1,-1
9103,1,-1,-1,-1,-1,-1,-1,-1,-1,-1,-1,-1,-1,-1,-1,-1,-1,-1,-1,-1,-1,-1,-1,-1,-1,-1,-1,-1,-1,-1,-1,-1,0.0352323764534066,-0.0669467896306132,-1,-1,-1,-1,-1,-1,-1,-1,-1,-1,-1,-1,-1,-1
22782,1,-1,-1,-1,-1,-1,-1,-1,-1,-1,-1,-1,-1,-1,-1,-1,-1,-1,-1,-1,-1,-1,-1,-1,-1,-1,-1,-1,-1,-1,-1,-1,-1,-1,-1,-1,-1,-1,-1,-1,-1,-1,-1,-0.450469059948222,0.234083206033368,-1,-1,-1
22781,1,-1,-1,-1,-1,-1,-1,-1,-1,-1,-1,-1,-1,-1,-1,-1,-1,-1,-1,-1,-1,-1,-1,-1,-1,-1,-1,-1,-1,-1,-1,-1,-1,-1,-1,-1,-1,-1,-1,-1,-1,-1,-1,-0.407485326578268,-1,-1,-1,-1
22780,1,-1,-1,-1,-1,-1,-1,-1,-1,-1,-1,-1,-1,-1,-1,-1,-1,-1,-1,-1,-1,-1,-1,-1,-1,-1,-1,-1,-1,-1,-1,-1,-1,-1,-1,-1,-1,-1,-1,-1,-1,-1,-1,-0.375663613960885,0.339948061694351,-1,-1,-1
22779,1,-1,-1,-1,-1,-1,-1,-1,-1,-1,-1,-1,-1,-1,-1,-1,-1,-1,-1,-1,-1,-1,-1,-1,-1,-1,-1,-1,-1,-1,-1,-1,-1,-1,-1,-1,-1,-1,-1,-1,-1,-1,-1,-0.765916793966632,0.619788758288394,-1,-1,-1
22778,1,-1,-1,-1,-1,-1,-1,-1,-1,-1,-1,-1,-1,-1,-1,-1,-1,-1,-1,-1,-1,-1,-1,-1,-1,-1,-1,-1,-1,-1,-1,-1,-1,-1,-1,-1,-1,-1,-1,-1,-1,-1,-1,-0.477121254719662,0,-1,-1,-1
22777,1,-1,-1,-1,-1,-1,-1,-1,-1,-1,-1,-1,-1,-1,-1,-1,-1,-1,-1,-1,-1,-1,-1,-1,-1,-1,-1,-1,-1,-1,-1,-1,-1,-1,-1,-1,-1,-1,-1,-1,-1,-1,-1,-0.653212513775344,0.698970004336019,-1,-1,-1
22776,1,-1,-1,-1,-1,-1,-1,-1,-1,-1,-1,-1,-1,-1,-1,-1,-1,-1,-1,-1,-1,-1,-1,-1,-1,-1,-1,-1,-1,-1,-1,-1,-1,-1,-1,-1,-1,-1,-1,-1,-1,-1,-1,-0.929418925714293,0.929418925714293,-1,-1,-1
4811,1,-1,-1,-1,-0.0349485002168008,-0.0349485002168008,-0.0349485002168013,-0.0349485002168008,-0.0349485002168008,-0.0349485002168008,-0.0349485002168008,-0.0349485002168013,-0.0349485002168008,-0.0349485002168008,-0.0349485002168008,-0.0349485002168008,-0.0349485002168013,-0.0349485002168008,-0.0349485002168008,-0.0349485002168008,-0.0349485002168008,-0.0349485002168013,-0.0349485002168008,-0.0349485002168008,-0.0602059991327963,-0.0602059991327963,-0.0602059991327963,-0.0602059991327959,-0.0602059991327963,-0.0602059991327963,-0.0602059991327961,-0.0602059991327963,-0.0602059991327961,-0.0602059991327963,-1,-1,-1,-1,-1,-1,-1,-1,-1,-1,-1,-1,-1,-1
4810,1,-1,-1,-1,-1,-1,-1,-1,-1,-1,-1,-1,-1,-1,-1,-1,-1,-1,-1,-1,-1,-1,-1,-1,-0.0698970004336019,-0.0698970004336019,-0.0698970004336017,-0.0698970004336021,-0.0698970004336017,-0.0698970004336019,-0.0698970004336019,-0.0698970004336019,-0.0698970004336019,-0.0698970004336018,-1,-1,-1,-1,-1,-1,-1,-1,-1,-1,-1,-1,-1,-1
17725,1,-1,-1,-1,-1,-1,-1,0.0118173054242654,0.0118173054242656,0.0118173054242654,0.0118173054242656,0.0118173054242654,0.0118173054242656,0.0118173054242654,0.0118173054242656,0.0118173054242654,0.0118173054242656,0.0118173054242656,0.0118173054242654,0.0118173054242656,0.0118173054242656,0.0118173054242654,0.0118173054242654,0.0118173054242656,0.0118173054242654,0.0118173054242656,0.0118173054242656,0.0118173054242654,0.0118173054242656,0.0118173054242656,0.0118173054242654,0.0118173054242654,0.0118173054242656,0.0118173054242656,0.0118173054242654,0.0118173054242656,0.0118173054242654,0.0118173054242656,0.0118173054242654,0.0118173054242656,-1,-1,-1,-1,-1,-1,-1,-1
17724,1,-1,-1,-1,-1,-1,-1,-0.0607370113267467,-0.0607370113267469,-0.0607370113267467,-0.0607370113267467,-0.0607370113267469,-0.0607370113267467,-0.0607370113267467,-0.0607370113267468,-0.0607370113267467,-0.0607370113267468,-0.0607370113267467,-0.0607370113267467,-0.0607370113267467,-0.0607370113267469,-0.0607370113267467,-0.0607370113267467,-0.0607370113267467,-0.0607370113267467,-0.0607370113267469,-0.0607370113267467,-0.0607370113267467,-0.0607370113267466,-0.0607370113267469,-0.0607370113267467,-0.0607370113267467,-0.0607370113267467,-0.0607370113267469,-0.0607370113267466,-0.0607370113267467,-0.0607370113267467,-0.0607370113267469,-0.0607370113267467,-0.0607370113267466,-1,-1,-1,-1,-1,-1,-1,-1
17723,1,-1,-1,-1,-1,-1,-1,0,0,0,0,0,0,0,0,0,0,0,0,0,0,0,0,0,0,0,0,0,0,0,0,0,0,0,0,0,0,0,0,0,-1,-1,-1,-1,-1,-1,-1,-1
17722,1,-1,-1,-1,-1,-1,-1,0.0155647905619827,0.0155647905619825,0.0155647905619827,0.0155647905619825,0.0155647905619827,0.0155647905619827,0.0155647905619825,0.0155647905619827,0.0155647905619825,0.0155647905619827,0.0155647905619825,0.0155647905619827,0.0155647905619825,0.0155647905619827,0.0155647905619825,0.0155647905619827,0.0155647905619825,0.0155647905619827,0.0155647905619825,0.0155647905619827,0.0155647905619825,0.0155647905619827,0.0155647905619827,0.0155647905619825,0.0155647905619827,0.0155647905619825,0.0155647905619827,0.0155647905619825,0.0155647905619827,0.0155647905619825,0.0155647905619827,0.0155647905619825,0.0155647905619827,-1,-1,-1,-1,-1,-1,-1,-1
17721,1,-1,-1,-1,-1,-1,-1,-0.0595087220407744,-0.0595087220407744,-0.0595087220407744,-0.0595087220407744,-0.0595087220407744,-0.0595087220407744,-0.0595087220407744,-0.0595087220407744,-0.0595087220407744,-0.0595087220407744,-0.0595087220407744,-0.0595087220407746,-0.0595087220407742,-0.0595087220407746,-0.0595087220407742,-0.0595087220407746,-0.0595087220407742,-0.0595087220407744,-0.0595087220407746,-0.0595087220407744,-0.0595087220407742,-0.0595087220407744,-0.0595087220407746,-0.0595087220407744,-0.0595087220407744,-0.0595087220407743,-0.0595087220407745,-0.0595087220407743,-0.0595087220407745,-0.0595087220407743,-0.0595087220407746,-0.0595087220407743,-0.0595087220407743,-1,-1,-1,-1,-1,-1,-1,-1
17720,1,-1,-1,-1,-1,-1,-1,-0.0273663632421801,-0.0273663632421801,-0.0273663632421801,-0.0273663632421801,-0.0273663632421801,-0.0273663632421801,-0.0273663632421801,-0.0273663632421801,-0.02736636324218,-0.0273663632421802,-0.0273663632421801,-0.0273663632421801,-0.02736636324218,-0.0273663632421802,-0.02736636324218,-0.0273663632421801,-0.0273663632421801,-0.0273663632421801,-0.0273663632421802,-0.02736636324218,-0.0273663632421801,-0.0273663632421801,-0.0273663632421801,-0.0273663632421801,-0.0273663632421801,-0.0273663632421801,-0.0273663632421802,-0.0273663632421801,-0.0273663632421801,-0.0273663632421801,-0.0273663632421802,-0.0273663632421801,-0.0273663632421801,-1,-1,-1,-1,-1,-1,-1,-1
17727,1,-1,-1,-1,-1,-1,-1,-1,-1,-1,-1,-1,-1,-1,-1,-1,-1,-1,-1,-1,-1,-1,-1,-1,-1,-1,-1,0.0293485431759469,0.0293485431759469,0.0293485431759468,0.0293485431759469,0.0293485431759469,0.0293485431759469,-1,-1,-1,-1,-1,-1,-1,-1,-1,-1,-1,-1,-1,-1,-1
17726,1,-1,-1,-1,-1,-1,-1,-1,-1,-1,-1,-1,-1,-1,-1,-1,-1,-1,-1,-1,-1,-1,-1,-1,-1,-1,-1,0.0361181849939909,0.0361181849939907,0.0361181849939909,0.0361181849939909,0.0361181849939909,0.0361181849939909,-1,-1,-1,-1,-1,-1,-1,-1,-1,-1,-1,-1,-1,-1,-1
18255,1,-1,-1,-1,-1,-1,-1,-1,-1,-0.128654685842678,-0.118274946849909,-0.0975154688644725,-0.0663762518862334,-0.0248572959153052,0.0270413990483861,0.0876634540171857,0.145539611899927,0.174924741706478,0.152813276657005,0.0846568187456607,0.00956615400387872,-0.0267718554751451,-0.0093520940579242,0.0343734414831846,0.0605806816253789,0.0482329144788926,0.0139522055043078,-0.00966501664028097,-0.00805717075702783,0.00343838612797526,0.000711704455107764,-0.018837175573035,-0.041638087514316,-0.0532442031470939,-0.0527098834607021,-0.0450764807402123,-0.0483642211770051,-0.0670781613188832,-0.0925980835186643,-0.0904431171874635,-0.0583337086009038,-0.0216325134506381,0.00778589760187273,-1,-1,-1,-1,-1
7805,1,-1,-1,-1,-1,-1,-1,-1,-1,-1,-1,-1,-1,-1,-1,-1,-1,-1,-1,-1,-1,-1,-1,-1,-1,-1,-1,-1,-1,-1,-1,-1,-1,-1,-1,-1,-0.0301479509436255,-0.0301479509436255,-1,-1,-1,-1,-1,-1,-1,-1,-1,-1
7804,1,-1,-1,-1,-1,-1,-1,-1,-1,-1,-1,-1,-1,-1,-1,-1,-1,-1,-1,-1,-1,-1,-1,-1,-1,-1,-1,-1,-1,-1,-1,-1,-1,-1,-1,-1,-0.0315258728735444,-0.0315258728735446,-1,-1,-1,-1,-1,-1,-1,-1,-1,-1
7803,1,-1,-1,-1,-1,-1,-1,-1,-1,-1,-1,-1,-1,-1,-1,-1,-1,-1,-1,-1,-1,-1,-1,-1,-1,-1,-1,-1,-1,-1,-1,-1,-1,-1,-1,-1,-0.265739458521128,-0.265739458521127,-1,-1,-1,-1,-1,-1,-1,-1,-1,-1
7802,1,-1,-1,-1,-1,-1,-1,-1,-1,-1,-1,-1,-1,-1,-1,-1,-1,-1,-1,-1,-1,-1,-1,-1,-1,-1,-1,-1,-1,-1,-1,-1,-1,-1,-1,-1,-0.248662320403975,-0.248662320403975,-1,-1,-1,-1,-1,-1,-1,-1,-1,-1
8621,1,-1,-1,-1,-1,-1,-1,-1,-1,-0.0890846051917715,-0.0535587277634403,-0.017432630708361,-0.011527788747802,-0.0204154570385799,-0.00532999793097744,0.0401099961803699,0.0782897368952046,0.0728147275283969,0.0293098279414993,-0.015683755723236,-0.0342184545593461,-0.0248439791558207,-0.000726075310430785,0.0235044397528068,0.0342310765971623,0.0251118626459386,0.00779893672571186,0.00416409368787729,0.0178989208028296,0.023831878223615,-3.47939315958889e-05,-0.0358513671109946,-0.0412623556514327,-0.00506637434515,0.033518641698293,-1,-1,-1,-1,-1,-1,-1,-1,-1,-1,-1,-1,-1
8620,1,-1,-1,-1,-1,-1,-1,-1,-1,-0.244434568499356,-0.181791017799756,-0.0634442617179727,0.0727210522516692,0.176922916116605,0.21855218951549,0.201992303848831,0.158175868653271,0.121032319442026,0.107056788179438,0.11004971641538,0.111696734166396,0.099409191751576,0.0770128027215794,0.0579080800806246,0.0478696368690894,0.0385151805986832,0.0205508563389099,-0.000926162534553798,-0.010988608991285,-0.00376995074404474,0.0102940282667736,0.0179018067002208,0.0171694375416926,0.0147351462047722,0.0142499140111576,-1,-1,-1,-1,-1,-1,-1,-1,-1,-1,-1,-1,-1
8619,1,-1,-1,-1,-1,-1,-1,-1,-1,-0.042743828379936,-0.0466395981976198,-0.0429077918209487,-0.0215816444949499,0.0104685440610131,0.0349485335446201,0.0475852175054803,0.0487594990955069,0.0412174156153042,0.0309829194682285,0.0225410078022852,0.0177576763539591,0.017038722223043,0.0181716137393031,0.0153549768168444,0.00357083750878151,-0.0140976151767571,-0.0256148352233625,-0.019497232317782,0.00435840535987131,0.0350235867223327,0.0612791694817101,0.080629703317763,0.0969319171465814,0.111507076844103,0.120414667991905,-1,-1,-1,-1,-1,-1,-1,-1,-1,-1,-1,-1,-1
1085,1,-1,-1,-1,-1,-1,-1,-1,-1,-1,-1,-0.020716618712433,-0.020716618712433,-0.020716618712433,-0.020716618712433,-0.020716618712433,-0.0207166187124335,-0.020716618712433,-0.020716618712433,-0.020716618712433,-0.020716618712433,-0.020716618712433,-0.020716618712433,-0.0207166187124335,-0.020716618712433,-0.020716618712433,-0.020716618712433,-0.020716618712433,-1,-1,-1,-1,-1,-1,-1,-1,-1,-1,-1,-1,-1,-1,-1,-1,-1,-1,-1,-1
9583,1,-1,-1,-1,-1,-1,-1,-1,-1,-1,-1,-1,-1,-1,-1,-1,-1,-1,-1,-1,-1,-1,-1,-1,-1,-1,-1,-1,-1,-1,-1,-0.0147232568207063,0.64225979310984,-1,-1,-1,-1,-1,-1,-1,-1,-1,-1,-1,-1,-1,-1,-1
9581,1,-1,-1,-1,-1,-1,-1,-1,-1,-1,-1,-1,-1,-1,-1,-1,-1,-1,-1,-1,-1,-1,-1,-1,-1,-1,-1,-1,-1,-1,-1,-0.291159241637687,0.257435869386937,-1,-1,-1,-1,-1,-1,-1,-1,-1,-1,-1,-1,-1,-1,-1
9582,1,-1,-1,-1,-1,-1,-1,-1,-1,-1,-1,-1,-1,-1,-1,-1,-1,-1,-1,-1,-1,-1,-1,-1,-1,-1,-1,-1,-1,-1,-1,-1,0.359021942641668,-1,-1,-1,-1,-1,-1,-1,-1,-1,-1,-1,-1,-1,-1,-1
11941,1,-1,-1,-1,-1,-1,-1,-1,-1,-1,-1,-1,-1,-1,-1,-1,-1,-1,-1,-1,-1,-1,-1,-1,-1,-1,-1,-1,-1,-1,-1,-1,-1,-1,-1,-1,-0.195215203446646,-0.195215203446646,-1,-1,-1,-1,-1,-1,-1,-1,-1,-1
11939,1,-1,-1,-1,-1,-1,-1,-1,-1,-1,-1,-1,-1,-1,-1,-1,-1,-1,-1,-1,-1,-1,-1,-1,-1,-1,-1,-1,-1,-1,-1,-1,-1,-1,-1,-1,0.0184917831265849,0.0184917831265851,-1,-1,-1,-1,-1,-1,-1,-1,-1,-1
818,1,-1,-1,-1,-1,-1,-1,-1,-1,-1,-1,0.124092692417845,0.124092692417845,0.124092692417845,0.124092692417845,0.124092692417845,-0.00476161881262227,-0.00476161881262183,-0.00476161881262227,-0.00476161881262183,-0.00476161881262227,-1,-1,-1,-1,-1,-1,-1,-1,-1,-1,-1,-1,-1,-1,-1,-1,-1,-1,-1,-1,-1,-1,-1,-1,-1,-1,-1
11215,1,-1,-1,-1,-1,-1,-1,-1,-1,-1,-1,-1,-1,-1,-1,-1,-1,-1,-1,-1,-1,-1,-1,-1,-1,-1,-1,-1,-0.0486788780405361,-0.0486788780405356,-0.0486788780405356,-0.0486788780405361,-0.0486788780405356,-0.0486788780405356,-0.0486788780405361,-0.0486788780405356,-0.0486788780405361,-1,-1,-1,-1,-1,-1,-1,-1,-1,-1,-1
19831,1,-1,-1,-1,-1,-1,-1,-1,-1,-1,-1,-1,-1,-1,-1,-1,-1,-1,-1,-1,-1,-1,-1,-1,-1,-1,-1,-1,-1,-1,-1,-1,-1,-1,-1,-1,0.139709769247325,0.139709769247325,0.139709769247325,-0.440739764911306,-0.440739764911306,-0.440739764911306,0.301029995663981,0.301029995663981,0.23299000144534,0.23299000144534,0.23299000144534,-1
19829,1,-1,-1,-1,-1,-1,-1,-1,-1,-1,-1,-1,-1,-1,-1,-1,-1,-1,-1,-1,-1,-1,-1,-1,-1,-1,-1,-1,-1,-1,-1,-1,-1,-1,-1,-1,-0.034911783506671,-0.034911783506671,-0.0349117835066708,0.0542424324992332,0.0542424324992332,0.0542424324992332,-0.0579919469776868,0.0299632233774434,-0.0969100130080565,0.305507416990444,0.305507416990444,-1
19832,1,-1,-1,-1,-1,-1,-1,-1,-1,-1,-1,-1,-1,-1,-1,-1,-1,-1,-1,-1,-1,-1,-1,-1,-1,-1,-1,-1,-1,-1,-1,-1,-1,-1,-1,-1,-1,-1,-1,0.181356014783425,0.181356014783425,0.181356014783425,0.0661986438082849,0.0661986438082849,0.0661986438082848,0.0661986438082851,0.0661986438082849,-1
816,1,-1,-1,-1,-1,-1,-1,-1,-1,-1,-1,0.0130139930294106,0.0130139930294109,0.0130139930294109,0.0130139930294106,0.0130139930294106,0.0130139930294109,0.0130139930294106,0.0130139930294111,0.0130139930294106,0.0130139930294106,-1,-1,-1,-1,-1,-1,-1,-1,-1,-1,-1,-1,-1,-1,-1,-1,-1,-1,-1,-1,-1,-1,-1,-1,-1,-1,-1
815,1,-1,-1,-1,-1,-1,-1,-1,-1,-1,-1,-0.0435185062816692,-0.0435185062816696,-0.0435185062816692,-0.0435185062816696,-0.0435185062816692,0.0704582210611604,0.0704582210611608,0.0704582210611604,0.0704582210611608,0.0704582210611608,-1,-1,-1,-1,-1,-1,-1,-1,-1,-1,-1,-1,-1,-1,-1,-1,-1,-1,-1,-1,-1,-1,-1,-1,-1,-1,-1
19775,1,-1,-1,-1,-1,-1,-1,-1,-1,-1,-1,-1,-1,-1,-1,-1,-1,-1,-1,-1,-1,-1,-1,-1,0.238560627359831,0.238560627359831,0.0689557126425449,0.0689557126425449,0.0689557126425451,0.0689557126425449,0.0689557126425449,0.0689557126425451,0.0258169933309571,0.0258169933309571,0.0258169933309573,0.0258169933309571,0.0258169933309571,0.0258169933309573,-1,-1,-1,-1,-1,-1,-1,-1,-1,-1
19772,1,-1,-1,-1,-1,-1,-1,-1,-1,-1,-1,-1,-1,-1,-1,-1,-1,-1,-1,-1,-1,-1,-1,-1,-1,-1,-1,-1,-1,-1,-1,-1,-1,-1,-1,-1,-1,-1,-1,-1,0.258626147110894,-1,-1,-1,-1,-1,-1,-1
25664,1,-1,-1,-1,-1,-1,-1,-1,-1,-1,-1,-1,-1,-1,-1,-1,-1,-1,-1,-1,-1,-1,-1,-1,-1,-1,-1,-1,-1,-1,-1,-1,-1,-1,-1,-1,-1,-1,-1,-1,-1,-1,-0.00673446202942896,-0.00673446202942896,-0.00673446202942907,0.0506927082361873,-0.0307910253331567,-0.0307910253331568
5174,1,-1,-1,-1,-1,-1,-1,-1,-1,-1,-1,-1,0.204119982655925,0.243038048686294,-0.104735350520013,-0.196294645143968,0.0981473225719841,0.0981473225719842,-0.0413926851582251,-0.154901959985743,0.0289959734888434,0.0289959734888433,0.0691513490831408,0.0691513490831408,0.0188942804446999,0.0188942804446999,-1,-1,-1,-1,-1,-1,-1,-1,-1,-1,-1,-1,-1,-1,-1,-1,-1,-1,-1,-1,-1,-1
669,1,-1,-1,-1,-1,-1,-1,-1,-1,-1,-1,-1,-0.0044523733913544,-0.00445237339151361,-0.00445237339181248,-0.00445237339217242,-0.00445237339251792,-0.00445237339282012,-0.00445237339308324,-0.00445237339332483,-0.00445237339352023,-0.00445237339360216,-0.00445237339350868,-0.00445237339327154,-0.00445237339301463,-0.00445237339287274,-1,-1,-1,-1,-1,-1,-1,-1,-1,-1,-1,-1,-1,-1,-1,-1,-1,-1,-1,-1,-1,-1
668,1,-1,-1,-1,-1,-1,-1,-1,-1,-1,-1,-1,0.0445405805614429,0.0347072156163251,0.013601866755092,-0.0162726811829637,-0.0484639107065801,-0.0759628078172411,-0.0961074588051945,-0.103490280742626,-0.0944805901125667,-0.0698358932352502,-0.0349473482227463,0.0013734523419877,0.0298411589045205,0.0445982482485485,-1,-1,-1,-1,-1,-1,-1,-1,-1,-1,-1,-1,-1,-1,-1,-1,-1,-1,-1,-1,-1,-1
667,1,-1,-1,-1,-1,-1,-1,-1,-1,-1,-1,-1,0.477013423434181,0.433644852496228,0.343029198075218,0.219048084366149,0.0926851489803303,-0.00384486452920223,-0.0608028174473675,-0.0667806742140609,-0.0258476527381639,0.0402955887259507,0.10470386756351,0.149358487024245,0.172543774751096,0.183018903274269,-1,-1,-1,-1,-1,-1,-1,-1,-1,-1,-1,-1,-1,-1,-1,-1,-1,-1,-1,-1,-1,-1
666,1,-1,-1,-1,-1,-1,-1,-1,-1,-1,-1,-1,0.0535976681149194,0.0535976681113988,0.0535976681043925,0.053597668095173,0.0535976680854982,0.0535976680765908,0.0535976680686743,0.0535976680617472,0.0535976680559014,0.0535976680514723,0.0535976680487898,0.0535976680477405,0.0535976680476333,0.0535976680476643,-1,-1,-1,-1,-1,-1,-1,-1,-1,-1,-1,-1,-1,-1,-1,-1,-1,-1,-1,-1,-1,-1
665,1,-1,-1,-1,-1,-1,-1,-1,-1,-1,-1,-1,0.0285345853017924,0.02853458530172,0.0285345853014083,0.028534585300653,0.0285345852993548,0.0285345852975535,0.0285345852953233,0.0285345852929496,0.0285345852907126,0.0285345852887698,0.0285345852871788,0.0285345852859657,0.0285345852851565,0.0285345852847525,-1,-1,-1,-1,-1,-1,-1,-1,-1,-1,-1,-1,-1,-1,-1,-1,-1,-1,-1,-1,-1,-1
664,1,-1,-1,-1,-1,-1,-1,-1,-1,-1,-1,-1,-0.127699513900301,-0.125205311658216,-0.115799157817413,-0.0954552897575192,-0.0654134255632561,-0.0316152180121825,0.00246442667402846,0.0279571067062697,0.040580715001907,0.044130066068949,0.0460593067006418,0.0509799010900909,0.0574787573493455,0.0612290032019194,-1,-1,-1,-1,-1,-1,-1,-1,-1,-1,-1,-1,-1,-1,-1,-1,-1,-1,-1,-1,-1,-1
663,1,-1,-1,-1,-1,-1,-1,-1,-1,-1,-1,-1,0.02029627670849,0.0202962767083772,0.0202962767082467,0.0202962767082601,0.0202962767085157,0.0202962767090009,0.0202962767096687,0.0202962767103344,0.020296276710854,0.0202962767112123,0.0202962767114749,0.0202962767116974,0.0202962767118742,0.0202962767119672,-1,-1,-1,-1,-1,-1,-1,-1,-1,-1,-1,-1,-1,-1,-1,-1,-1,-1,-1,-1,-1,-1
662,1,-1,-1,-1,-1,-1,-1,-1,-1,-1,-1,-1,0.0127394070936578,0.0127394070936382,0.0127394070935738,0.0127394070934395,0.0127394070932326,0.0127394070929736,0.0127394070926775,0.0127394070923914,0.0127394070921515,0.012739407091964,0.0127394070918178,0.0127394070917024,0.0127394070916204,0.0127394070915784,-1,-1,-1,-1,-1,-1,-1,-1,-1,-1,-1,-1,-1,-1,-1,-1,-1,-1,-1,-1,-1,-1
661,1,-1,-1,-1,-1,-1,-1,-1,-1,-1,-1,-1,0.153526799618016,0.142712567603696,0.122409949078644,0.0977661214888692,0.0738801404960752,0.0527400443221694,0.0339708088148721,0.014836721238028,-0.00561510345743876,-0.0249042486491292,-0.0391710073105195,-0.0465869321478973,-0.048989087290377,-0.0498061576866689,-1,-1,-1,-1,-1,-1,-1,-1,-1,-1,-1,-1,-1,-1,-1,-1,-1,-1,-1,-1,-1,-1
660,1,-1,-1,-1,-1,-1,-1,-1,-1,-1,-1,-1,-0.0221049806198496,-0.0228172196699612,-0.0238912822540567,-0.0249719470708855,-0.026537621525766,-0.0298072632138351,-0.035356945243607,-0.0443207843103754,-0.056535312186086,-0.0700080932482539,-0.0819973535681662,-0.0905719424664242,-0.0955418795092386,-0.0978998374690555,-1,-1,-1,-1,-1,-1,-1,-1,-1,-1,-1,-1,-1,-1,-1,-1,-1,-1,-1,-1,-1,-1
659,1,-1,-1,-1,-1,-1,-1,-1,-1,-1,-1,-1,-0.093772845702405,-0.0939637657765984,-0.0942724592070652,-0.0944917808278636,-0.0943489602996167,-0.0936295735272582,-0.0922989559656674,-0.090416910705798,-0.0881695515529596,-0.0858393624512701,-0.0837289765044251,-0.082079521593713,-0.0810005457286652,-0.0804666855284915,-1,-1,-1,-1,-1,-1,-1,-1,-1,-1,-1,-1,-1,-1,-1,-1,-1,-1,-1,-1,-1,-1
658,1,-1,-1,-1,-1,-1,-1,-1,-1,-1,-1,-1,0.0270100200613261,0.0270100200616278,0.0270100200623239,0.0270100200634086,0.0270100200647118,0.0270100200659938,0.0270100200671577,0.0270100200680208,0.0270100200685288,0.0270100200688113,0.0270100200690556,0.0270100200693546,0.0270100200696468,0.0270100200698072,-1,-1,-1,-1,-1,-1,-1,-1,-1,-1,-1,-1,-1,-1,-1,-1,-1,-1,-1,-1,-1,-1
657,1,-1,-1,-1,-1,-1,-1,-1,-1,-1,-1,-1,-0.0113484513183679,-0.0113484513183183,-0.0113484513182369,-0.0113484513181653,-0.0113484513181379,-0.0113484513181676,-0.0113484513182452,-0.0113484513183256,-0.011348451318356,-0.0113484513183082,-0.01134845131819,-0.01134845131804,-0.0113484513179095,-0.0113484513178416,-1,-1,-1,-1,-1,-1,-1,-1,-1,-1,-1,-1,-1,-1,-1,-1,-1,-1,-1,-1,-1,-1
656,1,-1,-1,-1,-1,-1,-1,-1,-1,-1,-1,-1,-0.0645306525998106,-0.0651532918669403,-0.064660685604508,-0.0604385656514593,-0.0506386315792089,-0.034985922649408,-0.0141508816856137,0.00861192957616464,0.0296657145854966,0.0465728684244316,0.0584804659623204,0.0658074826188885,0.0697359069659825,0.0715636043576642,-1,-1,-1,-1,-1,-1,-1,-1,-1,-1,-1,-1,-1,-1,-1,-1,-1,-1,-1,-1,-1,-1
655,1,-1,-1,-1,-1,-1,-1,-1,-1,-1,-1,-1,-0.0944574358741266,-0.0944574358741431,-0.0944574358741831,-0.094457435874247,-0.0944574358743173,-0.094457435874369,-0.0944574358743905,-0.0944574358743549,-0.0944574358742474,-0.0944574358740792,-0.0944574358738829,-0.0944574358737007,-0.0944574358735671,-0.0944574358734993,-1,-1,-1,-1,-1,-1,-1,-1,-1,-1,-1,-1,-1,-1,-1,-1,-1,-1,-1,-1,-1,-1
5175,1,-1,-1,-1,-1,-1,-1,-1,-1,-1,-1,-1,-1,-1,-1,-1,-1,-1,0.0927540532368987,0.0763883458634547,-0.88930170250631,0.574031267727719,-0.0969100130080565,-0.0791812460476249,0.0880456295278407,0.0880456295278407,-1,-1,-1,-1,-1,-1,-1,-1,-1,-1,-1,-1,-1,-1,-1,-1,-1,-1,-1,-1,-1,-1
5176,1,-1,-1,-1,-1,-1,-1,-1,-1,-1,-1,-1,-1,-1,-1,-1,-1,-1,-1,0.0746336182969041,-0.0746336182969041,-0.0280287236002434,-0.397940008672038,0.301029995663981,-0.0188942804446999,-0.0188942804446999,-1,-1,-1,-1,-1,-1,-1,-1,-1,-1,-1,-1,-1,-1,-1,-1,-1,-1,-1,-1,-1,-1
5177,1,-1,-1,-1,-1,-1,-1,-1,-1,-1,-1,-1,-1,-1,-1,-1,-1,-1,-1,-1,-0.0280287236002434,0.102662341897148,-0.164810248645992,0.0901766303490881,0.121519024343147,0.121519024343147,-1,-1,-1,-1,-1,-1,-1,-1,-1,-1,-1,-1,-1,-1,-1,-1,-1,-1,-1,-1,-1,-1
814,1,-1,-1,-1,-1,-1,-1,-1,-1,-1,-1,-1,-0.0514741919642177,-0.0514741919642177,-0.0514741919642177,-0.0514741919642177,-0.0514741919642177,-0.0514741919642177,-0.0514741919642177,-0.0514741919642177,-0.0514741919642177,-0.0514741919642177,-0.0514741919642177,-0.0514741919642177,-0.0514741919642177,-0.0514741919642177,-0.0514741919642177,-0.0514741919642177,-0.0514741919642177,-1,-1,-1,-1,-1,-1,-1,-1,-1,-1,-1,-1,-1,-1,-1,-1,-1,-1,-1
19797,1,-1,-1,-1,-1,-1,-1,-1,-1,-1,-1,-1,-1,0.01240925798182,-1,-1,-1,-1,-1,-1,-1,-1,-1,-1,-1,-1,-1,-1,-1,-1,-1,-1,-1,-1,-1,-1,-1,-1,-1,-1,-1,-1,-1,-1,-1,-1,-1,-1
19794,1,-1,-1,-1,-1,-1,-1,-1,-1,-1,-1,-1,-1,0,-1,-1,-1,-1,-1,-1,-1,-1,-1,-1,-1,-1,-1,-1,-1,-1,-1,-1,-1,-1,-1,-1,-1,-1,-1,-1,-1,-1,-1,-1,-1,-1,-1,-1
19792,1,-1,-1,-1,-1,-1,-1,-1,-1,-1,-1,-1,-1,0.0901766303490881,-1,-1,-1,-1,-1,-1,-1,-1,-1,-1,-1,-1,-1,-1,-1,-1,-1,-1,-1,-1,-1,-1,-1,-1,-1,-1,-1,-1,-1,-1,-1,-1,-1,-1
5368,1,-1,-1,-1,-1,-1,-1,-1,-1,-1,-1,-1,-1,-1,-1,-1,-1,-1,-1,-1,-1,-0.164090860570448,-0.0552690886422136,-1,-1,-1,-1,-1,-1,-1,-1,-1,-1,-1,-1,-1,-1,-1,-1,-1,-1,-1,-1,-1,-1,-1,-1,-1
5367,1,-1,-1,-1,-1,-1,-1,-1,-1,-1,-1,-1,-1,-1,-1,-1,-1,-1,-1,-1,-1,-0.118759372796008,-0.170261715394957,-1,-1,-1,-1,-1,-1,-1,-1,-1,-1,-1,-1,-1,-1,-1,-1,-1,-1,-1,-1,-1,-1,-1,-1,-1
25410,1,-1,-1,-1,-1,-1,-1,-1,-1,-1,-1,-1,-1,-1,-1,-1,-1,-1,-1,-1,-1,-1,-1,-1,-1,-1,-1,-1,-1,-1,-1,-1,-1,-1,-1,0.0905961710179115,0.269962110032794,-1.12984607110304,1.08786742523272,-1,-1,-1,-1,-1,-1,-1,-1,-1
10498,1,-1,-1,-1,-1,-1,-1,-1,-1,-1,-1,-1,-1,-1,-1,-1,-1,-1,-1,-1,-1,-1,-1,-1,-1,-1,-1,-1,-1,-1,-1,-1,-1,-1,-1,0.397436149241297,-0.129217022628671,0.209998262040921,-1,-1,-1,-1,-1,-1,-1,-1,-1,-1
25502,1,-1,-1,-1,-1,-1,-1,-1,-1,-1,-1,-1,-1,-1,-1,-1,-1,-1,-1,-1,-1,-1,-1,-1,-1,-1,-1,-1,-1,-1,-1,-1,-1,-1,-1,-1,-1,-0.0228385613345736,-0.0228385613367531,-0.0228385613402471,-0.0228385613434234,-0.0228385613451428,-0.0228385613454769,-0.0228385613452938,-1,-1,-1,-1
8812,1,-1,-1,-1,-1,-1,-1,-1,-1,-1,-1,-1,-1,-1,0.569875307956561,-0.354275507617206,-0.264817823009536,0.107209969647868,-0.00275765689712681,-0.00275765689712659,-0.00275765689712659,-0.00275765689712681,-0.00275765689712659,-1,-1,-1,-1,-1,-1,-1,-1,-1,-1,-1,-1,-1,-1,-1,-1,-1,-1,-1,-1,-1,-1,-1,-1,-1
8811,1,-1,-1,-1,-1,-1,-1,-1,-1,-1,-1,-1,-1,-1,0.645003981691722,-0.225619099781152,-0.419384881910569,0.493389559982203,-0.422372340682991,-0.422372340682991,-0.422372340682991,-0.422372340682991,-0.422372340682991,-1,-1,-1,-1,-1,-1,-1,-1,-1,-1,-1,-1,-1,-1,-1,-1,-1,-1,-1,-1,-1,-1,-1,-1,-1
8810,1,-1,-1,-1,-1,-1,-1,-1,-1,-1,-1,-1,-1,-1,0.753327666658612,0.532979072184663,-0.484674392610108,0.082974235064764,-0.0371273153923823,-0.0371273153923823,-0.0371273153923823,-0.0371273153923823,-0.0371273153923821,-1,-1,-1,-1,-1,-1,-1,-1,-1,-1,-1,-1,-1,-1,-1,-1,-1,-1,-1,-1,-1,-1,-1,-1,-1
8808,1,-1,-1,-1,-1,-1,-1,-1,-1,-1,-1,-1,-1,-1,2.26861396960195,-2.26861396960195,1.67351712221158,0.173010303015884,-0.369305485045492,-0.369305485045492,-0.369305485045492,-0.369305485045493,-0.369305485045492,-1,-1,-1,-1,-1,-1,-1,-1,-1,-1,-1,-1,-1,-1,-1,-1,-1,-1,-1,-1,-1,-1,-1,-1,-1
8800,1,-1,-1,-1,-1,-1,-1,-1,-1,-1,-1,-1,-1,-1,0.602059991327962,0.812913356642856,-0.812913356642856,0.0969100130080565,-0.0795880017344076,-0.0795880017344075,-0.0795880017344074,-0.0795880017344076,-0.0795880017344076,-1,-1,-1,-1,-1,-1,-1,-1,-1,-1,-1,-1,-1,-1,-1,-1,-1,-1,-1,-1,-1,-1,-1,-1,-1
5339,1,-1,-1,-1,-1,-1,-1,-1,-1,-1,-1,-1,-1,-1,0.0586970863518936,0.0586970863518936,0.0586970863518936,-0.0211892990699378,-0.0969100130080567,-0.1249387366083,-1,-1,-1,-1,-1,-1,-1,-1,-1,-1,-1,-1,-1,-1,-1,-1,-1,-1,-1,-1,-1,-1,-1,-1,-1,-1,-1,-1
5329,1,-1,-1,-1,-1,-1,-1,-1,-1,-1,-1,-1,-1,-1,-1,-1,-1,-1,-0.0326167264207737,-0.0296336483175299,-0.0241710633170871,-0.0186381002810156,-0.0173317312559456,-0.0247206735984951,-0.0422329296033985,-0.0655118044409426,-0.0848985323304055,-0.0901416984215784,-0.0771939072089949,-0.0530056377661325,-0.0311698259619959,-0.0147929671088938,-0.00387506120682457,0.00158389174420881,-1,-1,-1,-1,-1,-1,-1,-1,-1,-1,-1,-1,-1,-1
5340,1,-1,-1,-1,-1,-1,-1,-1,-1,-1,-1,-1,-1,-1,-1,-1,-1,-1,-1,-1,-1,-0.0934216851622351,0.0644579892269186,0.261877871701833,-0.054818461054511,-0.0548184610545106,-0.0548184610545106,-0.054818461054511,-0.0548184610545106,-0.054818461054511,-0.0548184610545106,-0.0548184610545106,-0.054818461054511,-0.0548184610545106,-1,-1,-1,-1,-1,-1,-1,-1,-1,-1,-1,-1,-1,-1
5341,1,-1,-1,-1,-1,-1,-1,-1,-1,-1,-1,-1,-1,-1,-1,-1,-1,-1,-1,-1,-1,-1,-1,0.0843208857000355,-0.139178521578473,-0.139178521578473,-0.139178521578473,0.51952510327275,-0.332438459915605,0.0121395680707224,0.0121395680707224,0.0121395680707224,0.0121395680707224,0.0121395680707224,-1,-1,-1,-1,-1,-1,-1,-1,-1,-1,-1,-1,-1,-1
11993,1,-1,-1,-1,-1,-1,-1,-1,-1,-1,-1,-1,-1,-1,-1,-1,-1,-1,-1,-1,-1,-1,-1,-1,-1,-1,-1,0.047923552317183,0.0428083300689552,0.0428083300689552,0.0428083300689557,-1,-1,-1,-1,-1,-1,-1,-1,-1,-1,-1,-1,-1,-1,-1,-1,-1
4592,1,-1,-1,-1,-1,-1,-1,-1,-1,-1,-1,-1,-1,-1,-0.0061230822104219,-0.0061230822104219,-0.0061230822104219,-0.0061230822104219,-0.0061230822104219,-0.00612308221042168,-0.0061230822104219,-0.0061230822104219,-0.0061230822104219,-0.0061230822104219,-0.00612308221042168,-0.0061230822104219,-0.0061230822104219,-0.0061230822104219,-0.0061230822104219,-0.00612308221042168,-0.0061230822104219,-0.0061230822104219,-1,-1,-1,-1,-1,-1,-1,-1,-1,-1,-1,-1,-1,-1,-1,-1
4326,1,-1,-1,-1,-1,-1,-1,-1,-1,-1,-1,-1,-1,-1,-0.00112241033823812,-0.00112241033823812,-0.00112241033823834,-0.00112241033823812,-0.00112241033823812,-0.00112241033823812,-0.00112241033823812,-0.00112241033823834,-0.00112241033823812,-0.00112241033823812,-0.00112241033823812,-0.00112241033823812,-0.00112241033823834,-0.0011224103382379,-0.00112241033823834,-0.00112241033823812,-0.00112241033823812,-0.00112241033823812,-1,-1,-1,-1,-1,-1,-1,-1,-1,-1,-1,-1,-1,-1,-1,-1
25501,1,-1,-1,-1,-1,-1,-1,-1,-1,-1,-1,-1,-1,-1,-1,-1,-0.220833647131842,0.220918329686834,-1,-1,-1,-1,-1,-1,-1,-1,-1,-1,-1,-1,-1,-1,-1,-1,-1,-1,-1,-1,-1,-1,-1,-1,-1,-1,-1,-1,-1,-1
812,1,-1,-1,-1,-1,-1,-1,-1,-1,-1,-1,-1,-1,-1,-1,-1,0.103347172754657,0.103347172754658,0.103347172754657,0.103347172754658,0.103347172754657,-0.0319401685735023,-0.0319401685735023,-0.0319401685735023,-0.0319401685735023,-0.0319401685735023,-1,-1,-1,-1,-1,-1,-1,-1,-1,-1,-1,-1,-1,-1,-1,-1,-1,-1,-1,-1,-1,-1
813,1,-1,-1,-1,-1,-1,-1,-1,-1,-1,-1,-1,-1,-1,-1,-1,-1,-1,-1,-1,-1,-0.0426740567922437,-0.0426740567922437,-0.0426740567922437,-0.0426740567922437,-1,-1,-1,-1,-1,-1,-1,-1,-1,-1,-1,-1,-1,-1,-1,-1,-1,-1,-1,-1,-1,-1,-1
11274,1,-1,-1,-1,-1,-1,-1,-1,-1,-1,-1,-1,-1,-1,-1,-1,-1,0.0264546047253249,0.0261649854243355,0.0246295845919517,0.0211232327206285,0.0160267157226464,0.0105033704579076,0.00548397725770866,0.00112600466510804,-0.00286515659282682,-0.00671637544707671,-0.0104943563276665,-0.0142485072741014,-0.0179172670544829,-0.0211082225304184,-0.023260974886461,-0.0241938385486324,-0.0243597053451459,-1,-1,-1,-1,-1,-1,-1,-1,-1,-1,-1,-1,-1,-1
7113,1,-1,-1,-1,-1,-1,-1,-1,-1,-1,-1,-1,-1,-1,-1,-1,-1,-1,-1,-1,0.143165812413046,0.143165812413046,0.143165812413046,0.143165812413046,0.143165812413046,0.143165812413046,0.143165812413046,0.143165812413046,0.143165812413046,0.143165812413046,0.143165812413046,0.143165812413046,0.143165812413046,0.143165812413046,-1,-1,-1,-1,-1,-1,-1,-1,-1,-1,-1,-1,-1,-1
17754,1,-1,-1,-1,-1,-1,-1,-1,-1,-1,-1,-1,-1,-1,-1,-1,-1,-1,-1,-1,-1,-1,-1,-1,-1,-1,-1,-1,-1,-1,-1,-1,-1,-1,-1,-1,-1,-0.103847893870645,0.190626613131915,-1,-1,-1,-1,-1,-1,-1,-1,-1
811,1,-1,-1,-1,-1,-1,-1,-1,-1,-1,-1,-1,-1,-1,-1,-1,-1,-1,-1,0.123448874145789,0.395245308308624,-0.395245308308624,-1.98677173426624,1.39794000867204,0.465382851448418,-1,-1,-1,-1,-1,-1,-1,-1,-1,-1,-1,-1,-1,-1,-1,-1,-1,-1,-1,-1,-1,-1,-1
4542,1,-1,-1,-1,-1,-1,-1,-1,-1,-1,-1,-1,-1,-1,-1,-1,-1,-1,-1,-1,0.511883360978874,-1,-1,-1,-1,-1,-1,-1,-1,-1,-1,-1,-1,-1,-1,-1,-1,-1,-1,-1,-1,-1,-1,-1,-1,-1,-1,-1
19697,1,-1,-1,-1,-1,-1,-1,-1,-1,-1,-1,-1,-1,-1,-1,-1,-1,-1,-1,-1,-1,0.021066098250424,0.0197614517647393,0.0169105961387928,0.0112869923310117,0.00139549828031837,-0.0112918337849872,-0.0207953153102229,-0.0205819553379079,-0.00999997250327533,0.00404035378980083,0.0126862537157546,0.0123814445400234,0.00646330591695499,0.000523022993594857,-0.00270207935894273,-0.00414395212009699,-0.00578538851848709,-0.00832601984470616,-0.0108810240497421,-0.0118575496791697,-0.0101092943747849,-0.00628647695806395,-0.00357271075721188,-0.0061257135784456,-0.0153144477008134,-0.0271922407267962,-0.035026876612096
4520,1,-1,-1,-1,-1,-1,-1,-1,-1,-1,-1,-1,-1,-1,-1,-1,-1,-1,-1,-1,-1,-1,-1,-1,-1,-1,-0.0444416173816968,-0.0444416173816966,-0.0444416173816968,-0.0444416173816966,-0.0444416173816968,-0.0444416173816966,-0.0444416173816968,-1,-1,-1,-1,-1,-1,-1,-1,-1,-1,-1,-1,-1,-1,-1
18868,1,-1,-1,-1,-1,-1,-1,-1,-1,-1,-1,-1,-1,-1,-1,-1,-1,-1,-1,-1,-1,-0.832508912706236,0.414973347970818,-1,-1,-1,-1,-1,-1,-1,-1,-1,-1,-1,-1,-1,-1,-1,-1,-1,-1,-1,-1,-1,-1,-1,-1,-1
18876,1,-1,-1,-1,-1,-1,-1,-1,-1,-1,-1,-1,-1,-1,-1,-1,-1,-1,-1,-1,-1,-1,-0.0203801935449337,-0.0228900009963806,-0.027851489384541,-0.0329644911866418,-0.0337594480548136,-0.0266509339112382,-0.0123480675091621,0.00423594304805341,0.0177403369031626,0.0254259570240989,0.0261548672739345,0.0176068345622591,-0.00294382225064682,-0.0352774544164527,-0.0760011037032795,-0.112397055726171,-0.140437878640457,-0.157655667186396,-0.168213114838684,-0.178474462211846,-0.189489011364493,-0.196798876690524,-1,-1,-1,-1
4608,1,-1,-1,-1,-1,-1,-1,-1,-1,-1,-1,-1,-1,-1,-1,-1,-1,-1,-1,-1,-1,-1,0.218214464961262,-0.00736109964636912,-1,-1,-1,-1,-1,-1,-1,-1,-1,-1,-1,-1,-1,-1,-1,-1,-1,-1,-1,-1,-1,-1,-1,-1
6960,1,-1,-1,-1,-1,-1,-1,-1,-1,-1,-1,-1,-1,-1,-1,-1,-1,-1,-1,-1,-1,-1,-1,0.217642474780333,-0.00961576879159898,0.070033465019103,0.070033465019103,-0.0216590605888638,-1,-1,-1,-1,-1,-1,-1,-1,-1,-1,-1,-1,-1,-1,-1,-1,-1,-1,-1,-1
23076,1,-1,-1,-1,-1,-1,-1,-1,-1,-1,-1,-1,-1,-1,-1,-1,-1,-1,-1,-1,-1,-1,-1,-1,-1,-1,-1,-1,0.00497976906644748,0.00502240577457091,0.00511946298942778,0.00528730689225165,0.00554821902492586,0.00590966620980238,0.00633772850085523,0.00676441213159817,0.00713398525556919,0.00744462344124908,0.00773964989626164,0.00805496565006392,0.00837670975559579,0.00865069199372615,0.00882888244960878,0.00890507228689397,-1,-1,-1,-1
23075,1,-1,-1,-1,-1,-1,-1,-1,-1,-1,-1,-1,-1,-1,-1,-1,-1,-1,-1,-1,-1,-1,-1,-1,-1,-1,-1,-1,-0.00656612972097159,-0.00450535617037273,-0.00359753872704704,-0.00922659707617113,-0.0244615074981325,-0.0423727060875319,-0.0447016239496807,-0.0158787714244553,0.0367768783768589,0.0803390025218009,0.0815680297330723,0.0389518601536092,-0.013051951804782,-0.0359831172512726,-0.0238799190251826,-0.00447780058262959,-1,-1,-1,-1
17747,1,-1,-1,-1,-1,-1,-1,-1,-1,-1,-1,-1,-1,-1,-1,-1,-1,-1,-1,-1,-1,-1,-1,-1,-1,-0.00719665255622903,-0.00719665255622892,-0.00719665255622903,-0.00719665255622903,-0.00719665255622903,-0.00719665255622903,-0.00719665255622892,-0.00719665255622914,-0.00719665255622892,-0.00719665255622903,-0.00719665255622914,-0.00719665255622892,-0.0680399942186416,-0.0680399942186416,-0.0680399942186416,-1,-1,-1,-1,-1,-1,-1,-1
17746,1,-1,-1,-1,-1,-1,-1,-1,-1,-1,-1,-1,-1,-1,-1,-1,-1,-1,-1,-1,-1,-1,-1,-1,-1,-0.0134972180303395,-0.0134972180303395,-0.0134972180303397,-0.0134972180303395,-0.0134972180303395,-0.0134972180303395,-0.0134972180303397,-0.0134972180303395,-0.0134972180303395,-0.0134972180303397,-0.0134972180303395,-0.0134972180303395,0.0111412518289832,0.0111412518289832,0.0111412518289833,-1,-1,-1,-1,-1,-1,-1,-1
11986,1,-1,-1,-1,-1,-1,-1,-1,-1,-1,-1,-1,-1,-1,-1,-1,-1,-1,-1,-1,-1,-1,-1,-1,-1,-1,-0.154178567214049,-0.154178567214049,-0.154178567214049,-0.154178567214049,-0.154178567214049,-0.154178567214049,-0.154178567214049,-0.15417856721405,-0.154178567214049,-0.15417856721405,-0.154178567214049,-0.154178567214049,-0.154178567214049,-1,-1,-1,-1,-1,-1,-1,-1,-1
18333,1,-1,-1,-1,-1,-1,-1,-1,-1,-1,-1,-1,-1,-1,-1,-1,-1,-1,-1,-1,-1,-1,-1,-1,-1,-1,-1,-0.284408543837384,-0.180894691453024,0.0919848956757434,0.0919848956757434,0.0919848956757434,-0.210858441914684,0.119071913760423,0.119071913760423,0.178957498238682,-0.253974110589861,-1,-1,-1,-1,-1,-1,-1,-1,-1,-1,-1
17748,1,-1,-1,-1,-1,-1,-1,-1,-1,-1,-1,-1,-1,-1,-1,-1,-1,-1,-1,-1,-1,-1,-1,-1,-1,-1,-1,-1,-1,-1,-1,-1,-1,-1,-1,-1,-1,-1,-1,-1,-1,-0.781617306146489,-1,-1,-1,-1,-1,-1
17730,1,-1,-1,-1,-1,-1,-1,-1,-1,-1,-1,-1,-1,-1,-1,-1,-1,-1,-1,-1,-1,-1,-1,-1,-1,-1,-1,0.0409970715555126,0.0409970715555126,0.0409970715555128,0.0409970715555126,0.0409970715555126,0.0409970715555126,-1,-1,-1,-1,-1,-1,-1,-1,-1,-1,-1,-1,-1,-1,-1
17729,1,-1,-1,-1,-1,-1,-1,-1,-1,-1,-1,-1,-1,-1,-1,-1,-1,-1,-1,-1,-1,-1,-1,-1,-1,-1,-1,0.0709947887120468,0.0709947887120468,0.070994788712047,0.0709947887120468,0.0709947887120468,0.070994788712047,-1,-1,-1,-1,-1,-1,-1,-1,-1,-1,-1,-1,-1,-1,-1
17728,1,-1,-1,-1,-1,-1,-1,-1,-1,-1,-1,-1,-1,-1,-1,-1,-1,-1,-1,-1,-1,-1,-1,-1,-1,-1,-1,-0.0150453939550421,-0.0150453939550426,-0.0150453939550426,-0.0150453939550421,-0.0150453939550426,-0.0150453939550426,-1,-1,-1,-1,-1,-1,-1,-1,-1,-1,-1,-1,-1,-1,-1
2369,1,-1,-1,-1,-1,-1,-1,-1,-1,-1,-1,-1,-1,-1,-1,-1,-1,-1,-1,-1,-1,-1,-1,-1,-1,-1,-1,-1,-1,-1,-0.139497456779225,0.500602350569185,-0.0896973647327801,0.227432975355718,-1,-1,-1,-1,-1,-1,-1,-1,-1,-1,-1,-1,-1,-1
2368,1,-1,-1,-1,-1,-1,-1,-1,-1,-1,-1,-1,-1,-1,-1,-1,-1,-1,-1,-1,-1,-1,-1,-1,-1,-1,-1,-1,-1,-1,-0.138302698166281,0.27711783825857,0.0750646798527925,0.0169007505382015,-1,-1,-1,-1,-1,-1,-1,-1,-1,-1,-1,-1,-1,-1
10495,1,-1,-1,-1,-1,-1,-1,-1,-1,-1,-1,-1,-1,-1,-1,-1,-1,-1,-1,-1,-1,-1,-1,-1,-1,-1,-1,-1,-1,-1,-1,-1,-1,-1,-1,0.146200836087743,0.160130117059478,-0.0693672059897206,-1,-1,-1,-1,-1,-1,-1,-1,-1,-1
17739,1,-1,-1,-1,-1,-1,-1,-1,-1,-1,-1,-1,-1,-1,-1,-1,-1,-1,-1,-1,-1,-1,-1,-1,-1,-1,-1,-1,-1,-1,-1,1.22936046346039,-0.074089048342287,0.875664031679861,0.330269796638888,-0.22563280014209,-1,-1,-1,-1,-1,-1,-1,-1,-1,-1,-1,-1
17738,1,-1,-1,-1,-1,-1,-1,-1,-1,-1,-1,-1,-1,-1,-1,-1,-1,-1,-1,-1,-1,-1,-1,-1,-1,-1,-1,-1,-1,-1,-1,-0.0193051551953867,0.456917868631376,-0.267861632411327,0.121733596733089,0,-1,-1,-1,-1,-1,-1,-1,-1,-1,-1,-1,-1
17737,1,-1,-1,-1,-1,-1,-1,-1,-1,-1,-1,-1,-1,-1,-1,-1,-1,-1,-1,-1,-1,-1,-1,-1,-1,-1,-1,-1,-1,-1,-1,0.195226269495942,0.0427519804209497,-0.177791043933576,0.0917703733556456,-0.123562207779497,-1,-1,-1,-1,-1,-1,-1,-1,-1,-1,-1,-1
18593,1,-1,-1,-1,-1,-1,-1,-1,-1,-1,-1,-1,-1,-1,-1,-1,-1,-1,-1,-1,-1,-1,-1,-1,-1,-1,-1,-1,-1,-1,-1,-1,-0.479153201108088,0.0645098205515231,0.246985737533162,-0.911731754879252,-0.338341064667531,-0.290823930383718,0.111932251440745,0.111932251440745,0.111932251440745,0.111932251440745,0.111932251440745,0.111932251440745,0.111932251440745,0.111932251440745,-1,-1
18600,1,-1,-1,-1,-1,-1,-1,-1,-1,-1,-1,-1,-1,-1,-1,-1,-1,-1,-1,-1,-1,-1,-1,-1,-1,-1,-1,-1,-1,-1,-1,-1,-1,-1,0.195634211770372,-1.16824961155458,0.496924910654289,-0.636743147351028,0.0665889961865927,0.0665889961865928,0.0665889961865928,0.0665889961865928,0.0665889961865927,0.0665889961865928,0.0665889961865927,0.0665889961865928,-1,-1
17731,1,-1,-1,-1,-1,-1,-1,-1,-1,-1,-1,-1,-1,-1,-1,-1,-1,-1,-1,-1,-1,-1,-1,-1,-1,-1,-1,-1,-1,-1,-1,-1,-1,-1,0.146128035678238,0.109144469425068,-1,-1,-1,-1,-1,-1,-1,-1,-1,-1,-1,-1
17735,1,-1,-1,-1,-1,-1,-1,-1,-1,-1,-1,-1,-1,-1,-1,-1,-1,-1,-1,-1,-1,-1,-1,-1,-1,-1,-1,-1,-1,-1,-1,-1,-1,-1,-1,-1,0.0511525224473813,-1,-1,-1,-1,-1,-1,-1,-1,-1,-1,-1
11987,1,-1,-1,-1,-1,-1,-1,-1,-1,-1,-1,-1,-1,-1,-1,-1,-1,-1,-1,-1,-1,-1,-1,-1,-1,-1,-1,-1,-1,-1,-1,-1,-1,-1,-1,-1,-0.273407597821028,-0.0571217139497562,0.015932239189953,-1,-1,-1,-1,-1,-1,-1,-1,-1
11985,1,-1,-1,-1,-1,-1,-1,-1,-1,-1,-1,-1,-1,-1,-1,-1,-1,-1,-1,-1,-1,-1,-1,-1,-1,-1,-1,-1,-1,-1,-1,-1,-1,-1,-1,-1,0.244243418546666,-0.0966693399723026,-0.0324623948688125,-1,-1,-1,-1,-1,-1,-1,-1,-1
17736,1,-1,-1,-1,-1,-1,-1,-1,-1,-1,-1,-1,-1,-1,-1,-1,-1,-1,-1,-1,-1,-1,-1,-1,-1,-1,-1,-1,-1,-1,-1,-1,-1,-1,-1,-1,-1,-0.0386867917823004,-0.0128724596416969,-0.0128724596416969,-0.0128724596416969,-0.0128724596416969,-0.0797890760725313,-1,-1,-1,-1,-1
17734,1,-1,-1,-1,-1,-1,-1,-1,-1,-1,-1,-1,-1,-1,-1,-1,-1,-1,-1,-1,-1,-1,-1,-1,-1,-1,-1,-1,-1,-1,-1,-1,-1,-1,-1,-1,-1,-1,-0.0649797689916753,-0.0649797689916753,-1,-1,-1,-1,-1,-1,-1,-1
17733,1,-1,-1,-1,-1,-1,-1,-1,-1,-1,-1,-1,-1,-1,-1,-1,-1,-1,-1,-1,-1,-1,-1,-1,-1,-1,-1,-1,-1,-1,-1,-1,-1,-1,-1,-1,-1,-1,-0.248662320403975,-0.248662320403975,-1,-1,-1,-1,-1,-1,-1,-1
17732,1,-1,-1,-1,-1,-1,-1,-1,-1,-1,-1,-1,-1,-1,-1,-1,-1,-1,-1,-1,-1,-1,-1,-1,-1,-1,-1,-1,-1,-1,-1,-1,-1,-1,-1,-1,-1,-1,-0.0149816116887216,-0.0149816116887216,-1,-1,-1,-1,-1,-1,-1,-1
11988,1,-1,-1,-1,-1,-1,-1,-1,-1,-1,-1,-1,-1,-1,-1,-1,-1,-1,-1,-1,-1,-1,-1,-1,-1,-1,-1,-1,-1,-1,-1,-1,-1,-1,-1,-1,-1,-1,0.109518377740806,-1,-1,-1,-1,-1,-1,-1,-1,-1
17749,1,-1,-1,-1,-1,-1,-1,-1,-1,-1,-1,-1,-1,-1,-1,-1,-1,-1,-1,-1,-1,-1,-1,-1,-1,-1,-1,-1,-1,-1,-1,-1,-1,-1,-1,-1,-1,-1,-1,0.0243593458594447,-1,-1,-1,-1,-1,-1,-1,-1
17750,1,-1,-1,-1,-1,-1,-1,-1,-1,-1,-1,-1,-1,-1,-1,-1,-1,-1,-1,-1,-1,-1,-1,-1,-1,-1,-1,-1,-1,-1,-1,-1,-1,-1,-1,-1,-1,-1,-1,-1,-1,-1,-0.494850021680094,-1,-1,-1,-1,-1
