population_id,1970,1971,1972,1973,1974,1975,1976,1977,1978,1979,1980,1981,1982,1983,1984,1985,1986,1987,1988,1989,1990,1991,1992,1993,1994,1995,1996,1997,1998,1999,2000,2001,2002,2003,2004,2005,2006,2007,2008,2009,2010,2011,2012,2013,2014
1945,1,0.000533578929841294,0.00053357892984085,0.000533578929841294,0.00053357892984085,0.000533578929841294,0.00053357892984085,0.000533578929841294,0.000533578929841294,0.00053357892984085,0.000533578929841294,0.00053357892984085,0.000533578929841294,0.00053357892984085,0.000533578929841294,0.000533578929841294,-1,-1,-1,-1,-1,-1,-1,-1,-1,-1,-1,-1,-1,-1,-1,-1,-1,-1,-1,-1,-1,-1,-1,-1,-1,-1,-1,-1,-1
1947,1,-1,-1,-1,-1,-1,-1,-1,-1,-1,-1,-1,-1,-1,-1,-1,-1,-1,-1,0.255665372348332,0.255665372348332,0.255665372348332,0.255665372348332,0.255665372348332,0.255665372348332,0.255665372348332,0,0,0,0,0,0,-1,-1,-1,-1,-1,-1,-1,-1,-1,-1,-1,-1,-1
8084,1,-1,-1,0.115159716941181,0.105333948836309,0.0853445261150214,0.0591102872942924,0.0335863922322162,0.0151836617816739,0.00625181249007856,0.00308009853619984,-0.00144336717462901,-0.00893750241157187,-0.0194023071746328,-0.0328377814638081,-0.0492439252790966,-0.0682333341335428,-0.0871536247251834,-0.0999363176466455,-0.100398593527652,-0.0876494243484593,-0.0632047520463002,-0.029366440179901,0.00474510595625821,0.0312899659560202,0.0490299472196569,0.0617499065053391,0.0704464255887873,0.0751195044699822,0.07576914314894,0.0723953416256471,0.0654339497260632,0.0566283667539444,0.046414442535244,0.0358487069147277,0.0294507109083857,-1,-1,-1,-1,-1,-1,-1,-1,-1
2233,1,-1,-1,-1,-1,-1,-1,-1,-0.0134602304959488,-0.0134602304959492,-0.0134602304959488,-0.0134602304959488,-0.0134602304959488,-0.0134602304959488,-0.0134602304959488,-0.0134602304959492,-0.0134602304959488,-0.0134602304959488,-0.0134602304959488,-1,-1,-1,-1,-1,-1,-1,-1,-1,-1,-1,-1,-1,-1,-1,-1,-1,-1,-1,-1,-1,-1,-1,-1,-1,-1
4544,1,-1,-1,-1,-1,-1,-1,-1,-1,-1,-1,-1,0.136937491452826,0.110348166422458,0.066063452675122,0.0233026735931698,-0.00280440413554173,-0.0109220102538155,-0.0103185259334397,-0.0103313173644302,-0.0125122238235704,-0.0116458231450949,-0.00332586818475322,0.00988939627111485,0.019805797141855,0.0200703214677391,0.0124516950485831,0.00529401945381736,-1,-1,-1,-1,-1,-1,-1,-1,-1,-1,-1,-1,-1,-1,-1,-1,-1
4633,1,-1,-1,-1,-1,-1,-1,-1,-1,-1,-1,-1,-1,0.067069495828963,-0.000904521439144546,-0.0930888056760728,-0.141153630659221,-0.110236063003949,-0.0245902613777044,0.0579653766821545,0.0914379040010579,0.0678041061610969,0.0108960852881901,-0.0453404150272527,-0.0758272891529984,-1,-1,-1,-1,-1,-1,-1,-1,-1,-1,-1,-1,-1,-1,-1,-1,-1,-1,-1,-1
13304,1,-1,-1,-1,-1,-1,-1,-1,-1,-1,-1,-1,-1,-1,-1,-0.0807106110425777,0.0807039862762302,0.217435666850135,0.152632042331491,-0.0491473173363821,-0.170197587519229,-0.121107067624219,-0.0263659651065278,-0.0212542658135209,-0.0659710531024946,-0.0337501062056096,0.0751725379271417,0.116886600850775,0.0119794979934342,-0.125285848302243,-0.130217555349768,-0.0062209651543188,0.0872731385788581,0.0554111181324211,-0.019550213715835,-1,-1,-1,-1,-1,-1,-1,-1,-1,-1
8081,1,-1,-1,-1,-1,-1,-1,-1,-1,-1,-1,-1,-1,-1,-1,-1,0.0878303551561381,-0.00110290800075541,-0.00110290800075541,-0.00110290800075497,-0.00110290800075541,-0.00110290800075497,-0.00110290800075541,-0.00110290800075541,-0.00110290800075497,-0.00110290800075541,-0.00110290800075497,-0.00110290800075541,-0.00110290800075541,-0.00110290800075497,-0.00110290800075541,-0.00110290800075541,-0.00110290800075497,-0.00110290800075541,0.00947589188387754,-0.0126810317590889,-1,-1,-1,-1,-1,-1,-1,-1,-1
8062,1,-1,-1,-1,-1,-1,-1,-1,-1,-1,-1,-1,-1,-1,-1,-1,-1,0,0,0,0,0,0,0,0,0,0,0,0,0,0,0,-0.0143435942968888,-0.0143435942968888,-0.0143435942968888,-0.0143435942968893,-0.0143435942968888,-1,-1,-1,-1,-1,-1,-1,-1
8076,1,-1,-1,-1,-1,-1,-1,-1,-1,-1,-1,-1,-1,-1,-1,-1,-1,-1,-0.00600644044492249,-0.00600644044490783,-0.00600644044464316,-0.00600644044398502,-0.00600644044312748,-0.0060064404425022,-0.00600644044243914,-0.00600644044294452,-0.00600644044377852,-0.00600644044471244,-0.00600644044564635,-0.0060064404465896,-0.0060064404475626,-0.00600644044855114,-0.00600644044948506,-0.00600644045022181,-0.00600644045061394,-1,-1,-1,-1,-1,-1,-1,-1,-1,-1
13245,1,-1,-1,-1,-1,-1,-1,-1,-1,-1,-1,-1,-1,-1,-1,-1,-1,-1,-1,-1,-1,-1,-1,-1,0.221179574230225,0.221179574230225,-0.277548899814458,0.101457640758777,-1,-1,-1,-1,-1,-1,-1,-1,-1,-1,-1,-1,-1,-1,-1,-1,-1
13244,1,-1,-1,-1,-1,-1,-1,-1,-1,-1,-1,-1,-1,-1,-1,-1,-1,-1,-1,-1,-1,-1,-1,-1,0.251471216223157,0.168063406043714,0.0632268998054837,0.074486124839245,-1,-1,-1,-1,-1,-1,-1,-1,-1,-1,-1,-1,-1,-1,-1,-1,-1
8152,1,-1,-1,-1,-1,-1,-1,-1,-1,-1,-1,-1,-1,-1,-1,-1,-1,-1,-1,-1,-1,-1,-1,-1,0.00648690077596958,0.00648690077597003,0.00648690077597003,0.00648690077596958,0.00648690077597003,0.00648690077596958,0.00648690077597003,0.00648690077596958,0.00648690077597003,0.00648690077596958,0.00648690077597003,-1,-1,-1,-1,-1,-1,-1,-1,-1,-1
8151,1,-1,-1,-1,-1,-1,-1,-1,-1,-1,-1,-1,-1,-1,-1,-1,-1,-1,-1,-1,-1,-1,-1,-1,-1,-1,-1,-1,-1,-0.0187814615661828,-0.0187814615661828,-0.0187814615661832,-0.0187814615661828,-0.0187814615661828,-0.0187814615661832,-1,-1,-1,-1,-1,-1,-1,-1,-1,-1
23460,1,-1,-1,-1,-1,-1,0.0731327027191422,0.0731327027191422,0.0731327027191424,0.0731327027191422,-0.272786752680812,0.00226432937854715,0.00226432937854737,0.00226432937854715,0.00226432937854715,0.00226432937854715,0.00226432937854737,0.00226432937854715,0.00226432937854715,-0.00982996962389127,0.0900385242094428,0.0916295331121917,0.0916295331121917,0.0916295331121919,-0.0210846554401583,-0.021084655440158,-0.021084655440158,-0.021084655440158,-0.021084655440158,-0.021084655440158,-0.0210846554401583,-0.021084655440158,-0.021084655440158,-0.021084655440158,0.00972358207418611,0.00972358207418633,0.00972358207418633,0.00972358207418611,0.00972358207418633,0.00972358207418611,0.00972358207418633,0.00972358207418633,0.00972358207418611,-1,-1
23456,1,-1,-1,-1,-1,-1,0.0186952345143303,0.0186952345143303,0.0186952345143303,0.0186952345143303,0.0186952345143303,0.0186952345143305,0.0186952345143303,0.0186952345143303,0.0186952345143303,0.0186952345143303,0.0186952345143303,0.0186952345143305,0.0186952345143303,0,0,0,0,0,0,0,0,0,0,0,0,0,0,0.0455931955649724,0.0455931955649724,0.0455931955649724,0.0455931955649724,0.0455931955649724,0.0455931955649724,0.0455931955649724,0.0455931955649724,0.0455931955649724,0.0455931955649724,-1,-1
4545,1,-1,-1,-1,-1,-1,-1,-1,-1,-1,-1,-1,-1,-0.22357901567111,-0.223579015671109,-0.273001272063738,0.397940008672038,-1,-1,-1,-1,-1,-1,-1,-1,-1,-1,-1,-1,-1,-1,-1,-1,-1,-1,-1,-1,-1,-1,-1,-1,-1,-1,-1,-1
23458,1,-1,-1,-1,-1,-1,-1,-1,-1,-1,-1,-1,-1,-1,-1,-1,0.0191871154120773,0.0191871154120773,0.0191871154120771,0.0191871154120773,0.0191871154120773,0.0191871154120773,0.0191871154120773,0.0191871154120773,0.0191871154120773,0.0191871154120773,0.0191871154120773,0.0132088532926058,0.0132088532926058,0.013208853292606,0.0132088532926058,0.0132088532926058,0.0132088532926058,0.013208853292606,0.0132088532926058,-1,-1,-1,-1,-1,-1,-1,-1,-1,-1
17829,1,-1,-1,-1,-1,-1,-1,-1,-1,-1,-1,-1,-1,-1,-1,-1,-1,-1,-1,-1,-1,-1,-1,-1,-1,-1,-0.0894920334642033,-0.165923003469034,-0.0911143288521063,-0.0911143288521064,0.134112613185355,0.0256995302148193,0.0256995302148192,0.0256995302148193,0.0256995302148193,0.0256995302148193,0.0256995302148192,0.0256995302148193,-0.3199048154279,0.109534945308458,0.109534945308458,-1,-1,-1,-1
27354,1,-1,-1,-1,-1,-1,-1,-1,-1,-1,-1,-1,-1,-1,-1,-1,-1,-1,-1,-1,-1,-1,-1,-1,-1,-1,-1,-1,-1,-1,-1,-1,-1,-0.122532666842421,-1,-1,-1,-1,-1,-1,-1,-1,-1,-1,-1
27353,1,-1,-1,-1,-1,-1,-1,-1,-1,-1,-1,-1,-1,-1,-1,-1,-1,-1,-1,-1,-1,-1,-1,-1,-1,-1,-1,-1,-1,-1,-1,-1,-1,-0.164721644242563,-1,-1,-1,-1,-1,-1,-1,-1,-1,-1,-1
27352,1,-1,-1,-1,-1,-1,-1,-1,-1,-1,-1,-1,-1,-1,-1,-1,-1,-1,-1,-1,-1,-1,-1,-1,-1,-1,-1,-1,-1,-1,-1,-1,-1,-0.361841342438565,-1,-1,-1,-1,-1,-1,-1,-1,-1,-1,-1
23417,1,-1,-1,-1,-1,-1,0.0115078319547829,0.0115078319547828,0.0115078319547828,0.0115078319547828,0.0115078319547829,0.0115078319547828,0.0115078319547829,0.0115078319547829,0.0115078319547828,0.0115078319547828,0.0115078319547829,0.0115078319547828,0.0115078319547829,0.0115078319547828,0.0115078319547829,0.0115078319547828,0.0115078319547829,0.0115078319547828,0.0115078319547829,0.0115078319547828,0.0115078319547829,0.0115078319547829,0.0115078319547828,0.0115078319547828,0.0115078319547829,0.0115078319547828,0.0115078319547829,0.0115078319547828,-0.00235436656332644,-0.00235436656332644,-0.00235436656332644,-0.00235436656332655,-0.00235436656332633,-0.00235436656332655,-0.00235436656332644,-0.00235436656332644,-0.00235436656332644,-1,-1
23450,1,-1,-1,-1,-1,-1,-1,0.00245088386029169,0.00245088386029169,0.00245088386029169,0.00245088386029169,0.00245088386029124,0.00245088386029169,0.00245088386029169,0.00245088386029169,0.00245088386029169,0.00245088386029169,0.00245088386029169,0.00245088386029169,0.00245088386029169,0.00245088386029169,0.00245088386029124,0.0530134727466294,0.0530134727466294,0.0530134727466289,0.0530134727466294,0.0530134727466289,0.0530134727466294,0.0530134727466289,0.0530134727466294,0.0530134727466289,-0.0283636116781452,-0.0283636116781452,-0.0283636116781452,-0.0283636116781447,-0.0283636116781456,-0.0283636116781447,-0.0283636116781452,-0.0283636116781452,-0.0283636116781452,0.102059991327963,0.102059991327962,-1,-1,-1
14866,1,-1,-1,-1,-1,-1,-1,-1,-0.00997833175805063,-0.00997833175805063,-0.00997833175805063,-0.00997833175805063,-0.00997833175805063,-0.00997833175805063,-0.00997833175805063,-0.00997833175805063,-0.00997833175805063,-0.00997833175805063,-0.00997833175805063,-0.00997833175805063,-0.00997833175805063,-0.00997833175805063,-0.00997833175805063,-0.00997833175805019,-0.00997833175805063,-0.00997833175805063,-0.00997833175805063,-0.00997833175805063,-0.00997833175805063,-0.211460345821668,0.268237482267674,-0.042458439022885,-0.105133438533271,-0.105133438533271,0.176091259055681,-0.954242509439325,0.69437425264687,0.0311935201829441,0.602059991327963,-0.0175496395163979,-1,-1,-1,-1,-1
14865,1,-1,-1,-1,-1,-1,-1,-1,-0.0214770691502602,-0.0214770691502597,-0.0214770691502597,-0.0214770691502602,-0.0214770691502597,-0.0214770691502597,-0.0214770691502602,-0.0214770691502597,-0.0214770691502602,-0.0214770691502597,-0.0214770691502602,-0.0214770691502597,-0.0214770691502597,-0.0214770691502597,-0.0214770691502602,-0.0214770691502597,-0.0214770691502602,-0.0214770691502597,-0.0214770691502597,-0.0214770691502602,-0.0214770691502597,0.343408593803857,-0.471252321055565,-0.529733591926087,0.24663394533511,0.24663394533511,-0.26748884742543,-0.638782798352702,1.25810179512217,0.223256512540747,-0.223256512540747,0.257304478673285,-1,-1,-1,-1,-1
22036,1,-1,-1,-1,-1,-1,-1,-1,-1,-1,-1,-1,-1,-1,-1,-1,-1,-1,-1,0.0312211327792129,-1,-1,-1,-1,-1,-1,-1,-1,-1,-1,-1,-1,-1,-1,-1,-1,-1,-1,-1,-1,-1,-1,-1,-1,-1
14864,1,-1,-1,-1,-1,-1,-1,-1,-1,-1,-1,-1,-1,-1,-1,-1,-1,-1,-1,-1,-1,-1,-1,-1,-1,-1,-1,-1,-1,-1,-1,-1,-1,-1,-1,-1,0.194228048420689,0.136122135517206,-0.234575581986753,-1,-1,-1,-1,-1,-1
22035,1,-1,-1,-1,-1,-1,-1,-1,-1,-1,-1,-1,-1,-1,-1,-1,-1,-1,-1,-1,-1,-1,-1,-1,-1,-1,-1,-1,-1,-1,-1,-1,-1,-1,-1,-1,-1,-1,-1,-1,-1,0.130510998527074,-1,-1,-1
2187,1,-1,-1,-1,-1,-1,-1,-1,-1,-0.0436471221082284,-0.0436471221082289,0.0843022380484344,0.140705030812752,-0.0212837211774741,-0.0681620660920972,-0.0681620660920967,0.0969100130080567,-0.0457574905606752,0.129439237834976,-1,-1,-1,-1,-1,-1,-1,-1,-1,-1,-1,-1,-1,-1,-1,-1,-1,-1,-1,-1,-1,-1,-1,-1,-1,-1
2186,1,-1,-1,-1,-1,-1,-1,-1,-1,-0.0443359409187063,-0.0443359409187059,0.0606249293349053,0.218922225861073,-0.0511745460525432,-0.0285951891679868,-0.0285951891679868,0.189645512697469,-0.226106812680651,0.116495925048078,0.0142909353158425,0.0142909353158425,0.0142909353158425,0.0142909353158425,0.0142909353158425,0.0138730035608754,0.0138730035608754,0.013873003560875,0.0138730035608754,0.0138730035608754,0.0138730035608754,0.0138730035608754,0.0138730035608754,-1,-1,-1,-1,-1,-1,-1,-1,-1,-1,-1,-1,-1
12449,1,-1,-1,-1,-1,-1,-1,-1,-1,-1,-1,-1,-1,-1,-1,-1,-1,-1,-1,-1,-1,-1,-1,-1,-1,-1,-1,-1,-1,-1,-1,-1,-1,-1,-1,-1,-1,-1,0.160622716450561,-0.598757355777877,-1,-1,-1,-1,-1
23407,1,-1,-1,-1,-1,-1,-1,-1,-1,-1,-1,0.0133915048719252,0.0133915048719251,0.0133915048719252,0.0133915048719252,0.0133915048719252,0.0133915048719251,0.0133915048719252,0.0133915048719252,0.0133915048719251,0.0133915048719252,0.0133915048719252,0.0133915048719251,0.0133915048719252,0.0133915048719251,0.0133915048719253,0.0133915048719251,0.0133915048719252,0.0133915048719252,0.0133915048719252,0.0133915048719251,0.0133915048719252,0.10649218306807,0.10649218306807,0.10649218306807,0.10649218306807,-0.1627272974977,-0.0871501757189002,0.009151498112135,0.00915149811213511,0.009151498112135,0.00915149811213489,0.00915149811213511,-1,-1
2193,1,-1,-1,-1,-1,-1,-1,-1,-1,-1,-1,-0.00517954455579916,-0.00517954455579916,-0.00517954455579961,-0.00517954455579916,-0.00517954455579916,-0.00517954455579916,-0.00517954455579916,-0.00517954455579916,-0.00517954455579916,-0.00517954455579961,-0.00132804387190744,-0.00132804387190788,-0.00132804387190788,-0.00132804387190744,-0.00132804387190788,-0.00132804387190744,-0.00132804387190788,-0.00132804387190788,-1,-1,-1,-1,-1,-1,-1,-1,-1,-1,-1,-1,-1,-1,-1,-1
13273,1,-1,-1,-1,-1,-1,-1,-1,-1,-1,-1,-1,-1,-1,-1,-1,-0.0243774153095901,-0.0243774153095901,-0.0243774153095906,-0.0243774153095901,-0.0243774153095901,-0.0243774153095906,-0.0243774153095901,-0.0243774153095901,0.00340868409468786,0.00340868409468831,0.00340868409468831,0.00340868409468786,0.00340868409468831,0.00340868409468831,0.00340868409468831,0.00340868409468786,0.054935371103662,0.054935371103662,0.0549353711036615,-0.0511427465048211,-0.0511427465048215,-0.0511427465048215,-0.0511427465048215,-1,-1,-1,-1,-1,-1
4559,1,-1,-1,-1,-1,-1,-1,-1,-1,-1,-1,-1,-1,-1,-1,-1,-0.0069414524507172,-0.0069414524507172,-0.0069414524507172,-0.0069414524507172,-0.0069414524507172,-0.0069414524507172,-0.0069414524507172,-0.00694145245071764,-0.0069414524507172,-0.0069414524507172,-0.0069414524507172,-0.0069414524507172,-0.0069414524507172,-0.0069414524507172,-0.0069414524507172,-0.0069414524507172,-0.00694145245071764,-0.0069414524507172,-0.0069414524507172,-1,-1,-1,-1,-1,-1,-1,-1,-1,-1
4319,1,-1,-1,-1,-1,-1,-1,-1,-1,-1,-1,-1,-1,-1,-1,-1,-0.0319429236163153,-0.0319429236163149,-0.0319429236163153,-0.0319429236163153,-0.0319429236163149,-0.0319429236163153,-0.0319429236163149,-0.0319429236163153,0.00748662825528967,0.00748662825528923,0.00748662825528967,0.00748662825528967,0.00748662825528923,0.00748662825528967,0.00748662825528967,0.00748662825528923,-1,-1,-1,-1,-1,-1,-1,-1,-1,-1,-1,-1,-1
20419,1,-1,-1,-1,-1,-1,-1,-1,-1,-1,-1,-1,-1,-1,-1,-1,-1,-1,-1,-1,-1,-1,-1,-1,-1,-1,-1,-1,-1,-1,-0.0427118166949167,-0.0427118166949172,-0.0427118166949167,-0.0427118166949172,-0.0427118166949167,-0.0427118166949172,-0.0427118166949172,-0.0427118166949167,-0.0427118166949172,-0.0427118166949167,0.0264335266771676,0.026433526677168,0.0264335266771676,0.026433526677168,0.0264335266771676
15142,1,-1,-1,-1,-1,-1,-1,-1,-1,-1,-1,-1,-1,0.115233428100922,-1,-1,-1,-1,-1,-1,-1,-1,-1,-1,-1,-1,-1,-1,-1,-1,-1,-1,-1,-1,-1,-1,-1,-1,-1,-1,-1,-1,-1,-1,-1
2009,1,-1,-1,-1,-1,-1,-1,-1,-1,-1,-1,-1,-1,-1,-1,-1,-1,-0.602059991327962,0.168416251914619,0.168416251914619,0.168416251914619,0.168416251914619,0.168416251914619,0.168416251914619,0.168416251914619,0.168416251914619,0.0415445133849184,0.0415445133849184,0.0415445133849182,0.0415445133849182,0.0415445133849186,0.0415445133849182,-1,-1,-1,-1,-1,-1,-1,-1,-1,-1,-1,-1,-1
4320,1,-1,-1,-1,-1,-1,-1,-1,-1,-1,-1,-1,-1,-1,-1,0.0074050441936544,0.0074050441936544,0.00740504419365395,0.0074050441936544,0.0074050441936544,0.0074050441936544,0.0074050441936544,0.0074050441936544,0.0074050441936544,0.00740504419365395,0.0074050441936544,0.0074050441936544,0.0074050441936544,0.0074050441936544,0.0074050441936544,0.0074050441936544,-1,-1,-1,-1,-1,-1,-1,-1,-1,-1,-1,-1,-1,-1
9806,1,-1,-1,-1,-1,-1,-1,-1,-1,-1,-1,-1,-1,-1,-1,-1,-1,0.075527417106314,0.075527417106314,0.0755274171063141,-0.0548784456067009,-0.0548784456067009,-0.0548784456067009,-0.0548784456067009,-0.0548784456067009,-0.0548784456067008,-0.0548784456067009,-0.0548784456067009,-0.0548784456067009,-0.0548784456067009,-0.0548784456067009,-0.0548784456067009,-1,-1,-1,-1,-1,-1,-1,-1,-1,-1,-1,-1,-1
9805,1,-1,-1,-1,-1,-1,-1,-1,-1,-1,-1,-1,-1,-1,-1,-1,-1,-0.07635086046281,-0.0763508604628096,-0.07635086046281,-0.07635086046281,-0.0763508604628096,-0.07635086046281,-0.07635086046281,-0.0763508604628096,-0.07635086046281,-0.07635086046281,-0.0763508604628096,-0.07635086046281,-0.07635086046281,-0.07635086046281,-0.0763508604628096,-1,-1,-1,-1,-1,-1,-1,-1,-1,-1,-1,-1,-1
9804,1,-1,-1,-1,-1,-1,-1,-1,-1,-1,-1,-1,-1,-1,-1,-1,-1,0.0206448816080531,0.0206448816080531,0.0206448816080531,0.0206448816080536,0.0206448816080531,0.0206448816080531,0.0206448816080531,0.0206448816080531,0.0206448816080531,0.0206448816080531,0.0206448816080531,0.0206448816080531,0.0206448816080536,0.0206448816080531,-1,-1,-1,-1,-1,-1,-1,-1,-1,-1,-1,-1,-1,-1
9803,1,-1,-1,-1,-1,-1,-1,-1,-1,-1,-1,-1,-1,-1,-1,-1,-1,-0.0752917392310692,-0.0752917392310688,-0.0752917392310692,-0.0752917392310692,-0.0752917392310688,-0.0752917392310692,-0.0752917392310692,-0.0752917392310688,-0.0752917392310692,-0.0752917392310692,-0.0752917392310688,-0.0752917392310692,-0.0752917392310692,-0.0752917392310688,-1,-1,-1,-1,-1,-1,-1,-1,-1,-1,-1,-1,-1,-1
9807,1,-1,-1,-1,-1,-1,-1,-1,-1,-1,-1,-1,-1,-1,-1,-1,-1,-1,-1,-1,-0.00468354293200188,-0.00468354293200196,-0.00468354293200185,-0.00468354293200188,-0.00468354293200196,-0.00468354293200191,-0.00468354293200188,-0.00468354293200193,-0.00468354293200191,-0.00468354293200193,-0.00468354293200191,-0.00468354293200188,-1,-1,-1,-1,-1,-1,-1,-1,-1,-1,-1,-1,-1
2015,1,-1,-1,-1,-1,-1,-1,-1,-1,-1,-1,-1,-1,-1,-1,-1,-1,-0.698970004336019,0.0752574989159953,0.0752574989159953,0.0752574989159953,0.0752574989159953,0.0752574989159953,0.0752574989159954,0.0752574989159953,0.0752574989159953,0,0,0,0,0,0,-1,-1,-1,-1,-1,-1,-1,-1,-1,-1,-1,-1,-1
2014,1,-1,-1,-1,-1,-1,-1,-1,-1,-1,-1,-1,-1,-1,-1,-1,-1,-0.271066772286538,0.0255149978319906,0.0255149978319906,0.0255149978319906,0.0255149978319906,0.0255149978319906,0.0255149978319906,0.0255149978319904,0.0255149978319906,-0.0945496475114584,-0.0945496475114582,-0.0945496475114584,-0.0945496475114584,-0.0945496475114584,-0.0945496475114584,-1,-1,-1,-1,-1,-1,-1,-1,-1,-1,-1,-1,-1
2012,1,-1,-1,-1,-1,-1,-1,-1,-1,-1,-1,-1,-1,-1,-1,-1,-1,-1.91812569181477,0.255218932248104,0.255218932248103,0.255218932248103,0.255218932248103,0.255218932248103,0.255218932248103,0.255218932248103,0.255218932248103,0,0,0,0,0,0,-1,-1,-1,-1,-1,-1,-1,-1,-1,-1,-1,-1,-1
2007,1,-1,-1,-1,-1,-1,-1,-1,-1,-1,-1,-1,-1,-1,-1,-1,-1,-2.00432137378264,0.25054017172283,0.25054017172283,0.25054017172283,0.25054017172283,0.25054017172283,0.25054017172283,0.25054017172283,0.25054017172283,-0.334053562297107,-0.334053562297107,-0.334053562297107,-0.334053562297107,-0.334053562297107,-0.334053562297107,-1,-1,-1,-1,-1,-1,-1,-1,-1,-1,-1,-1,-1
1951,1,-1,-1,-1,-1,-1,-1,-1,-1,-1,-1,-1,-1,-1,-1,-1,-1,-0.397940008672038,0.081651564221918,0.0816515642219179,0.081651564221918,0.0816515642219179,0.081651564221918,0.081651564221918,0.0816515642219179,0.081651564221918,-0.159040418239887,-0.159040418239887,-0.159040418239888,-0.159040418239887,-0.159040418239888,-0.159040418239887,-1,-1,-1,-1,-1,-1,-1,-1,-1,-1,-1,-1,-1
1944,1,-1,-1,-1,-1,-1,-1,-1,-1,-1,-1,-1,-1,-1,-1,-1,-1,1,-0.125,-0.125,-0.125,-0.125,-0.125,-0.125,-0.125,-0.125,0.159040418239887,0.159040418239888,0.159040418239887,0.159040418239887,0.159040418239888,0.159040418239887,-1,-1,-1,-1,-1,-1,-1,-1,-1,-1,-1,-1,-1
1943,1,-1,-1,-1,-1,-1,-1,-1,-1,-1,-1,-1,-1,-1,-1,-1,-1,0,0,0,0,0,0,0,0,0,0.334053562297107,0.334053562297107,0.334053562297107,0.334053562297107,0.334053562297107,0.334053562297107,-1,-1,-1,-1,-1,-1,-1,-1,-1,-1,-1,-1,-1
1941,1,-1,-1,-1,-1,-1,-1,-1,-1,-1,-1,-1,-1,-1,-1,-1,-1,0.0791812460476247,0.00753100341023893,0.00753100341023893,0.00753100341023849,0.00753100341023938,0.00753100341023849,0.00753100341023893,0.00753100341023893,0.00753100341023893,0.00293979140211897,0.00293979140211942,0.00293979140211897,0.00293979140211897,0.00293979140211942,0.00293979140211942,-1,-1,-1,-1,-1,-1,-1,-1,-1,-1,-1,-1,-1
2365,1,-1,-1,-1,-1,-1,-1,-1,-1,-1,-1,-1,-1,-1,-1,-1,-1,-1,-1,-1,0.039758692263506,0.0397586922635069,0.0397586922635069,0.039758692263506,0.0397586922635069,0.0397586922635069,-0.0368580827039384,-0.0368580827039375,-0.0368580827039384,-0.0368580827039375,-0.000880728252224294,-0.000880728252224294,-0.000880728252224294,-0.000880728252224294,-0.000880728252224294,-0.000880728252224294,-1,-1,-1,-1,-1,-1,-1,-1,-1
23350,1,-1,-1,-1,-1,-1,-1,-1,-1,-1,-1,-1,-1,-1,-1,-1,-1,-1,-1,-1,-1,-1,-1,-1,-1,-1,-1,-1,-1,-1,-1,-1,-1,-1,-1,-1,-1,-1,-1,-1,-0.34733001531695,0.217483944213906,0.237360915794604,-1,-1
