population_id,1970,1971,1972,1973,1974,1975,1976,1977,1978,1979,1980,1981,1982,1983,1984,1985,1986,1987,1988,1989,1990,1991,1992,1993,1994,1995,1996,1997,1998,1999,2000,2001,2002,2003,2004,2005,2006,2007,2008,2009,2010,2011,2012,2013,2014,2015,2016
1706,1,0.0211319361437501,0.0145718269770931,0.0090381487411002,0.00388909710453511,-0.00110541562563737,-0.00566768476608148,-0.00968013350160923,-0.0134109735682726,-0.0169068846866978,-0.0195990689819383,-0.0210682204054673,-0.0222327022344913,-0.0252199926590015,-0.031464069328949,-0.0398372968273675,-0.0470654133286308,-0.0504252722094787,-0.0501315825028996,-0.0488532424371448,-1,-1,-1,-1,-1,-1,-1,-1,-1,-1,-1,-1,-1,-1,-1,-1,-1,-1,-1,-1,-1,-1,-1,-1,-1,-1,-1
1709,1,0.00185562371475267,-0.00211401361072161,-0.0149600066539066,-0.0366823554148059,-0.0672810598934053,-0.103665314852198,-0.129968317360853,-0.12908493426091,-0.0977532602890101,-0.0403402851703927,0.0243590597770877,0.0698542135174911,0.0787706665251813,0.0547129650245441,0.0189979702135612,-0.00528951683420598,-0.00883525991198963,0.000592202274471987,0.00767502017218957,0.00239311752285909,-0.0139073864525763,-0.031866687808038,-0.0423834334216777,-1,-1,-1,-1,-1,-1,-1,-1,-1,-1,-1,-1,-1,-1,-1,-1,-1,-1,-1,-1,-1,-1,-1
13715,1,-1,-1,-1,-0.0137837612795343,-0.0137837612795417,-0.0137837612795797,-0.0137837612796586,-0.0137837612797629,-0.0137837612798767,-0.0137837612800035,-0.0137837612801495,-0.013783761280301,-0.0137837612804351,-0.0137837612805243,-0.0137837612805322,-0.0137837612804106,-0.0137837612801539,-0.0137837612798384,-0.0137837612795706,-0.013783761279388,-0.0137837612792412,-0.0137837612791034,-0.0137837612790702,-0.0137837612793101,-0.0137837612799213,-0.0137837612808723,-0.013783761282062,-0.0137837612834203,-0.0137837612849113,-0.0137837612864748,-0.0137837612880152,-0.0137837612894384,-0.0137837612907027,-0.0137837612918188,-0.0137837612928008,-0.0137837612936437,-0.0137837612943226,-0.0137837612948306,-0.013783761295192,-0.0137837612954509,-0.0137837612956379,-0.0137837612957603,-0.0137837612958222,-0.0137837612958411,-1,-1
2617,1,-1,-1,-1,-1,-1,-1,-1,-1,-1,-1,-1,-1,-1,-1,-1,-1,-1,-1,-1,-1,-1,-1,-1,-1,-1,-1,0.121043824612526,0.112633169838321,0.0933683739078592,0.0628158113972284,0.0255936860909123,-0.00813629333327937,-0.0273626810423113,-1,-1,-1,-1,-1,-1,-1,-1,-1,-1,-1,-1,-1
1656,1,0.0221909011717276,0.0272465226152931,-0.0088018656112836,-0.0396030059551111,-0.020266311408542,0.0131861650408034,0.00599115450635201,-0.0219814733157597,-0.00979314111730734,0.0406213331370524,0.0611234267977134,0.0195412055932911,-0.0344411315300559,-0.0452320746261363,-0.0254994561211017,-0.0231034788263837,-0.0484597678829628,-0.0732613070463586,-0.0814986294713225,-1,-1,-1,-1,-1,-1,-1,-1,-1,-1,-1,-1,-1,-1,-1,-1,-1,-1,-1,-1,-1,-1,-1,-1,-1,-1,-1
8127,1,0.0102389551058275,0.0212866011709727,0.0217343883271268,0.0180584225211782,0.0121129935206401,0.00485955962311335,-1.95454240325965e-06,0.000686991263243009,0.00416310118020702,0.00347960772285894,-0.00409648225422798,-0.0125226446678619,-0.012728810065632,-0.00239053307871373,0.0112016541637652,0.0176331311156748,0.0118838396028715,-0.0026268388903774,-0.0173146736878385,-0.024266031125703,-0.0208340466139532,-0.0106041406145934,-0.000128340291197793,0.00612164558114614,0.0081583097591984,-1,-1,-1,-1,-1,-1,-1,-1,-1,-1,-1,-1,-1,-1,-1,-1,-1,-1,-1,-1,-1
8130,1,0.00646568797559199,0.00646568797559199,0.00646568797559244,0.00646568797559199,0.00646568797559244,0.00646568797559199,0.00646568797559199,0.00646568797559244,0.00646568797559199,0.00646568797559199,0.00646568797559244,0.00646568797559199,0.00646568797559199,0.00646568797559244,0.00646568797559199,0.00646568797559244,0.00646568797559199,0.00646568797559199,0.00646568797559244,0.00646568797559199,0.00646568797559199,0.0923279585652921,0.0449551997454036,-0.044747054770462,0.00248998951694679,-1,-1,-1,-1,-1,-1,-1,-1,-1,-1,-1,-1,-1,-1,-1,-1,-1,-1,-1,-1,-1
8129,1,0.0642958832392408,0.0642958832392408,0.0642958832392404,0.0642958832392408,0.0642958832392408,0.0642958832392408,0.0642958832392404,0.0642958832392408,0.0642958832392408,0.0642958832392404,0.0642958832392408,0.0642958832392408,0.0642958832392408,0.0642958832392404,0.0642958832392408,0.0642958832392408,-0.0248737110146138,-0.0298438821984055,-0.0248614885456457,-0.0149232922142573,0.0300102988185933,0.0399858299745635,0.0399453193425412,-0.0448143307841256,0.0499614951826088,-1,-1,-1,-1,-1,-1,-1,-1,-1,-1,-1,-1,-1,-1,-1,-1,-1,-1,-1,-1,-1
8128,1,-0.0604104641251213,-0.0604104641251215,-0.0604104641251215,-0.0604104641251215,-0.0604104641251215,-0.0604104641251213,-0.0604104641251215,-0.0981473225719841,-0.0981473225719842,0.149439064284241,0.00546289570150205,0.0969100130080565,-0.0843105420796065,-0.0843105420796064,-0.0843105420796065,-0.0843105420796064,-0.015174460088403,-0.0151744600884028,-0.015174460088403,-0.015174460088403,-0.0774509799928715,-0.0774509799928716,-0.0223155965435377,-0.0223155965435378,-0.0223155965435377,-1,-1,-1,-1,-1,-1,-1,-1,-1,-1,-1,-1,-1,-1,-1,-1,-1,-1,-1,-1,-1
23547,1,-0.00206464877669665,-0.00206464877677659,-0.00206464877699108,-0.00206464877746892,-0.00206464877838419,-0.00206464877978529,-0.00206464878154211,-0.00206464878355117,-0.00206464878588619,-0.00206464878867152,-0.00206464879184987,-0.00206464879515744,-0.00206464879835133,-0.00206464880137558,-0.00206464880436474,-0.00206464880750445,-0.00206464881088575,-0.00206464881436341,-0.00206464881756707,-0.00206464882012325,-0.00206464882192758,-0.00206464882315061,-0.00206464882401214,-0.00206464882461654,-0.00206464882503665,-0.00206464882536661,-0.0020646488256606,-0.00206464882585644,-0.00206464882589596,-0.00206464882585777,-1,-1,-1,-1,-1,-1,-1,-1,-1,-1,-1,-1,-1,-1,-1,-1
8126,1,-1,-1,-1,-1,-1,-1,-1,-1,-1,-1,0.0157852593022945,0.0154680099048465,0.0148926347687039,0.0142314846532541,0.0136320011781925,0.0130919767564426,0.0124896278313469,0.0117652479685844,0.0108053893664906,0.00959516899579915,0.00819862772882152,0.00690474371409966,0.00597095178131068,0.00544749914768605,0.00518176551063743,0.00495614742459738,0.00465432198930404,0.0043305879295934,0.00412760134822499,-1,-1,-1,-1,-1,-1,-1,-1,-1,-1,-1,-1,-1,-1,-1,-1,-1
2555,1,-1,-1,-1,-1,-1,-1,-1,-1,-1,-1,0.014952020790715,0.0148031480627209,0.0145099659318895,0.0141265943438886,0.0137081058152575,0.013253560670625,0.012715330830593,0.0120657177707306,0.0112406114940107,0.0102204445811624,0.00903185727110856,0.00780332999952771,0.00663119904549281,0.00549879251163099,0.00430758164982059,0.00296959317446355,0.00146613439853116,-0.000179235060091987,-0.00195764601486736,-0.00386289616141622,-0.00580117856604567,-0.00753706400418475,-0.00878447553427208,-0.0093963818238354,-0.00947693170048436,-0.00930081805470873,-0.00911918087709984,-0.00903433771849227,-1,-1,-1,-1,-1,-1,-1,-1
8199,1,0.0319844449850235,0.0319844449850235,0.0319844449850233,0.0319844449850235,0.0319844449850235,0.0319844449850235,0.0319844449850233,0.0319844449850235,0.0319844449850235,0.0319844449850235,-0.0159176003468815,-0.0159176003468815,-0.0159176003468815,-0.0159176003468817,-0.0159176003468815,-0.0159176003468813,-0.0159176003468815,-0.0159176003468815,-0.0159176003468815,-0.0159176003468817,-0.0159176003468815,-0.0159176003468815,-0.0159176003468813,-0.0159176003468817,-0.0159176003468813,-0.0159176003468817,-0.0159176003468815,-0.0159176003468815,-0.0159176003468815,-0.0159176003468813,-0.0159176003468817,-0.0159176003468815,-0.0159176003468815,-0.0159176003468815,-0.0159176003468815,-1,-1,-1,-1,-1,-1,-1,-1,-1,-1,-1
8195,1,0.00221111539284635,0.00221111539284635,0.00221111539284635,0.00221111539284635,0.00221111539284591,0.00221111539284635,0.00221111539284635,0.00221111539284635,0.00221111539284635,0.00221111539284635,-0.0072512130676583,-0.0072512130676583,-0.0072512130676583,-0.0072512130676583,-0.0072512130676583,-0.0072512130676583,-0.0072512130676583,-0.00725121306765786,-0.0072512130676583,-0.0072512130676583,-0.0072512130676583,-0.0072512130676583,-0.0072512130676583,-0.00725121306765786,-0.0072512130676583,-0.0072512130676583,-0.0072512130676583,-0.0072512130676583,-0.0072512130676583,-0.0072512130676583,-0.00725121306765786,-0.0072512130676583,-0.0072512130676583,-0.0072512130676583,-0.0072512130676583,-1,-1,-1,-1,-1,-1,-1,-1,-1,-1,-1
8194,1,0.00712906434614036,0.0071290643461408,0.0071290643461408,0.00712906434614036,0.0071290643461408,0.0071290643461408,0.00712906434614036,0.0071290643461408,0.0071290643461408,0.00712906434614036,0.0071290643461408,0.0071290643461408,0.00712906434614036,0.0071290643461408,0.0071290643461408,0.00712906434614036,0.0071290643461408,0.00712906434614036,0.0071290643461408,0.0071290643461408,0.00712906434614036,0.0071290643461408,0.0071290643461408,0.0071290643461408,0.00712906434614036,0.0071290643461408,0.0071290643461408,0.00712906434614036,0.0071290643461408,0.0071290643461408,0.00712906434614036,0.0071290643461408,0.0071290643461408,0.00712906434614036,0.0071290643461408,-1,-1,-1,-1,-1,-1,-1,-1,-1,-1,-1
8193,1,0.000136573184891908,0.000136573184892352,0.000136573184891908,0.000136573184891908,0.000136573184891908,0.000136573184892352,0.000136573184891908,0.000136573184891908,0.000136573184891908,0.000136573184892352,0.000136573184891908,0.000136573184891908,0.000136573184892352,0.000136573184891908,0.000136573184891908,0.000136573184892352,0.000136573184891908,0.000136573184891908,0.000136573184891908,0.000136573184892352,0.000136573184891908,0.000136573184891908,0.000136573184891908,0.000136573184892352,0.000136573184891908,0.000136573184891908,0.000136573184891908,0.000136573184892352,0.000136573184891908,0.000136573184891908,0.000136573184891908,0.000136573184892352,0.000136573184891908,0.000136573184891908,0.000136573184892352,-1,-1,-1,-1,-1,-1,-1,-1,-1,-1,-1
13335,1,0.326335256552494,0.495604389819912,0.610625868396291,0.486129446762545,0.219311233478308,0.0366481690404117,0.0187997568492513,0.0870959835696781,0.157550471156801,0.187228421541598,0.138216696589961,0.0179690206466825,-0.0790843865844537,-0.0691958748651169,0.00887842760621405,0.0610823468281284,0.0746937564629631,0.092734592211742,0.0942372778675105,0.0211734990134449,-0.0890777205576181,-0.124454339242231,-0.0665413454617527,-0.022080796124144,-0.053538796367132,-0.0864475699365813,-0.0380857079080118,0.0546833564206956,0.103341693504479,0.0920831352429936,0.0646477762117503,0.0408003131248054,0.0130931386969175,-0.0123697095964996,-0.0295275571968878,-0.0523056753801114,-0.0744481584820511,-0.0531243395522618,0.0168844519655906,0.0627983138825263,0.0307578156972148,-0.0259641225265745,-1,-1,-1,-1
13240,1,-1,-1,-1,-1,-1,-1,-1,-1,-1,-1,-1,-1,-1,-1,-1,0.00231934417008425,0.00231934417008426,0.00231934417008436,0.00231934417008419,0.00231934417008429,0.00231934417008427,0.00231934417008423,0.00231934417008431,0.0023193441700843,0.00231934417008425,-0.00050149241837432,-0.000501492418374387,-0.000501492418374386,-0.000501492418374347,-0.000501492418374363,-0.000501492418374407,-0.00050149241837432,-0.000501492418374404,-0.000501492418374352,-0.000501492418374365,-1,-1,-1,-1,-1,-1,-1,-1,-1,-1,-1
13391,1,-1,-1,-1,-1,-1,-1,-1,-1,-1,-1,-1,-1,-1,-1,-1,-1,-1,-1,-1,-1,-1,-1,-1,-1,-0.653212513775344,-1,-1,-1,-1,-1,-1,-1,-1,-1,-1,-1,-1,-1,-1,-1,-1,-1,-1,-1,-1,-1
1928,1,0.0803153248401323,0.0864922481155328,0.0543541288461178,0.0200770543254585,0.00983849942582848,0.00710701998640229,-0.0151192621219192,-0.0537989628612485,-0.0946317674827459,-0.0903250566161042,-0.0409030827735242,0.00831474842190971,0.0303620027102611,0.0354185906028688,0.0292187655122551,-0.00521389862899468,-0.0638711206372045,-0.093943485258809,-0.0501882630589976,0.0325519456172487,0.0672656957874889,0.0232744760314989,-0.0345142567589711,-1,-1,-1,-1,-1,-1,-1,-1,-1,-1,-1,-1,-1,-1,-1,-1,-1,-1,-1,-1,-1,-1,-1
1926,1,0.034379605988176,0.034379605988176,0.034379605988176,0.034379605988176,0.034379605988176,0.034379605988176,0.034379605988176,0.034379605988176,0.034379605988176,0.034379605988176,0.0343796059881756,0.034379605988176,0.034379605988176,-0.0440228147639203,-0.0440228147639203,-0.0440228147639199,-0.0440228147639203,0.0443697499232711,0.0443697499232711,0.0443697499232711,0.0443697499232716,0.0443697499232711,0.0197953115119063,0.0197953115119063,0.0197953115119063,0.0197953115119058,-1,-1,-1,-1,-1,-1,-1,-1,-1,-1,-1,-1,-1,-1,-1,-1,-1,-1,-1,-1
1927,1,-1,-1,-1,-1,-0.0156899975383711,-0.0156899975383711,-0.015689997538372,-0.0156899975383711,-0.0156899975383711,-0.0156899975383711,-0.015689997538372,-0.0156899975383711,-0.0156899975383711,-0.0156899975383711,-0.015689997538372,-0.0156899975383711,-0.0156899975383711,-0.0156899975383711,-0.015689997538372,-0.0156899975383711,-0.0156899975383711,-0.0156899975383711,-0.015689997538372,-0.0156899975383711,-0.0156899975383711,-1,-1,-1,-1,-1,-1,-1,-1,-1,-1,-1,-1,-1,-1,-1,-1,-1,-1,-1,-1,-1
13435,1,-1,-1,-1,-1,-1,0.0100892062208471,0.0100892062208472,0.0100892062208472,0.0100892062208471,0.0100892062208471,0.0100892062208472,0.0100892062208472,0.0100892062208471,0.0100892062208471,0.0100892062208471,0.00409624764309026,0.00409624764309033,0.00409624764309016,0.00409624764309029,0.00409624764309027,0.00409624764309027,0.0040962476430902,0.00409624764309028,0.0040962476430902,0.00409624764309029,0.00184632996471799,0.00184632996471788,0.00184632996471797,0.00184632996471792,0.00184632996471801,0.00184632996471791,0.00184632996471795,0.00184632996471801,0.00184632996471788,0.00184632996471794,-1,-1,-1,-1,-1,-1,-1,-1,-1,-1,-1
8203,1,-1,-1,-1,-1,-1,-1,0.0748559596844578,0.0113947207317335,0.011394720731734,0.0113947207317335,0.00559169445491259,0.00559169445491214,0.00559169445491259,0.00559169445491259,0.00559169445491214,0.00559169445491259,0.00559169445491259,0.00559169445491214,0.00456048186687141,0.00456048186687186,0.00456048186687141,0.00456048186687141,0.00456048186687141,0.00456048186687141,0.00456048186687141,0.00456048186687141,0.00456048186687141,0.00456048186687141,0.00456048186687141,0.00456048186687141,-0.0580334486721998,-0.0331051241579812,0.0802549041516887,-0.0210988398972276,-0.0210988398972272,0.0152524968535581,0.0152524968535586,0.0152524968535581,-1,-1,-1,-1,-1,-1,-1,-1
13440,1,-1,-1,-1,-1,-1,-1,-1,-1,-1,-1,0.00170224609104452,0.00170224609109204,0.0017022460911873,0.0017022460913303,0.00170224609152125,0.00170224609175618,0.00170224609201819,0.00170224609230463,0.00170224609261549,0.001702246092949,0.00170224609330338,0.00170224609365999,0.00170224609401437,0.00170224609435188,0.00170224609466096,0.00170224609493852,0.00170224609517966,0.00170224609538661,0.00170224609555847,0.00170224609569658,0.00170224609580671,0.00170224609588843,0.00170224609594394,0.00170224609597147,-1,-1,-1,-1,-1,-1,-1,-1,-1,-1,-1,-1
8202,1,-1,-1,-1,-1,-1,-1,-1,-1,-1,-1,-1,-1,-1,-1,-1,0.00717662257282514,0.00717662257268392,0.00717662257214968,0.00717662257134943,0.00717662257096219,0.00717662257149243,0.00717662257263907,0.00717662257358276,0.00717662257379548,0.00717662257320928,0.00717662257180374,0.00717662256941498,0.00717662256606033,0.00717662256213636,0.00717662255816798,0.00717662255449136,0.00717662255132057,0.00717662254889673,0.00717662254734952,0.00717662254652573,0.00717662254613183,0.00717662254596618,-1,-1,-1,-1,-1,-1,-1,-1,-1
1929,1,-1,-1,-1,-1,-1,-1,-1,-1,-1,-1,-1,-1,-1,-1,-1,0.0179070270392945,0.0179070270392945,0.0179070270392945,0.0179070270392954,-1,-1,-1,-1,-1,-1,-1,-1,-1,-1,-1,-1,-1,-1,-1,-1,-1,-1,-1,-1,-1,-1,-1,-1,-1,-1,-1
8071,1,-1,-1,-1,-1,-1,-1,-1,-1,-1,-1,-1,-1,-1,-1,-1,-1,-0.0100737139202662,-0.0100737139202667,-0.0100737139202667,-0.0100737139202662,-0.0100737139202667,-0.0100737139202662,-0.0100737139202667,-0.0100737139202662,-0.0359374488897424,-0.0359374488897419,-0.0359374488897419,-0.0359374488897424,-0.0359374488897419,-0.0425454175172177,-0.0425454175172177,-0.0425454175172177,-0.0425454175172177,-0.0425454175172173,-0.0425454175172177,-1,-1,-1,-1,-1,-1,-1,-1,-1,-1,-1
1925,1,-1,-1,-1,-1,-1,-1,-1,-1,-1,-1,-1,-1,-1,-1,-1,-1,-1,-1,-1,-1,-1,-1,0.120367046888365,0.120367046888365,-1,-1,-1,-1,-1,-1,-1,-1,-1,-1,-1,-1,-1,-1,-1,-1,-1,-1,-1,-1,-1,-1
1910,1,0.0653015784066202,0.0814265050439764,0.0759265757311018,0.0568010191093333,0.0365977231127332,0.0171297235082521,-0.000256786997217429,-0.00816260683534198,-0.00596519170441256,0.000511567548093783,0.00867293424088578,0.0259957532610549,0.0483505405675788,0.0348324020085369,-0.0602289381201637,-0.209749136098127,-0.299224168428715,-0.233408810411754,-0.0530717885128369,0.0965076188619847,0.122866363597722,0.0730027894925009,0.0441534498530025,0.0539214413223372,0.0490338867568747,0.0172324667945856,0.0171202538971276,0.0799754931643966,0.146901511307149,-1,-1,-1,-1,-1,-1,-1,-1,-1,-1,-1,-1,-1,-1,-1,-1,-1
1908,1,-0.016435285578444,-0.0164352855784435,-0.0164352855784435,-0.016435285578444,0.152302308730619,0.152302308730619,0.152302308730619,0.152302308730619,0.152302308730619,0.152302308730619,0.0344064956383545,0.0344064956383545,0.0344064956383545,-0.00851666964938991,-0.00851666964939035,-0.328788659588897,-0.328788659588897,-0.0413926851582249,0.113943352306837,0.0321846833714012,0.0149816116887216,0.0149816116887216,-1,-1,-1,-1,-1,-1,-1,-1,-1,-1,-1,-1,-1,-1,-1,-1,-1,-1,-1,-1,-1,-1,-1,-1
1907,1,-0.0136430586781335,-0.0136430586781335,-0.0136430586781335,-0.0136430586781335,-0.062157276161753,-0.062157276161753,-0.062157276161753,-0.062157276161753,-0.0621572761617522,-0.062157276161753,-0.062157276161753,-0.062157276161753,-0.062157276161753,-0.062157276161753,-0.0621572761617522,-0.34845464559212,-0.636822097587174,0.602059991327963,0,-0.0621479067488444,-0.230365419265747,-0.230365419265746,0.0203810719383903,0.0203810719383899,0.0203810719383903,0.0203810719383903,0.0203810719383903,0.0203810719383899,0.0203810719383903,-1,-1,-1,-1,-1,-1,-1,-1,-1,-1,-1,-1,-1,-1,-1,-1,-1
1921,1,-0.015073622444453,-0.0150736224444525,-0.0150736224444525,-0.0150736224444525,0.014518258442501,0.0145182584425014,0.014518258442501,0.014518258442501,0.014518258442501,0.014518258442501,0.014518258442501,0.014518258442501,0.0145182584425019,0.014518258442501,0.014518258442501,-0.0886374870420665,-0.770033360161464,0.0871501757189002,0.0377885608893997,-1,-1,-1,-1,-1,-1,-1,-1,-1,-1,-1,-1,-1,-1,-1,-1,-1,-1,-1,-1,-1,-1,-1,-1,-1,-1,-1
1905,1,-0.00638722559185911,-0.00638722559185911,-0.00638722559185823,-0.00638722559185911,-0.00638722559185823,-0.00638722559185911,-0.00638722559185911,-0.00638722559185823,-0.00638722559185911,-0.00638722559185823,-0.00638722559185911,-0.00638722559185911,-0.00638722559185823,-0.00638722559185911,-0.00638722559185911,-0.00638722559185823,-0.832863583597246,0.346787486224657,0.0511525224473814,-0.107261739084867,-0.107261739084866,-0.107261739084867,-1,-1,-1,-1,-1,-1,-1,-1,-1,-1,-1,-1,-1,-1,-1,-1,-1,-1,-1,-1,-1,-1,-1,-1
2704,1,-1,-1,-1,-1,-1,-1,-1,-1,-1,-1,-0.0258859621609777,0.043173614699596,0.0801673893649668,0.00397488518468014,-0.14594457754628,-0.312119083369547,-0.322892851307429,-0.165865989987767,0.0102847813795117,0.073208701561136,0.0367019689483608,0.00265128964841388,0.0241573093220377,0.0678114233113625,0.0856626054680683,0.0742267749459735,0.0568283238658362,0.0442533003956052,0.0337688958988185,0.0288440693411225,0.0373408784589697,0.0541496259942891,0.0617306632539498,0.0502226386404341,0.0283463543006568,0.0122372140789921,0.008765739899951,0.0116630890161633,-1,-1,-1,-1,-1,-1,-1,-1
2703,1,-1,-1,-1,-1,-1,-1,-1,-1,-1,-1,-1,-1,-1,-1,-0.404945446429332,-0.370806429098438,-0.288797768932018,-0.164590042179658,-0.0379456332945212,0.0297885771786794,0.000104494023036361,-0.0960000498678724,-0.166873149095968,-0.138275317914812,-0.028053122269099,0.070372520616232,0.0846238779489348,0.0302797000990072,-0.0262466165968602,-0.0517154997903471,-0.0664895870971778,-0.0876692199006488,-0.0906536849712283,-0.0508177696357701,-0.000115810761136981,-0.00236920334385315,-0.068594707073995,-0.133340033802771,-1,-1,-1,-1,-1,-1,-1,-1
2700,1,-1,-1,-1,-1,-1,-1,-1,-1,-1,-1,-1,-1,-1,-1,-1,-0.0637376580965225,-0.710953060177615,0.0858085609366428,0.0625296295467122,-1,-1,-1,-1,-1,-1,-1,-1,-1,-1,-1,-1,-1,-1,-1,-1,-1,-1,-1,-1,-1,-1,-1,-1,-1,-1,-1
8072,1,-1,-1,-1,-1,-1,-1,-1,-1,-1,-1,-1,-1,-1,-1,-1,-1,0.0172506060710282,0.0172506060710282,0.0172506060710282,0.0172506060710278,0.0172506060710282,0.0172506060710282,0.0172506060710282,0.0172506060710282,0.0113357953078879,0.0113357953078883,0.0113357953078883,0.0113357953078879,0.0113357953078883,-0.0522466133681525,-0.0522466133681525,-0.0522466133681525,-0.0522466133681525,-0.0522466133681521,-0.0522466133681525,-1,-1,-1,-1,-1,-1,-1,-1,-1,-1,-1
8198,1,-0.00895292360458244,-0.008952923604582,-0.008952923604582,-0.00895292360458244,-0.008952923604582,-0.008952923604582,-0.00895292360458244,-0.008952923604582,-0.00895292360458244,-0.008952923604582,-8.25264225507993e-05,-8.25264225512434e-05,-8.25264225507993e-05,-8.25264225507993e-05,-8.25264225507993e-05,-8.25264225512434e-05,-8.25264225507993e-05,-8.25264225507993e-05,-8.25264225512434e-05,-8.25264225507993e-05,-8.25264225507993e-05,-8.25264225512434e-05,-8.25264225507993e-05,-8.25264225507993e-05,-8.25264225512434e-05,-8.25264225507993e-05,-8.25264225507993e-05,-8.25264225507993e-05,-8.25264225512434e-05,-8.25264225507993e-05,-8.25264225507993e-05,-8.25264225512434e-05,-8.25264225507993e-05,-8.25264225507993e-05,-8.25264225512434e-05,-1,-1,-1,-1,-1,-1,-1,-1,-1,-1,-1
8197,1,0.0103334708100007,0.0103334708100007,0.0103334708100009,0.0103334708100007,0.0103334708100009,0.0103334708100007,0.0103334708100007,0.0103334708100007,0.0103334708100009,0.0103334708100007,0.0103334708100007,0.0103334708100009,0.0103334708100007,0.0103334708100007,0.0103334708100009,0.0103334708100007,0.0103334708100007,0.0103334708100009,0.0103334708100005,0.0103334708100009,0.0103334708100007,0.0103334708100009,0.0103334708100007,0.0103334708100009,0.0103334708100005,0.0103334708100009,0.0103334708100007,0.0103334708100007,0.0103334708100009,0.0103334708100007,0.0103334708100007,0.0103334708100009,0.0103334708100007,0.0103334708100007,0.0103334708100007,-1,-1,-1,-1,-1,-1,-1,-1,-1,-1,-1
8196,1,0.0137746134051377,0.013774613405138,0.013774613405138,0.0137746134051377,0.013774613405138,0.013774613405138,0.0137746134051377,0.013774613405138,0.013774613405138,0.0137746134051377,0.013774613405138,0.013774613405138,0.0137746134051377,0.013774613405138,0.0137746134051377,0.013774613405138,0.013774613405138,0.013774613405138,0.0137746134051377,0.0137746134051382,0.0137746134051375,0.013774613405138,0.013774613405138,0.013774613405138,0.013774613405138,0.013774613405138,0.0137746134051375,0.013774613405138,0.013774613405138,0.013774613405138,0.013774613405138,0.013774613405138,0.0137746134051375,0.013774613405138,0.013774613405138,-1,-1,-1,-1,-1,-1,-1,-1,-1,-1,-1
1716,1,0.0263030927671117,0.0263030927671117,0.0263030927671117,0.0263030927671117,0.0263030927671117,0.0263030927671117,0.0263030927671117,0.0263030927671122,0.0263030927671117,0.0263030927671117,0.0263030927671117,0.0263030927671117,0.0263030927671117,0.0263030927671117,0.0263030927671117,0.0263030927671117,0.0263030927671117,0.0263030927671117,0.0263030927671117,0.0263030927671117,0.0263030927671117,0.0263030927671117,-1,-1,-1,-1,-1,-1,-1,-1,-1,-1,-1,-1,-1,-1,-1,-1,-1,-1,-1,-1,-1,-1,-1,-1
13392,1,-1,-1,-1,-1,-1,0.00738837066550857,0.00738837066550851,0.00738837066550865,0.00738837066550861,0.00738837066550854,0.0073883706655086,0.00738837066550851,0.00738837066550861,0.00738837066550854,0.00738837066550867,0.00525737399412259,0.00525737399412263,0.0052573739941225,0.00525737399412261,0.00525737399412259,0.00525737399412248,0.00525737399412267,0.00525737399412255,0.00525737399412252,0.00525737399412261,-5.49032454504779e-05,-5.49032454504241e-05,-5.49032454504952e-05,-5.49032454504501e-05,-5.49032454504553e-05,-5.49032454504189e-05,-5.49032454505039e-05,-5.49032454504189e-05,-5.49032454504796e-05,-5.49032454504918e-05,-1,-1,-1,-1,-1,-1,-1,-1,-1,-1,-1
13389,1,-1,-1,-1,-1,-1,-1,-1,-1,-1,-1,-1,-1,-1,-1,-1,-1,-1,-1,-1,-1,-1,-1,-1,-1,-0.109144469425068,-1,-1,-1,-1,-1,-1,-1,-1,-1,-1,-1,-1,-1,-1,-1,-1,-1,-1,-1,-1,-1
8031,1,-1,-1,-1,-1,-1,-1,-1,-1,-1,-1,-1,-1,-1,-1,-1,-1,-1,-1,-1,-1,-1,-1,-1,-1,-1,0.0112406181290954,0.0112406181290954,0.0112406181290949,0.0112406181290954,0.0112406181290954,0.0112406181290949,0.0112406181290954,0.0112406181290949,0.0112406181290954,0.0112406181290954,0.0112406181290954,0.0112406181290949,0.0112406181290954,-1,-1,-1,-1,-1,-1,-1,-1
8220,1,-1,-1,-1,-1,-1,-1,-1,-1,-1,-1,-1,-1,-1,-1,-1,-1,-1,-1,-1,-1,-1,-1,-1,-1,-1,-1,-1,0.289619656727296,0.0823452818495242,-0.17103872630215,-0.252866232435269,-0.0913619319957892,0.170154650231896,0.317028291774035,0.304101891882582,0.165503149250037,0.0366159703394247,-1,-1,-1,-1,-1,-1,-1,-1,-1
21684,1,-1,-1,-1,-1,-1,-1,-1,-1,-1,-1,-1,-1,-1,-1,-1,-1,-1,-1,-1,-1,-1,-1,-1,-1,-1,-1,-1,-1,-1,-1,-1,-1,-1,-1,-1,-1,-1,0,0,0.301029995663981,-0.1249387366083,0,-1,-1,-1,-1
8011,1,0.0477295056446234,0.0347073335737029,0.0230166505493132,0.0112401301635821,-0.00184161348128242,-0.0125568524833009,-0.0149908330325932,-0.00778690334475485,0.0041287109229291,0.0144754991567222,0.0203535670848147,0.0222080471674468,0.021295698086691,0.0181895649633734,0.012810629452602,0.0052420367581103,-0.00315914527930428,-0.00967618742072318,-0.0121816896484015,-0.0111303751761751,-0.00869260805214367,-0.00614355420328305,-0.00339626691361072,-0.000844048114838181,0.000437758838305768,0.000942100519643496,0.00300309846028401,0.0073048993386795,0.0109600290137575,-1,-1,-1,-1,-1,-1,-1,-1,-1,-1,-1,-1,-1,-1,-1,-1,-1
1821,1,0.006246936830415,0.006246936830415,0.006246936830415,0.006246936830415,0.006246936830415,0.006246936830415,0.006246936830415,0.006246936830415,0.006246936830415,0.006246936830415,-1,-1,-1,-1,-1,-1,-1,-1,-1,-1,-1,-1,-1,-1,-1,-1,-1,-1,-1,-1,-1,-1,-1,-1,-1,-1,-1,-1,-1,-1,-1,-1,-1,-1,-1,-1
1832,1,-0.0439570121697352,-0.0439570121697352,-0.0439570121697352,-0.0439570121697352,-0.0439570121697352,-0.0439570121697352,-0.0439570121697352,-0.0439570121697352,-0.0439570121697352,-0.0439570121697352,-0.0439570121697352,-0.0439570121697352,-0.0439570121697352,-0.0439570121697357,-0.0439570121697348,-0.0439570121697357,-0.0439570121697352,-0.0439570121697352,-0.0439570121697352,-0.0439570121697352,-0.0439570121697352,-0.0439570121697352,-1,-1,-1,-1,-1,-1,-1,-1,-1,-1,-1,-1,-1,-1,-1,-1,-1,-1,-1,-1,-1,-1,-1,-1
1813,1,-0.0416557074063291,-0.0416557074063291,-0.0416557074063291,-0.0416557074063291,-0.0416557074063291,-0.0416557074063286,-0.0416557074063291,-0.0416557074063291,-0.0416557074063291,-0.0416557074063291,-0.0416557074063291,-0.0416557074063291,-0.0416557074063286,-0.0416557074063291,-0.0416557074063291,-0.0416557074063291,-0.0416557074063291,-0.0416557074063291,-0.0416557074063286,-0.0416557074063291,-0.0416557074063291,-0.0416557074063291,0.299320139531405,0.299320139531405,0.299320139531404,0.299320139531405,-1,-1,-1,-1,-1,-1,-1,-1,-1,-1,-1,-1,-1,-1,-1,-1,-1,-1,-1,-1
23654,1,-0.0671118839908584,-0.0403384512753799,0.00333782203697641,0.0441940651380572,0.0703663331836752,0.0799092997174555,0.0728229647393053,0.0491073282493684,0.00876239024753067,-0.0420370335943692,-0.0785916805891747,-0.0947267350651333,-0.0904421970222176,-0.065738066460435,-0.020614343379787,0.0449289722197208,0.102291972973811,0.0486146533740102,-0.0691121905810195,-0.112441326662425,-0.0354224998033157,0.0680200758496889,0.0898159839341686,0.0314528517772343,-0.0229445621953799,-0.0239839656050878,-0.00222199274245005,-0.00153695936002896,-0.015957333547735,-1,-1,-1,-1,-1,-1,-1,-1,-1,-1,-1,-1,-1,-1,-1,-1,-1
1814,1,-0.00152524968535594,-0.00152524968535594,-0.00152524968535594,-0.00152524968535594,-0.00152524968535506,-0.00152524968535594,-0.00152524968535594,-0.00152524968535594,-0.00152524968535594,-0.00152524968535594,-0.00152524968535594,-0.00152524968535594,-0.00152524968535506,-0.00152524968535594,-0.00152524968535594,-0.00152524968535594,-0.00152524968535594,-0.00152524968535594,-0.00152524968535594,-0.00152524968535594,-0.00152524968535506,-0.00152524968535594,-0.00152524968535594,-0.00152524968535594,-0.00152524968535594,-0.00152524968535594,-0.00152524968535594,-0.00152524968535594,-0.00152524968535506,-0.00152524968535594,-1,-1,-1,-1,-1,-1,-1,-1,-1,-1,-1,-1,-1,-1,-1,-1
13228,1,-1,-1,-1,-1,-1,-0.000413648021573188,-0.00041364802157319,-0.000413648021573092,-0.00041364802157317,-0.000413648021573177,-0.000413648021573189,-0.000413648021573137,-0.000413648021573189,-0.000413648021573172,-0.000413648021573148,0.00599266746872806,0.00599266746872811,0.00599266746872804,0.00599266746872806,0.00599266746872815,0.00599266746872806,0.00599266746872804,0.00599266746872811,0.00599266746872811,0.00599266746872806,0,0,0,0,0,0,0,0,0,0,-1,-1,-1,-1,-1,-1,-1,-1,-1,-1,-1
8204,1,-1,-1,-1,-1,-1,-0.0105501823333083,-0.0149657203468467,-0.0149657203468467,0.00986368694887418,0.00986368694887418,0.00986368694887418,0.00986368694887418,0.00986368694887441,0.00986368694887396,-0.0155129798652602,-0.0155129798652598,-0.01551297986526,-0.01551297986526,0.0132364388564019,0.0132364388564017,0.0132364388564019,0.0132364388564017,0.0132364388564019,0.0132364388564019,0.0132364388564019,0.0132364388564015,0.0132364388564019,0.0132364388564019,0.0132364388564015,0.0132364388564019,0.0132364388564019,-0.0661403001102636,-0.0505888695689061,0.0869161224768522,0.0869161224768527,0.0293671401625213,0.0293671401625213,0.0293671401625208,-1,-1,-1,-1,-1,-1,-1,-1
2154,1,-1,-1,-1,-1,-1,-1,-1,-0.00657939989721656,-0.00657939989721656,-0.00657939989721701,-0.00657939989721656,0.0880456295278402,0.0880456295278407,-0.00800029571338889,-0.00800029571338889,-0.00800029571338934,-0.00800029571338889,-0.00800029571338889,-0.00800029571338934,-0.00800029571338889,-0.00800029571338889,-0.00800029571338934,0.0530509457131338,0.0530509457131338,0.0530509457131338,0.0193051551953869,0.0362121726544444,-0.0743708256404623,-0.0743708256404623,-1,-1,-1,-1,-1,-1,-1,-1,-1,-1,-1,-1,-1,-1,-1,-1,-1
2670,1,-1,-1,-1,-1,-1,-1,-1,-1,-1,-1,-0.000844873513472066,-0.00191173881444184,-0.00387818208873369,-0.00569798427999579,-0.0061642328470537,-0.00536363586779709,-0.00464917559809086,-0.0046830691085642,-0.00660555989587941,-0.0096519294250168,-0.0115172703537256,-0.0106826863635288,-0.00740261236398165,-0.00264167156664463,0.00277550614845268,0.00734440466340391,0.00822345837543992,0.00296309283610574,-0.00773733360996287,-0.0199118118288646,-0.0296874101652882,-0.0364761746423687,-0.042348734770258,-0.0486079945180582,-0.0539025590711304,-0.0560571010819308,-0.0550916022886445,-0.0535009928666654,-1,-1,-1,-1,-1,-1,-1,-1
1826,1,-1,-1,-1,-1,-1,-1,-1,-1,-1,-1,-1,0,0,0,0,0,0,0,0,0,0,-1,-1,-1,-1,-1,-1,-1,-1,-1,-1,-1,-1,-1,-1,-1,-1,-1,-1,-1,-1,-1,-1,-1,-1,-1
8070,1,-1,-1,-1,-1,-1,-1,-1,-1,-1,-1,-1,-1,-1,-1,-1,-1,0.00413327053648205,0.00413327053648205,0.00413327053648205,0.00413327053648249,0.00413327053648205,0.00413327053648205,0.00413327053648249,0.00413327053648205,-0.0164969947860474,-0.0164969947860478,-0.0164969947860478,-0.0164969947860474,-0.0164969947860478,-0.086595836232954,-0.086595836232954,-0.086595836232954,-0.086595836232954,-0.0865958362329544,-0.086595836232954,-1,-1,-1,-1,-1,-1,-1,-1,-1,-1,-1
23656,1,-1,-1,-1,-1,-1,-1,-1,-1,-1,-1,-1,-1,-1,-1,-1,-1,-1,0.251995101867141,0.0651423123989769,-0.266343499845527,-0.582525170226765,-0.692970542063542,-0.529382033233575,-0.214669760629401,0.033854002766166,0.0908141819079724,0.0155740305976783,-0.0418179116382437,-0.0111870947872397,0.0456524135921946,-1,-1,-1,-1,-1,-1,-1,-1,-1,-1,-1,-1,-1,-1,-1,-1
8406,1,-1,-1,-1,-1,-1,-1,-1,-1,-1,-1,-1,-1,-1,-1,-1,-1,-1,-4.74213436798543e-05,0.000221143038706462,0.000758271803478872,0.00156396495063782,0.00263822248018242,0.00397172253499467,0.00549649715998846,0.0070805023916054,0.00866935191058338,0.0101785134761603,0.011664986935235,0.0133308980211986,0.01533792509983,0.0176020775564449,0.01975581008183,0.0213485917396972,0.022151627099195,0.0223180780182746,0.0222458663413381,-1,-1,-1,-1,-1,-1,-1,-1,-1,-1
2671,1,-1,-1,-1,-1,-1,-1,-1,-1,-1,-1,-1,-1,-1,-1,-1,-1,-1,-1,-1,-0.0127066012564043,-0.0117166309291008,-0.0109809579574236,-0.0115225201778797,-0.0125622345285867,-0.0125051005004222,-0.0115654443305937,-0.0127215060556924,-0.0194599188127578,-0.0323868122183386,-0.0480578033264596,-0.0611042438848992,-0.0678106011504895,-1,-1,-1,-1,-1,-1,-1,-1,-1,-1,-1,-1,-1,-1
2669,1,-1,-1,-1,-1,-1,-1,-1,-1,-1,-1,-1,-1,-1,-1,-1,-1,-1,-1,-1,-1,-1,-0.0169895994718261,-0.0155115042116356,-0.0135563073383862,-0.0129222047465856,-0.0149297741701084,-0.0196691297806693,-0.0263213096899171,-0.0339079815156977,-0.0416590530591565,-0.0488748791963642,-0.0548241197131238,-0.0590706122135267,-0.0618972194990375,-0.0641656503521706,-0.0665306848136564,-0.0687796707744572,-0.0701250647004446,-1,-1,-1,-1,-1,-1,-1,-1
1815,1,-1,-1,-1,-1,-1,-1,-1,-1,-1,-1,-1,-1,-1,-1,-1,-1,-1,-1,-1,-1,-1,-1,-1,-1,-1,-1,-1,-1,-1,-1,-1,-1,-1,0.0666120731177955,0.0666120731177955,0.0666120731177955,0.058061184838639,-1,-1,-1,-1,-1,-1,-1,-1,-1
12948,1,-1,-1,-1,-1,-1,-1,-1,-1,-1,-1,-1,-1,-1,-1,-1,-1,-1,-1,-1,-1,-1,-1,-1,-1,-1,-1,-1,-1,-1,-1,-1,-1,-1,-1,-0.027303395223079,0.0876157100459118,-0.0286977796387999,-1,-1,-1,-1,-1,-1,-1,-1,-1
12951,1,-1,-1,-1,-1,-1,-1,-1,-1,-1,-1,-1,-1,-1,-1,-1,-1,-1,-1,-1,-1,-1,-1,-1,-1,-1,-1,-1,-1,-1,-1,-1,-1,-1,-1,-1,-1,-1,-1.37106786227174,-0.301029995663981,0.349485002168009,0.349485002168009,0.6232492903979,-1,-1,-1,-1
22413,-1,-1,-1,-1,-1,-1,-1,-1,-1,-1,-1,-1,-1,-1,-1,-1,-1,-1,-1,-1,-1,-1,-1,-1,-1,-1,-1,-1,-1,-1,-1,-1,-1,-1,-1,-1,-1,-1,-1,-1,-1,-1,-1,-1,-1,-1,-1
8150,1,0.0205180431988996,0.0205180431988996,0.0205180431988996,0.0205180431988996,0.0205180431988996,0.0205180431988996,0.0205180431988996,0.0205180431988996,0.0205180431988996,0.0205180431988996,0.0205180431988996,0.0205180431988996,0.0205180431988996,0.0205180431988996,0.00721043641065977,0.00721043641065933,0.00721043641065933,0.00721043641065933,0.00721043641065977,0.0286276694681988,0.0286276694681993,0.0286276694681993,0.0286276694681993,0.0286276694681988,0.00983351990655734,0.00983351990655734,0.0098335199065569,0.00983351990655734,0.0098335199065569,-1,-1,-1,-1,-1,-1,-1,-1,-1,-1,-1,-1,-1,-1,-1,-1,-1
1879,1,-0.241065059017446,-0.221073885007721,-0.166615141778953,-0.099715202983238,-0.037379821027272,0.0146428812238595,0.0582777716577776,0.0945401160003589,0.117904168514592,0.118609625273983,0.0910175264384656,0.0408780558474011,-0.0148922364112076,-0.0563060355668932,-0.0705616168456733,-0.0576020024673056,-0.0283120694662728,0.00428769910267679,0.0360650055467069,0.0609977004824964,0.0759224129867788,0.0818434534371075,-1,-1,-1,-1,-1,-1,-1,-1,-1,-1,-1,-1,-1,-1,-1,-1,-1,-1,-1,-1,-1,-1,-1,-1
1877,1,0.00198945611133361,0.00198945611133405,0.00198945611133361,0.00198945611133361,0.00198945611133361,0.00198945611133405,0.00198945611133361,0.00198945611133361,0.00198945611133361,0.00198945611133361,0.00198945611133405,0.00198945611133361,0.00198945611133361,0,0,0,0,0,0,0,0,0,-1,-1,-1,-1,-1,-1,-1,-1,-1,-1,-1,-1,-1,-1,-1,-1,-1,-1,-1,-1,-1,-1,-1,-1
13531,1,-1,-1,-1,-1,-0.0111271162413331,-0.0111271162413016,-0.0111271162412614,-0.0111271162406321,-0.0111271162380813,-0.0111271162324345,-0.0111271162236208,-0.0111271162123647,-0.0111271161990132,-0.0111271161830724,-0.0111271161639659,-0.0111271161418116,-0.0111271161169524,-0.0111271160889466,-0.0111271160565685,-0.0111271160191144,-0.0111271159775685,-0.0111271159343134,-0.0111271158917725,-0.0111271158513209,-0.0111271158131313,-0.0111271157766187,-0.0111271157411331,-0.0111271157067714,-0.0111271156748441,-0.0111271156473872,-0.0111271156258128,-0.0111271156099793,-0.0111271155985629,-0.0111271155901687,-0.0111271155838021,-0.0111271155785061,-0.0111271155732505,-0.0111271155676289,-0.0111271155623573,-0.0111271155586072,-0.0111271155567306,-0.0111271155559843,-0.0111271155555084,-0.0111271155551557,-1,-1
13753,1,-1,-1,-1,-1,-1,-1,-0.0124077343984134,-0.0123707006484268,-0.0123031653534372,-0.0122115485476,-0.0120929936831007,-0.0119536629341556,-0.0118131541837853,-0.0116717666675763,-0.0114938230998092,-0.0112488025505114,-0.0109632397735188,-0.0107176330830535,-0.0106015234050016,-0.0106819047285754,-0.0109886286899709,-0.011486698688421,-0.0120566689951038,-0.0125393807563108,-0.012833596385136,-0.0129554945530752,-0.0130018874734813,-0.0130629741574415,-0.0131688644666398,-0.0132964513350901,-0.0133994404045811,-0.0134214459613755,-0.013292340584479,-0.012941231629196,-0.012346520651171,-0.0115847007487105,-0.010805466589262,-0.0101287088956868,-0.00957019218416533,-0.00908966842148384,-0.00869581344483494,-0.00845455702095221,-0.00838431479385737,-0.00839910492932416,-1,-1
8345,1,-1,-1,-1,-1,-1,-1,-1,-1,-1,-1,-0.0447936732060283,-0.0447936732060281,-0.0447936732060281,-0.0447936732060281,-0.0447936732060281,-0.0447936732060283,-0.0447936732060281,-0.0447936732060281,-0.044793673206028,-0.0447936732060282,-0.0447936732060281,-0.0447936732060282,-0.0447936732060281,-0.0447936732060281,-0.0447936732060281,-0.0447936732060282,0.0853138934964791,0.085313893496479,0.0853138934964791,0.085313893496479,0.0853138934964792,0.085313893496479,0.112226771092162,-1,-1,-1,-1,-1,-1,-1,-1,-1,-1,-1,-1,-1
2520,1,-1,-1,-1,-1,-1,-1,-1,-1,-1,-1,-1,-1,-1,-1,-1,-1,-1,-1,-1,-1,-1,-1,-1,-1,-1,-1,-0.0553892754129253,-0.0519890317941794,-0.0454524964704017,-0.0368066400915541,-0.0270694959397675,-0.0169902024372888,-0.00750253263769696,-6.93055592386749e-05,0.00385794244147331,-1,-1,-1,-1,-1,-1,-1,-1,-1,-1,-1
22622,1,-1,-1,-1,-1,-1,-1,-1,-1,-1,-1,-1,-1,-1,-1,-1,-1,-1,-1,-1,-1,-1,-1,-1,-1,-1,-1,-1,-1,-1,-1,-1,-1,-1,-1,-1,-1,-1,-0.0413926851582254,0.174931593528443,-0.0504273686941605,0.243224321252694,-0.160363508617904,-1,-1,-1,-1
1847,1,0.0265504167412498,0.0265504167412657,0.0265504167412827,0.0265504167413014,0.0265504167413212,0.0265504167413425,0.0265504167413655,0.0265504167413897,0.0265504167414155,0.0265504167414421,0.0265504167414679,0.0265504167414923,0.0265504167415158,0.0265504167415374,0.0265504167415584,0.0265504167415778,0.0265504167415955,0.0265504167416126,0.0265504167416282,0.0265504167416422,0.0265504167416544,0.0265504167416641,0.0265504167416712,0.0265504167416761,0.0265504167416788,-1,-1,-1,-1,-1,-1,-1,-1,-1,-1,-1,-1,-1,-1,-1,-1,-1,-1,-1,-1,-1
2519,1,-1,-1,-1,-1,-1,-1,-1,-1,-1,-1,-1,-1,-1,-1,-1,-1,-1,-1,-1,0.0297144579790456,0.0297144579797104,0.0297144579806479,0.0297144579812119,0.0297144579810593,0.0297144579804438,0.0297144579799467,-1,-1,-1,-1,-1,-1,-1,-1,-1,-1,-1,-1,-1,-1,-1,-1,-1,-1,-1,-1
22620,1,-1,-1,-1,-1,-1,-1,-1,-1,-1,-1,-1,-1,-1,-1,-1,-1,-1,-1,-1,-1,-1,-1,-1,-1,-1,-1,-1,-1,-1,-1,-1,-1,-1,-1,-1,-1,-1,0,0,0.1249387366083,-0.301029995663981,0,-1,-1,-1,-1
1695,1,-0.00611907642987797,-0.00611907642987752,-0.00611907642987797,-0.00611907642987797,-0.00611907642987752,-0.00611907642987797,-0.00611907642987752,-0.00611907642987797,-0.00611907642987797,-0.00611907642987752,-0.00611907642987797,-0.278753600952829,0.0413926851582249,-0.0202033860882871,-0.00415595977115757,-0.204119982655925,0.0621479067488444,-0.068881289407813,0.235212711174338,-0.166331421766525,0.1249387366083,-0.259637310505756,0.072550667148612,-1,-1,-1,-1,-1,-1,-1,-1,-1,-1,-1,-1,-1,-1,-1,-1,-1,-1,-1,-1,-1,-1,-1
18106,1,0.00381023018276139,0.00384774574778102,0.00393825074106147,0.00407663997920094,0.00423381873503281,0.00438782535310911,0.004551263593636,0.00475794185547374,0.00502243730107699,0.00532226672052527,0.00562153140660393,0.00590096202755785,0.00615731430164557,0.00638254546250328,0.00655822800958772,0.00667093413986786,0.00672096737286476,0.00671114286962848,0.00663761763007109,0.00650215286783085,0.00632816987761053,0.00615193519642521,0.00599615095230077,0.00586207466524424,0.00575133385667881,0.00568437377313114,0.00568510974247172,0.00574915578756907,0.00583761128610583,0.00590491071814903,0.00592595199799217,0.0058940550832105,0.00580363360484926,0.00564814111228329,0.00543563958444127,0.00519632042534024,0.00496758915655549,0.00477283475540879,0.00461633583159293,0.00449445230872936,0.0044057631353418,0.00435011919564565,0.00432289737135716,0.00431407945036666,-1,-1
14133,1,-1,-1,-1,-0.00663247478417972,-0.00682901079198756,-0.0071395414096096,-0.00745866358627706,-0.00778609285194326,-0.00818359017821763,-0.0086346297400664,-0.00902689910121102,-0.00927543738516962,-0.00939299803270616,-0.00939793410220535,-0.00919778607150629,-0.0086374766708478,-0.00768084523925933,-0.00651017210835736,-0.00543064230681867,-0.00470695218025174,-0.00450697362893621,-0.00493297983897228,-0.00598392962440364,-0.00743236511537515,-0.0088187515191705,-0.00970357657173965,-0.00998679500497124,-0.00994469362782607,-0.00992114816027234,-0.0100148786586124,-0.0100917532381423,-0.0100291896571919,-0.00983964482928484,-0.00955844120473337,-0.00913945071316549,-0.0085525589678794,-0.00792493418408471,-0.00747359278996218,-0.00728764457532591,-0.00725266391760093,-0.00721021965748214,-0.00712364068444696,-0.00705155341905608,-0.00702542508345935,-1,-1
8201,1,-1,-1,-1,-1,-1,-1,-1,-1,-1,-1,-1,-1,-1,-1,-1,-1,-1,-1,-1,-1,-1,-1,-1,-1,-1,-1,-1,-1,-1,-1,-1,-1,-1,-1,-0.0152524968535583,-0.0152524968535583,-0.0152524968535583,-1,-1,-1,-1,-1,-1,-1,-1,-1
1758,1,-0.00213882043290026,-0.00213882043290026,-0.00213882043290026,-0.00213882043290026,-0.00213882043290026,-0.00213882043290026,-0.00213882043290026,-0.00213882043290026,-0.00213882043290026,-0.00213882043290026,-0.00213882043289981,-0.00213882043290026,-0.00213882043290026,-0.00213882043290026,-0.00213882043290026,-0.00213882043290026,-0.00213882043290026,-0.00213882043290026,-0.00213882043290026,-0.00213882043290026,-0.00213882043290026,-0.00213882043290026,-0.00213882043290026,-0.00213882043289981,0.644612342013426,-1,-1,-1,-1,-1,-1,-1,-1,-1,-1,-1,-1,-1,-1,-1,-1,-1,-1,-1,-1,-1
13310,1,-1,-1,-1,-1,-0.0534256036609153,-0.000462800117754014,0.0683687415605223,-0.0321399766351589,-0.0321399766351589,-0.0321399766351584,-0.0321399766351589,-0.0321399766351589,-0.0321399766351589,0.192889306979616,-0.0128228884798598,-0.0128228884798598,-0.0128228884798594,-0.0128228884798598,-0.0128228884798598,-0.0128228884798594,-0.0128228884798598,-0.0128228884798598,-0.0128228884798594,-0.0128228884798598,-0.0128228884798598,-0.0128228884798594,-0.0128228884798598,-0.0128228884798598,-0.0128228884798594,-0.0128228884798598,-0.0128228884798598,-0.0128228884798594,-0.0128228884798598,-0.223237312863588,-0.0387279611983109,0.116996753723413,-1,-1,-1,-1,-1,-1,-1,-1,-1,-1
8111,1,-1,-1,-1,-1,-1,-1,-1,-1,-1,-1,-1,-1,-1,-1,-1,-1,-1,-1,-1,-1,-1,-1,-1,-1,-1,-1,-0.0130936183316415,-0.0130936183316424,-0.0130936183316415,-0.0130936183316424,-0.0130936183316415,-0.0130936183316415,-0.0130936183316424,-0.0130936183316415,-0.0130936183316415,-0.0130936183316424,-0.0130936183316415,-0.0130936183316415,-1,-1,-1,-1,-1,-1,-1,-1
12225,1,-1,-1,-1,-1,-1,-1,-1,-1,-1,-1,-1,-1,-1,-1,-1,-1,-1,-1,-1,-1,-1,-1,-1,-1,-1,-1,-1,-1,-1,-1,-1,-1,-0.877685407217849,-1,-1,-1,-1,-1,-1,-1,-1,-1,-1,-1,-1,-1
22122,1,-1,-1,-1,-1,-1,-1,-1,-1,-1,-1,-1,-1,-1,-1,-1,-1,-1,-1,-1,-1,-1,-1,-1,-1,-1,-1,-1,-1,-1,-1,-1,-1,-1,-1,-1,-1,-1,-1,0,0.150514997831991,0.150514997831991,-1,-1,-1,-1,-1
8192,1,-0.0197644303455959,-0.0197644303455959,-0.0197644303455959,-0.0197644303455959,-0.0197644303455964,-0.0197644303455959,-0.0197644303455959,-0.0197644303455959,-0.0197644303455964,-0.0197644303455959,-0.0197644303455959,-0.0197644303455959,-0.0197644303455964,-0.0197644303455959,-0.0197644303455959,-0.0197644303455959,-0.0197644303455964,-0.0197644303455959,-0.0197644303455959,-0.0197644303455959,-0.0197644303455959,-0.0197644303455959,-0.0197644303455964,-0.0197644303455959,-0.0197644303455959,-0.0197644303455959,-0.0197644303455964,-0.0197644303455959,-0.0197644303455959,-0.0197644303455959,-1,-1,-1,-1,-1,-1,-1,-1,-1,-1,-1,-1,-1,-1,-1,-1
23488,1,0.101865071298542,0.0987733384313805,0.0932631639896011,0.0866902507395764,0.0795217396757308,0.0711391346714114,0.0611955025778133,0.0505608111713962,0.0407636507124707,0.0327961399663632,0.02666041952605,0.021827421705281,0.0177756459585598,0.0141566881984909,0.0109065567686644,0.00848307388320135,0.00776670732638873,0.00931234503028566,0.0125729638349874,0.0160274705002457,0.0181975474697098,0.0185374065612236,0.017463818300695,0.0158830249127204,0.0146965914491211,0.0142650830151938,0.0152875718712928,0.0177339403456531,0.0205090862726611,0.0222154043101841,-1,-1,-1,-1,-1,-1,-1,-1,-1,-1,-1,-1,-1,-1,-1,-1
12011,1,-1,-1,-1,-1,-1,-1,-1,-1,-1,-1,-1,0.020354268552591,0.0192602387979113,0.017387861581998,0.0153766386359071,0.0135721966114559,0.0118129148587083,0.00981879698262755,0.00754916025576469,0.00500908674188194,0.00219857644097265,-0.000781205521289685,-0.00352559864224133,-0.00598427080131092,-0.00836055401888824,-0.010612795462785,-0.0122855612453749,-0.0129721798437652,-0.0128285499224035,-0.0124995852777312,-1,-1,-1,-1,-1,-1,-1,-1,-1,-1,-1,-1,-1,-1,-1,-1
23501,1,-1,-1,-1,-1,-1,-1,-1,-1,-1,-1,-1,-1,-0.01004335479118,-0.0139335818091202,-0.020321731271931,-0.0246730276535563,-0.0209554592452763,-0.00537431955010126,0.0200094442343062,0.0462653968364184,0.0625522829986673,0.0665539518840652,0.0584341673387563,0.0401807466779798,0.0190796248884864,0.00362805757246676,-0.00438283185220101,-0.00553278617055675,-0.00308381419024872,-0.00138780936633998,-1,-1,-1,-1,-1,-1,-1,-1,-1,-1,-1,-1,-1,-1,-1,-1
13102,1,-1,-1,-1,-1,-1,-1,-1,-1,-1,-1,-1,-1,-1,-1,-1,-1,-1,-1,-1,-1,-1,-1,-0.887295719808712,0.71120446075303,-0.00377885608894002,-0.00377885608893991,-0.00377885608894002,-0.00377885608894002,-0.00377885608893991,-0.00377885608893991,-0.00377885608894002,-0.00377885608894002,-0.00377885608894002,-0.00377885608894002,-0.404570587571051,-1,-1,-1,-1,-1,-1,-1,-1,-1,-1,-1
13101,1,-1,-1,-1,-1,-1,-1,-1,-1,-1,-1,-1,-1,-1,-1,-1,-1,-1,-1,-1,-1,-1,-1,-2.00432137378264,0,0,0,0,0,0,0,0,0,0,0,0,-1,-1,-1,-1,-1,-1,-1,-1,-1,-1,-1
13100,1,-1,-1,-1,-1,-1,-1,-1,-1,-1,-1,-1,-1,-1,-1,-1,-1,-1,-1,-1,-1,-1,-1,-1.51459693941858,1.00796892967128,-0.100796892967127,-0.100796892967128,-0.100796892967128,-0.100796892967128,-0.100796892967127,-0.100796892967128,-0.100796892967128,-0.100796892967128,-0.100796892967128,-0.100796892967127,-0.954242509439325,-1,-1,-1,-1,-1,-1,-1,-1,-1,-1,-1
13098,1,-1,-1,-1,-1,-1,-1,-1,-1,-1,-1,-1,-1,-1,-1,-1,-1,-1,-1,-1,-1,-1,-1,2.1378717791808,-0.327394863609259,-0.181047691557154,-0.181047691557154,-0.181047691557154,-0.181047691557154,-0.181047691557154,-0.181047691557154,-0.181047691557154,-0.181047691557154,-0.181047691557154,-0.181047691557154,0,-1,-1,-1,-1,-1,-1,-1,-1,-1,-1,-1
13097,1,-1,-1,-1,-1,-1,-1,-1,-1,-1,-1,-1,-1,-1,-1,-1,-1,-1,-1,-1,-1,-1,-1,-0.800894377522203,-0.616300430442573,-0.0273001272063737,-0.0273001272063738,-0.0273001272063738,-0.0273001272063737,-0.0273001272063738,-0.0273001272063737,-0.0273001272063738,-0.0273001272063737,-0.0273001272063738,-0.0273001272063737,0.687974620034556,-1,-1,-1,-1,-1,-1,-1,-1,-1,-1,-1
13104,1,-1,-1,-1,-1,-1,-1,-1,-1,-1,-1,-1,-1,-1,-1,-1,-1,-1,-1,-1,-1,-1,-1,-1,0.0934571566909313,0.0934571566909312,0.0934571566909312,0.0934571566909312,0.0934571566909312,0.0934571566909313,0.0934571566909312,0.0934571566909312,0.0934571566909312,0.0934571566909312,0.0934571566909312,-0.527426373031058,-1,-1,-1,-1,-1,-1,-1,-1,-1,-1,-1
13103,1,-1,-1,-1,-1,-1,-1,-1,-1,-1,-1,-1,-1,-1,-1,-1,-1,-1,-1,-1,-1,-1,-1,-1,0.192610028287293,0.192610028287293,0.192610028287293,0.192610028287293,0.192610028287293,0.192610028287293,0.192610028287293,0.192610028287293,0.192610028287293,0.192610028287293,0.192610028287293,-0.270119627351585,-1,-1,-1,-1,-1,-1,-1,-1,-1,-1,-1
8236,1,-1,-1,-1,-1,-1,-1,-1,-1,-1,-1,-1,-1,-1,-1,-1,-1,-1,-1,-1,-1,-1,-1,-1,-1,-1,-1,-0.0808945536246684,-0.0808945536245663,-0.0808945536244505,-0.0808945536244499,-0.0808945536246306,-0.0808945536249459,-0.0808945536252896,-0.0808945536255787,-0.0808945536257966,-0.0808945536259618,-0.0808945536260794,-0.0808945536261394,-1,-1,-1,-1,-1,-1,-1,-1
22602,1,-1,-1,-1,-1,-1,-1,-1,-1,-1,-1,-1,-1,-1,-1,-1,-1,-1,-1,-1,-1,-1,-1,-1,-1,-1,-1,-1,-1,-1,-1,-1,-1,-1,-1,-1,-1,-1,0.352712468734661,0.147638626703477,-0.185234638495551,0.122041497832056,0.0319354469330526,-1,-1,-1,-1
1792,1,-0.0212121715863807,-0.0212121715863804,-0.0212121715863804,-0.0212121715863804,-0.0212121715863804,-0.0212121715863804,-0.0212121715863802,-0.0212121715863807,-0.0212121715863804,-0.0212121715863804,-0.0212121715863804,-0.0212121715863802,-0.0212121715863807,-0.0212121715863804,-0.0212121715863802,-0.0212121715863804,-0.0212121715863807,-0.0212121715863804,-0.0212121715863802,-0.0212121715863804,-0.0212121715863807,-0.0212121715863804,-0.0212121715863802,-0.0212121715863804,-0.0212121715863804,-0.0212121715863804,-1,-1,-1,-1,-1,-1,-1,-1,-1,-1,-1,-1,-1,-1,-1,-1,-1,-1,-1,-1
8367,1,-1,-1,-1,-1,-1,-1,-1,-1,-1,-0.560667306169737,-0.0740362689494245,-0.0740362689494244,-0.0740362689494243,-0.0740362689494245,-0.0740362689494244,-0.0740362689494244,-0.0740362689494244,-0.0740362689494244,-0.0740362689494244,-0.0740362689494243,0.145843543898617,0.145843543898617,0.145843543898617,0.145843543898617,0.145843543898617,0.145843543898617,-0.0369747916027261,-0.0369747916027261,-0.0369747916027261,-0.0369747916027261,-0.0369747916027261,-0.036974791602726,0,-1,-1,-1,-1,-1,-1,-1,-1,-1,-1,-1,-1,-1
1793,1,-1,-1,-1,-1,-1,-1,-1,-1,-1,-1,-0.0338659303413782,-0.0338659303413784,-0.0338659303413782,-0.0338659303413782,-0.0338659303413784,-0.0338659303413782,-0.0338659303413784,-0.0338659303413782,-0.0338659303413782,-0.0338659303413784,-0.0338659303413783,-0.0338659303413783,-0.0338659303413783,-0.0338659303413782,-0.0338659303413783,-0.0338659303413783,-0.0338659303413783,-0.0338659303413783,-0.0338659303413782,-1,-1,-1,-1,-1,-1,-1,-1,-1,-1,-1,-1,-1,-1,-1,-1,-1
8088,1,-1,-1,-1,-1,-1,-1,-1,-1,-1,-1,-1,-0.0457574905606751,-0.176091259055681,-0.176091259055681,-0.06246936830415,-0.06246936830415,-0.176091259055681,0.397940008672038,0.0791812460476248,0.263241434774582,-0.263241434774582,-1,-1,-1,-1,-1,-1,-1,-1,-1,-1,-1,-1,-1,-1,-1,-1,-1,-1,-1,-1,-1,-1,-1,-1,-1
8141,1,-1,-1,-1,-1,-1,-1,-1,-1,-1,-1,-1,-1,-1,-1,-1,-1,-1,-1,-1,-1,-1,-1,-1,1.64204033546293,0.296050315598071,-0.215343405673445,-0.215343405673445,-0.215343405673445,-0.215343405673444,-0.215343405673445,-0.215343405673444,-0.215343405673445,-0.215343405673444,-0.215343405673445,2.23660923008309,-1,-1,-1,-1,-1,-1,-1,-1,-1,-1,-1
8006,1,-1,-1,-1,-1,-1,-1,-1,-1,-1,-1,-1,-1,-1,-1,-1,-1,-1,-1,-1,-1,-1,-1,-1,-1,-0.014381554807352,-0.0143815548074122,-0.0143815548075399,-0.0143815548076924,-0.0143815548077728,-0.0143815548076855,-0.0143815548074162,-0.0143815548070587,-0.0143815548067423,-0.014381554806524,-0.0143815548063586,-0.0143815548062354,-0.0143815548061534,-0.0143815548061121,-1,-1,-1,-1,-1,-1,-1,-1
13431,1,-1,-1,-1,-1,-1,-1,-1,-1,-1,-1,-1,-1,-1,-1,-1,-1,-1,-1,-1,-1,-1,-1,-1,-1,-1,-0.0898476916622531,-0.0898476916622534,-1,-1,-1,-1,-1,-1,-1,-1,-1,-1,-1,-1,-1,-1,-1,-1,-1,-1,-1
8245,1,-1,-1,-1,-1,-1,-1,-1,-1,-1,-1,-1,-1,-1,-1,-1,-1,-1,-1,-1,-1,-1,-1,-1,-1,-1,-1,0.0994109483806627,0.0994109483806453,0.0994109483806329,0.0994109483806693,0.0994109483808201,0.0994109483811281,0.0994109483815691,0.0994109483820363,0.0994109483823927,0.0994109483825587,0.0994109483825649,0.099410948382524,-1,-1,-1,-1,-1,-1,-1,-1
8116,1,-1,-1,-1,-1,-1,-1,-1,-1,-1,-1,-1,-1,-1,-1,-1,-1,-1,-1,-1,-1,-1,-1,-1,-1,-1,-1,0.0784397846158467,0.0784397846158305,0.0784397846157769,0.0784397846157017,0.0784397846156959,0.0784397846158515,0.0784397846161444,0.0784397846164125,0.0784397846164954,0.078439784616395,0.0784397846162732,-1,-1,-1,-1,-1,-1,-1,-1,-1
8231,1,-1,-1,-1,-1,-1,-1,-1,-1,-1,-1,-1,-1,-1,-1,-1,-1,-1,-1,-1,-1,-1,-1,-1,-1,-1,-1,-1,-1,-1,-1,-1,-1,-1,-1,-1,0,0.477121254719662,-1,-1,-1,-1,-1,-1,-1,-1,-1
22140,1,-1,-1,-1,-1,-1,-1,-1,-1,-1,-1,-1,-1,-1,-1,-1,-1,-1,-1,-1,-1,-1,-1,-1,-1,-1,-1,-1,-1,-1,-1,-1,-1,-1,-1,-1,-1,-1,-0.0669467896306132,-0.301029995663981,-0.176091259055681,0.698970004336019,1.45331834004704,-1,-1,-1,-1
1592,1,-0.0200111179848212,-0.0200111179848212,-0.0200111179848217,-0.0200111179848212,-0.0200111179848212,-0.0200111179848212,-0.0200111179848217,-0.0200111179848212,-0.0200111179848212,-0.0200111179848217,-0.0200111179848212,-0.0200111179848212,-0.0200111179848212,-0.0200111179848212,-0.0200111179848217,-1,-1,-1,-1,-1,-1,-1,-1,-1,-1,-1,-1,-1,-1,-1,-1,-1,-1,-1,-1,-1,-1,-1,-1,-1,-1,-1,-1,-1,-1,-1
1591,1,0.018949524222478,0.018949524222478,0.018949524222478,0.018949524222478,0.0189495242224784,0.0189495242224775,0.018949524222478,0.018949524222478,0.018949524222478,0.0189495242224784,0.0189495242224775,0.0189495242224784,0.018949524222478,0.018949524222478,0.018949524222478,0.0189495242224775,0.018949524222478,0.0189495242224784,-1,-1,-1,-1,-1,-1,-1,-1,-1,-1,-1,-1,-1,-1,-1,-1,-1,-1,-1,-1,-1,-1,-1,-1,-1,-1,-1,-1
1590,1,0.0250858329719987,0.0250858329719983,0.0250858329719983,0.0250858329719987,0.0250858329719983,0.0250858329719983,0.0250858329719983,0.0250858329719987,0.0250858329719983,0.0250858329719983,0.0250858329719987,0.0250858329719983,0.0250858329719983,0.0250858329719987,0.0250858329719983,0.0250858329719983,0.0250858329719987,0.0250858329719983,0.0250858329719983,0.0250858329719987,0.0250858329719983,0.0250858329719983,0.0250858329719987,-1,-1,-1,-1,-1,-1,-1,-1,-1,-1,-1,-1,-1,-1,-1,-1,-1,-1,-1,-1,-1,-1,-1
8073,1,-1,-1,-1,-1,-1,-1,-1,-1,-1,-1,-1,-1,-1,-1,-1,-1,-0.0150582556696377,-0.0150582556696377,-0.0150582556696377,-0.0150582556696377,-0.0150582556696377,-0.0150582556696373,-0.0150582556696377,-0.0150582556696377,0.0131857027416613,0.0131857027416618,0.0131857027416618,0.0131857027416618,0.0131857027416613,-0.0532965719461367,-0.0532965719461367,-0.0532965719461365,-0.0532965719461367,-0.0532965719461369,-0.0532965719461365,-1,-1,-1,-1,-1,-1,-1,-1,-1,-1,-1
2545,1,-1,-1,-1,-1,-1,-1,-1,-1,-1,-1,-1,-1,-1,-1,-1,-1,-1,-1,-1,-1,-1,-1,-1,-1,-1,-1,0.0528691590621975,0.0427887459925866,0.00983240608955693,-0.049552577112856,-0.110386506532862,-0.131592963887512,-0.0967618347803576,-0.0414373197397579,-0.0305470015305462,-0.0991063151298244,-0.212659636538436,-0.294193956334527,-1,-1,-1,-1,-1,-1,-1,-1
13370,1,0.0821867561873502,-1,-1,-1,-1,-1,-1,-1,-1,-1,-1,-1,-1,-1,-1,-1,-1,-1,-1,-1,-1,-1,-1,-1,-1,-1,-1,-1,-1,-1,-1,-1,-1,-1,-1,-1,-1,-1,-1,-1,-1,-1,-1,-1,-1,-1
8095,1,-1,-1,-1,-1,-1,-1,-1,-1,-1,-1,-1,-1,-1,-1,-1,-1,-1,-1,0.0709833860610734,0.0867963324541887,0.149683595895234,0.266644477304755,0.386474136140759,0.436826176807343,0.390607695415217,0.282244196289168,0.16228499090852,0.0534371000560641,-0.0465968498287679,-0.139236148643486,-0.216771901617972,-0.268939790495492,-0.280679017955885,-0.229778355171321,-0.110370663749404,0.0348081192157328,0.129997551430128,-1,-1,-1,-1,-1,-1,-1,-1,-1
8001,1,-1,-1,-1,-1,-1,-1,-1,-1,-1,-1,-1,-1,-1,-1,-1,-1,-1,-1,-1,-1,-1,-1,-1,-1,-0.0296058318190425,-0.0294249943722994,-0.0304559248110268,-0.0342943429275646,-0.0413382763271043,-0.0505205616742597,-0.0602323067753716,-0.0693596597162995,-0.0774983348190842,-0.0844869267172274,-0.0901164194554082,-0.0943385390090439,-0.0971532853781341,-0.0985606585626797,-1,-1,-1,-1,-1,-1,-1,-1
8238,1,-1,-1,-1,-1,-1,-1,-1,-1,-1,-1,-1,-1,-1,-1,-1,-1,-1,-1,-1,-1,-1,-1,-1,-1,-1,-1,0.0812785877422635,0.0483325353825277,0.00721683023175512,-0.00867620158444138,0.00568021126553953,0.0211501704834383,0.00844198638296456,-0.0267156365139649,-0.0468599171415846,-0.0226821730100262,0.03294703477081,0.0761122834151985,-1,-1,-1,-1,-1,-1,-1,-1
8108,1,-1,-1,-1,-1,-1,-1,-1,-1,-1,-1,-1,-1,-1,-1,-1,-1,-1,-1,-1,-1,-1,-1,-1,-1,-1,-1,0.00186494109653035,0.00186494109464208,0.00186494109081603,0.00186494108546231,0.00186494107909707,0.00186494107215329,0.00186494106515633,0.00186494105884605,0.00186494105398238,0.00186494105097823,0.00186494104970558,-1,-1,-1,-1,-1,-1,-1,-1,-1
8225,1,-1,-1,-1,-1,-1,-1,-1,-1,-1,-1,-1,-1,-1,-1,-1,-1,-1,-1,-1,-1,-1,-1,-1,-1,-1,-1,-1,-1,0.349485002168009,0.349485002168009,-0.698970004336019,0.100343331887994,0.100343331887994,0.100343331887994,0.301029995663981,0,-0.1249387366083,-1,-1,-1,-1,-1,-1,-1,-1,-1
20312,1,-1,-1,-1,-1,-1,-1,-1,-1,-1,-1,-1,-1,-1,-1,-1,-1,-1,-1,-1,-1,-1,-1,-1,-1,-1,-1,-1,-1,-1,-1,-1,-1,-1,-1,-1,-1,-1,0.154901959985743,0.113943352306837,-0.335792101923193,0.318758762624413,-0.167491087293764,-1,-1,-1,-1
23626,1,0,0.172465751981148,0.085824269333197,-0.136067573640624,0,0.283268232735726,-0.147200659095102,0.160855866153094,0.036097159060839,0.101078797190514,-0.0631943058771514,0.0221023711728874,-0.0453901892846278,-0.024607669171623,0.0478954872833635,0.0631943058771514,-0.111089793160515,0.0910296475492087,0.0575979219286991,0.0665524067674137,-0.190572307073698,-0.0643490393204531,0.0876368574321935,0.0221023711728874,0,-0.297735413993002,-1.82060028714969,0.629209378882838,1.25123169913776,-0.0190452645780868,-1,-1,-1,-1,-1,-1,-1,-1,-1,-1,-1,-1,-1,-1,-1,-1
23523,1,0.0602876727035628,0.0585904554266197,0.0556595317004169,0.0518666417940739,0.0469790816821918,0.0413217467037212,0.0366678449954398,0.0350102352401593,0.0367121194516369,0.0403339557302418,0.0437954512171435,0.0451681271342785,0.043057728407724,0.0374363949491541,0.030091642192358,0.0232118107553592,0.0171720157402255,0.0103522548953121,0.00132909658168101,-0.00948564842030652,-0.0206468694899207,-0.0311677351755093,-0.0404071413283895,-0.047074001351751,-0.049547147649297,-0.0474918019620703,-0.0426193137148148,-0.0375578587067273,-0.03414145913077,-0.032707556170867,-1,-1,-1,-1,-1,-1,-1,-1,-1,-1,-1,-1,-1,-1,-1,-1
23486,1,0.0241834503302405,0.0354140847936257,0.0472057562169255,0.0462568774370831,0.0305200251295621,0.00679094927563906,-0.0199451620420192,-0.047134023953793,-0.0670301255319443,-0.0652519817621533,-0.0327972833855452,0.0150568286470119,0.0350691795476883,-0.00908362652681438,-0.0927065663029114,-0.129179448125744,-0.058206513466966,0.0663240476820599,0.117953239454848,0.0435964413016303,-0.0708184975617963,-0.109859257423339,-0.0655795138317692,-0.0162040372170082,0.00246053041364869,0.0294026909829834,0.0799100234659647,0.096979478173584,0.0433789164918137,-0.0222580427048058,-1,-1,-1,-1,-1,-1,-1,-1,-1,-1,-1,-1,-1,-1,-1,-1
23576,1,0.161757119357698,0.158608213535476,0.148765420714378,0.130904777577649,0.10800132865834,0.084172338106795,0.0612426466484597,0.0394913145973778,0.0204439159912775,0.00672825406559796,-0.000843955754275427,-0.00412809686414994,-0.00492065614847836,-0.00295141719359482,0.00238796023945886,0.0097334893606843,0.0166920815048435,0.0219428509050231,0.0242494297330005,0.0199869024887971,0.00456503311445666,-0.0228337245328951,-0.0582492123262348,-0.0976404401975138,-0.139429320984942,-0.179588883175126,-0.207452233365402,-0.213060307985735,-0.2002861676732,-0.186767439617204,-1,-1,-1,-1,-1,-1,-1,-1,-1,-1,-1,-1,-1,-1,-1,-1
23487,1,0.101865071298542,0.0987733384313805,0.0932631639896011,0.0866902507395764,0.0795217396757308,0.0711391346714114,0.0611955025778133,0.0505608111713962,0.0407636507124707,0.0327961399663632,0.02666041952605,0.021827421705281,0.0177756459585598,0.0141566881984909,0.0109065567686644,0.00848307388320135,0.00776670732638873,0.00931234503028566,0.0125729638349874,0.0160274705002457,0.0181975474697098,0.0185374065612236,0.017463818300695,0.0158830249127204,0.0146965914491211,0.0142650830151938,0.0152875718712928,0.0177339403456531,0.0205090862726611,0.0222154043101841,-1,-1,-1,-1,-1,-1,-1,-1,-1,-1,-1,-1,-1,-1,-1,-1
2146,1,-1,-0.0189971648187388,-0.0189971648187379,-0.0189971648187388,-0.0189971648187388,-0.0189971648187379,-0.0189971648187388,-0.0189971648187388,-0.0189971648187379,-0.0189971648187388,-0.0189971648187388,-0.0189971648187379,-0.0189971648187388,-0.0189971648187388,-0.0189971648187379,-0.0189971648187388,-0.0189971648187388,-0.0189971648187379,-0.0189971648187388,-0.0189971648187388,-0.0189971648187379,-0.0189971648187388,-0.0189971648187388,-0.0189971648187379,-0.0189971648187388,-1,-1,-1,-1,-1,-1,-1,-1,-1,-1,-1,-1,-1,-1,-1,-1,-1,-1,-1,-1,-1
23670,1,-1,-1,-1,-1,-1,-1,-1,-1,-1,-1,-1,-0.0541844896582362,-0.0419862805508355,-0.0174868643787629,0.0140587696003955,0.0450524719085794,0.073836219560369,0.099296984046225,0.116491638522473,0.122465257153368,0.117215442716596,0.100864349107958,0.0745363064751698,0.0437919800673932,0.0148234814570505,-0.00804823353133077,-0.0240087621061988,-0.033363217144383,-0.0378480655945652,-0.0398324820989839,-1,-1,-1,-1,-1,-1,-1,-1,-1,-1,-1,-1,-1,-1,-1,-1
12257,1,-1,-1,-1,-1,-1,-1,-1,-1,-1,-1,-1,0.017180675047396,0.0167041151284115,0.0150018160334282,0.0115130877197913,0.00661622797569361,0.00144882325830897,-0.0030721011261492,-0.00703125078194144,-0.0111576850888575,-0.0156710168468579,-0.0206943241219242,-0.0260284094483025,-0.0314074705408243,-0.0366621311620969,-0.0414795805581334,-0.0452582002592732,-0.0475089046955395,-0.0484734378647262,-0.0491314196717538,-0.0503478862906834,-0.0520000184115696,-0.0531589390994891,-1,-1,-1,-1,-1,-1,-1,-1,-1,-1,-1,-1,-1
1800,1,-1,-1,-1,-1,-1,-1,-1,-1,-1,-1,-1,-1,-1,-1,-1,0.0023663918197796,0.0023663918197796,0.00236639181977871,0.0023663918197796,0.0023663918197796,0.00236639181977871,0.0023663918197796,0.0023663918197796,0.0023663918197796,0.00236639181977871,-1,-1,-1,-1,-1,-1,-1,-1,-1,-1,-1,-1,-1,-1,-1,-1,-1,-1,-1,-1,-1
23499,1,-1,-1,-1,-1,-1,-1,-1,-1,-1,-1,-1,-1,-1,-1,-1,-1,-1,-1,-1,-1,-1,-1,-0.235125930380383,0.0818574957607345,-0.0103233971086039,-0.0103233971086039,-0.0103233971086039,-0.124496796525488,-0.0839327037014259,-0.0839327037014259,-1,-1,-1,-1,-1,-1,-1,-1,-1,-1,-1,-1,-1,-1,-1,-1
8124,1,-1,-1,-1,-1,-1,-1,-1,-1,-1,-1,-1,-1,-1,-1,-1,-1,-1,-1,-1,-1,-1,-1,-1,0.686504075312188,-2.1378717791808,0,0,0,0,0,0,0,0,0,2.1378717791808,-1,-1,-1,-1,-1,-1,-1,-1,-1,-1,-1
8276,1,0.00205628683201087,-0.00451538054532485,-0.0105327876383889,-0.00974909874841501,-0.00599032602746385,-0.00781620008863326,-0.0146995953422366,-0.01438615245357,0.00274343448187553,0.0295580063696277,0.0469620921603451,0.0430906232820203,0.0247550765735156,0.00924804128447132,0.00787191512947016,0.0189068511781909,0.0331273556996938,0.0420925222558597,0.0422550330010598,0.0357595667377899,0.029081698821473,0.028402530634914,0.0343058329576615,0.0419092960872018,0.0467199941151653,0.0484914971275212,0.0485965106118731,0.046612709515736,0.0422057482882368,0.0381862300605453,0.0376109510490812,0.0382210418060338,0.0338836573081012,0.0227023844378746,0.0102559238067186,0.00291063708654393,0.000932603670630083,-1,-1,-1,-1,-1,-1,-1,-1,-1
8169,1,-0.0149100392099895,-0.0149100392099894,-0.0149100392099895,-0.0149100392099895,-0.0149100392099895,-0.0149100392099895,-0.0149100392099894,-0.0149100392099895,-0.0149100392099895,-0.0149100392099894,-0.0149100392099894,-0.0149100392099895,-0.0149100392099895,-0.0149100392099895,-0.0149100392099895,-0.0149100392099895,-0.0149100392099894,-0.0149100392099895,-0.0149100392099894,-0.0149100392099894,-0.0149100392099895,-0.0149100392099895,-0.0149100392099895,-0.0149100392099895,-0.0149100392099894,-0.0149100392099895,-0.0149100392099895,-0.0149100392099894,-0.0149100392099895,-0.0149100392099894,-0.0149100392099896,-0.0149100392099894,-1,-1,-1,-1,-1,-1,-1,-1,-1,-1,-1,-1,-1,-1
8168,1,-1,-1,-1,-1,-0.0226618140572175,-0.0226618140572172,-0.0226618140572175,-0.0226618140572172,-0.0226618140572175,-0.0226618140572172,-0.0226618140572175,-0.0226618140572172,-0.0226618140572175,-0.0226618140572172,-0.0226618140572175,-0.0226618140572175,-0.0226618140572172,-0.027979909508828,-0.0279799095088278,-0.0279799095088278,-0.0279799095088278,-0.027979909508828,-0.0279799095088278,-0.0279799095088278,-0.0279799095088278,-0.0279799095088278,-0.027979909508828,-0.0279799095088278,-0.0279799095088278,-0.0279799095088278,-0.027979909508828,-0.0279799095088278,-0.0679815091083342,-0.0679815091083342,-0.0679815091083342,-0.0679815091083342,-0.0679815091083341,-0.649807153183723,-0.649807153183723,-1,-1,-1,-1,-1,-1,-1
2115,1,-1,-1,0.0751212510061869,0.0751212510061867,0.0751212510061867,0.0751212510061869,0.0751212510061867,0.0751212510061867,0.0751212510061869,0.0751212510061867,0.0751212510061869,0.0751212510061867,0.0751212510061867,0.0751212510061869,0.0751212510061867,0.0751212510061869,0.0751212510061867,0.0751212510061867,0.0751212510061867,0.0751212510061872,-0.0388487291191426,-0.0388487291191417,-0.0388487291191426,-0.0388487291191422,-0.0388487291191422,-0.0388487291191422,-0.0388487291191422,-0.0388487291191422,-1,-1,-1,-1,-1,-1,-1,-1,-1,-1,-1,-1,-1,-1,-1,-1,-1,-1
8167,1,-1,-1,-1,-1,-1,0.0964400374670811,0.0992263479732016,0.114987613485376,0.146310044464033,0.175752965772008,0.177094945707562,0.140128101890271,0.081650988661444,0.0309241237880435,0.0057137272881107,0.00225301812035905,0.00482682675907098,0.00170171461196267,-0.00756248805156456,-0.0166083595675017,-0.0210565417292616,-0.0225667788081014,-0.0255059080271134,-0.0311762763468533,-0.036425343417259,-0.0375299801989013,-0.0335355757051241,-0.0247799040903232,-0.0102438415396078,0.0103692273713518,0.0319186731812575,0.0452574623146997,-1,-1,-1,-1,-1,-1,-1,-1,-1,-1,-1,-1,-1,-1
8165,1,-1,-1,-1,-1,-1,-1,-1,-1,-1,-1,-1,-1,-1,-1,-1,-1,-1,-1,-1,-1,-1,-1,-1,-1,-1,-1,-1,-0.00665568899415314,-0.00665568899415314,-0.00665568899415314,-0.00665568899415314,-0.00665568899415314,-0.00665568899415314,-0.00665568899415314,-0.00665568899415314,-1,-1,-1,-1,-1,-1,-1,-1,-1,-1,-1
2125,1,-1,-1,-1,-1,0.0222325104220085,0.028286544591051,0.0368091672392832,0.0423474014874747,0.0422661840155634,0.0374602190864972,0.0301119547189841,0.0225095957998804,0.0168815060209808,0.0144539960980965,0.0146309014103472,0.0159665790969155,0.0176032747797761,0.0189773486755973,0.0188516768021465,0.0161376799114485,0.0117174287013486,0.00828853411186037,0.00810317204385935,0.0115205430803877,0.0176166025739382,0.0250326351421521,0.0318507678979545,0.0356556650879134,0.0346260287117643,0.0285768146487202,0.0190057518437041,0.00861054137842654,0.000567892943224457,-0.00286106942222242,-0.00175025722786915,0.00174158774202793,0.00523636706343122,0.00740069667748022,0.00759531894170662,0.00543154369018906,0.00118218474007303,-0.00424532618520335,-0.0103277936710029,-0.0170725431191059,-0.0235426322262762,-0.0274921165452406
13413,1,-1,-1,-1,-1,-1,0.00095570854796214,0.000955708547962175,0.000955708547962102,0.00095570854796212,0.000955708547962102,0.00095570854796214,0.000955708547962154,0.00095570854796212,0.000955708547962161,0.000955708547962196,-0.00574617071733581,-0.00574617071733593,-0.00574617071733586,-0.00574617071733587,-0.00574617071733583,-0.00574617071733583,-0.00574617071733592,-0.00574617071733586,-0.00574617071733584,-0.0057461707173359,-0.0017803795377057,-0.00178037953770565,-0.00178037953770573,-0.00178037953770566,-0.00178037953770573,-0.00178037953770565,-0.00178037953770569,-0.00178037953770568,-0.00178037953770573,-0.00178037953770564,-1,-1,-1,-1,-1,-1,-1,-1,-1,-1,-1
13441,1,-1,-1,-1,-1,-1,-1,-1,0.021607759749009,0.021607759749009,0.0216077597490085,-0.00721077054224351,-0.00721077054224395,-0.00721077054224395,-0.00721077054224351,-0.00721077054224395,-0.00721077054224395,-0.00721077054224395,-0.00721077054224351,-0.00502622663824503,-0.00502622663824437,-0.00502622663824481,-0.00502622663824459,-0.00502622663824459,-0.00502622663824481,-0.00502622663824459,-0.00502622663824459,-0.00502622663824459,-0.00502622663824481,-0.00502622663824459,-0.00502622663824459,-0.00502622663824459,-0.0229356683889428,0.113809880662524,-0.0132820653123775,-0.0132820653123771,-0.0466286556831912,-0.0466286556831914,-0.0466286556831912,0.0939803273280186,-0.399904169954812,-1,-1,-1,-1,-1,-1
21337,1,-1,-1,-1,-1,-1,-1,-1,-1,0.000776506352074158,9.50261126182461e-05,-0.000805808686722642,-0.00212415984086034,-0.00109471493126323,-0.00172447626731076,-0.00207317022122222,-0.00136563124301281,-0.00187848060128437,-0.00174422778893768,-0.00201005617104189,-0.00158930391550638,-0.00102304930018571,-0.00136529496013615,-0.000819427273208051,-0.00109279542601959,-0.00109564151878772,-0.00116241301792641,-0.00161514004169794,-0.00112003762082957,-0.00155098486547467,-0.00133440928950024,-0.0016109696753055,-0.00211101036386063,-0.00267686701819536,-0.00295273205396063,-0.00319301583211007,-0.00447443645323053,-0.00434641717074458,-0.00546522249787218,-0.00574116424402282,-0.00606392384409093,-1,-1,-1,-1,-1,-1
8205,1,-1,-1,-1,-1,-1,-1,-1,-1,-1,-1,-0.00415459892888759,-0.00415459892888581,-0.00415459892888403,-0.00415459892888093,-0.00415459892887604,-0.00415459892886894,-0.00415459892885739,-0.00415459892884229,-0.00415459892882386,-0.00415459892879899,-0.00415459892876968,-0.00415459892873415,-0.00415459892869285,-0.00415459892864622,-0.00415459892859427,-0.0041545989285352,-0.00415459892847192,-0.00415459892840242,-0.00415459892832715,-0.00415459892824632,-0.00415459892815973,-0.00415459892806935,-0.00415459892798165,-0.00415459892790326,-0.00415459892784109,-0.0041545989277938,-0.00415459892776182,-0.00415459892774672,-1,-1,-1,-1,-1,-1,-1,-1
8069,1,-1,-1,-1,-1,-1,-1,-1,-1,-1,-1,-1,-1,-1,-1,-1,-1,-0.00644153956363835,-0.00644153956363791,-0.00644153956363791,-0.00644153956363835,-0.00644153956363791,-0.00644153956363835,-0.00644153956363791,-0.00644153956363835,-0.0140759930938015,-0.0140759930938015,-0.0140759930938015,-0.014075993093801,-0.0140759930938015,-0.0378739635838439,-0.0378739635838439,-0.0378739635838437,-0.0378739635838439,-0.0378739635838437,-0.0378739635838439,-1,-1,-1,-1,-1,-1,-1,-1,-1,-1,-1
8087,1,-1,-1,-1,-1,-1,-1,-1,-1,-1,-1,-1,0,0,0,0,0,0,2.00432137378264,-0.296751197684706,0.471406771195233,-0.174655573510527,-1,-1,-1,-1,-1,-1,-1,-1,-1,-1,-1,-1,-1,-1,-1,-1,-1,-1,-1,-1,-1,-1,-1,-1,-1
8142,1,-1,-1,-1,-1,-1,-1,-1,-1,-1,-1,-1,-1,-1,-1,-1,-1,-1,-1,-1,-1,-1,-1,-1,2.00432137378264,-2.00432137378264,0,0,0,0,0,0,0,0,0,0,-1,-1,-1,-1,-1,-1,-1,-1,-1,-1,-1
8007,1,-1,-1,-1,-1,-1,-1,-1,-1,-1,-1,-1,-1,-1,-1,-1,-1,-1,-1,-1,-1,-1,-1,-1,-1,-0.0461663217811996,-0.0461663217816022,-0.0461663217823116,-0.0461663217831396,-0.0461663217840065,-0.0461663217849633,-0.0461663217860215,-0.0461663217870329,-0.0461663217877912,-0.0461663217882613,-0.0461663217886039,-0.0461663217888602,-0.0461663217890316,-0.0461663217891171,-1,-1,-1,-1,-1,-1,-1,-1
8244,1,-1,-1,-1,-1,-1,-1,-1,-1,-1,-1,-1,-1,-1,-1,-1,-1,-1,-1,-1,-1,-1,-1,-1,-1,-1,-1,0.110535001416755,0.0977096686437702,0.073003417481607,0.0420777208517133,0.0119784150831284,-0.0122641096568467,-0.028272632130196,-0.0355289071567951,-0.0349348276565164,-0.0290972877007264,-0.0221368381171177,-0.0179093808291124,-1,-1,-1,-1,-1,-1,-1,-1
8115,1,-1,-1,-1,-1,-1,-1,-1,-1,-1,-1,-1,-1,-1,-1,-1,-1,-1,-1,-1,-1,-1,-1,-1,-1,-1,-1,0.109254447313189,0.0956358207507348,0.0700990054416731,0.0393595139901411,0.011265728076368,-0.00986531850448555,-0.0250295599798623,-0.0384526944384278,-0.0530246368151163,-0.067018796363674,-0.0755550137878864,-1,-1,-1,-1,-1,-1,-1,-1,-1
13378,1,-1,-1,-1,-1,-1,-1,-1,-1,-1,-1,-1,-1,-1,-1,-0.00906851391826081,-0.00906851391826079,-0.00906851391826081,-0.00906851391826086,-0.00906851391826073,-0.00906851391826083,-0.00906851391826091,-0.00906851391826075,-0.00906851391826081,-0.00906851391826082,-0.00906851391826081,-0.00906851391826083,-0.00906851391826079,-0.00906851391826079,-0.00906851391826088,-0.348454645592119,-1,-1,-1,-1,-1,-1,-1,-1,-1,-1,-1,-1,-1,-1,-1,-1
8101,1,-1,-1,-1,-1,-1,-1,-1,-1,-1,-1,-1,-1,-1,-1,-1,-1,-1,-1,0.00515037706573198,0.00515037706559682,0.00515037706542977,0.00515037706532111,0.00515037706519943,0.00515037706487823,0.00515037706423999,0.00515037706333038,0.00515037706228871,0.00515037706123981,0.00515037706027752,0.00515037705950127,0.0051503770589966,0.0051503770587565,0.00515037705865348,0.00515037705852581,0.00515037705830319,0.00515037705805113,0.0051503770578924,-1,-1,-1,-1,-1,-1,-1,-1,-1
8143,1,-1,-1,-1,-1,-1,-1,-1,-1,-1,-1,-1,-1,-1,-1,-1,-1,-1,-1,-1,-1,-1,-1,-1,1.88081359228079,-1.88081359228079,0.242108549699241,0.242108549699241,0.242108549699241,0.242108549699241,0.242108549699241,0.242108549699241,0.242108549699241,0.242108549699241,0.242108549699241,-0.298163355012378,-1,-1,-1,-1,-1,-1,-1,-1,-1,-1,-1
8117,1,-1,-1,-1,-1,-1,-1,-1,-1,-1,-1,-1,-1,-1,-1,-1,-1,-1,-1,-1,-1,-1,-1,-1,-1,-1,-1,0.000504526494077284,0.000504526495847202,0.000504526498930513,0.000504526502261626,0.000504526504943703,0.000504526506685865,0.000504526507599357,0.000504526507852932,0.000504526507614234,0.000504526507163483,0.00050452650684929,-1,-1,-1,-1,-1,-1,-1,-1,-1
8219,1,-1,-1,-1,-1,-1,-1,-1,-1,-1,-1,-1,-1,-1,-1,-1,-1,-1,-1,-1,-1,-1,-1,-1,-1,-1,-1,-1,-0.0155179528248856,-0.00493383328686053,0.0138444628885784,0.0384038941702824,0.0705536341413909,0.111034273374198,0.151953909471966,0.180402594398088,0.191014720555445,0.191218728317702,-1,-1,-1,-1,-1,-1,-1,-1,-1
22619,1,-1,-1,-1,-1,-1,-1,-1,-1,-1,-1,-1,-1,-1,-1,-1,-1,-1,-1,-1,-1,-1,-1,-1,-1,-1,-1,-1,-1,-1,-1,-1,-1,-1,-1,-1,-1,-1,-0.301029995663981,0,0,0.301029995663981,0,-1,-1,-1,-1
2662,1,-1,-1,-1,-1,-1,-1,-1,-1,-1,-1,-1,-1,-1,-1,-1,-1,-1,-1,-1,0.0186661054066199,0.00053991550901733,-0.0103311559390402,0.00426075721790031,0.0246243514490783,0.0116576753493189,-0.0454704947463997,-0.110630426363473,-0.134194138585626,-0.100653413315231,-0.0386837808714215,0.0116792280832203,0.0336803364427949,-1,-1,-1,-1,-1,-1,-1,-1,-1,-1,-1,-1,-1,-1
2499,1,-1,-1,-1,-1,-1,-1,-1,-1,-1,-1,-1,-1,-1,-1,-1,-1,-1,-1,-1,0.00109757404745214,0.00109757410053635,0.00109757418640188,0.00109757426618806,0.00109757431211821,0.00109757432455426,0.00109757432273483,-1,-1,-1,-1,-1,-1,-1,-1,-1,-1,-1,-1,-1,-1,-1,-1,-1,-1,-1,-1
8144,1,-1,-1,-1,-1,-1,-1,-1,-1,-1,-1,-1,-1,-1,-1,-1,-1,-1,-1,-1,-1,-1,-1,-1,1.85632601977709,-1.85632601977709,0,0,0,0,0,0,0,0,0,2.11449978349366,-1,-1,-1,-1,-1,-1,-1,-1,-1,-1,-1
22621,1,-1,-1,-1,-1,-1,-1,-1,-1,-1,-1,-1,-1,-1,-1,-1,-1,-1,-1,-1,-1,-1,-1,-1,-1,-1,-1,-1,-1,-1,-1,-1,-1,-1,-1,-1,-1,-1,-1,-0.301029995663981,0.845098040014257,-0.845098040014257,0,-1,-1,-1,-1
8134,1,-1,-1,-1,-1,-1,-1,-1,-1,-1,-1,-1,-1,-1,-1,-1,-1,-1,-1,-1,-1,-1,-1,-1,0.176091259055681,-0.477121254719662,0.0776633338151132,0.0776633338151132,0.0776633338151132,0.0776633338151132,0.0776633338151133,0.0776633338151132,0.0776633338151133,0.0776633338151131,0.0776633338151133,-0.0969100130080565,-1,-1,-1,-1,-1,-1,-1,-1,-1,-1,-1
8004,1,-1,-1,-1,-1,-1,-1,-1,-1,-1,-1,-1,-1,-1,-1,-1,-1,-1,-1,-1,-1,-1,-1,-1,-1,-0.000997889491913664,-0.000997889491896053,-0.000997889491818449,-0.00099788949160301,-0.000997889491154938,-0.00099788949039796,-0.00099788948931416,-0.000997889487969653,-0.000997889486508391,-0.000997889485123207,-0.000997889483987019,-0.000997889483134992,-0.000997889482566877,-0.00099788948228291,-1,-1,-1,-1,-1,-1,-1,-1
8028,1,-1,-1,-1,-1,-1,-1,-1,-1,-1,-1,-1,-1,-1,-1,-1,-1,-1,-1,-1,-1,-1,-1,-1,-1,-1,-0.0374358902019919,-0.0374358902019917,-0.0374358902019918,-0.0374358902019917,-0.0374358902019918,-0.0374358902019917,-0.0374358902019918,-0.0374358902019917,-0.0374358902019918,-0.0374358902019918,-0.0374358902019917,-0.0374358902019918,-0.0374358902019917,-1,-1,-1,-1,-1,-1,-1,-1
12050,1,-1,-1,-1,-1,-1,-1,-1,-1,-1,-1,-1,-1,-1,-1,-1,-1,-1,-1,-1,-1,-1,-1,-1,-1,-1,-1,-1,-0.0588951898630752,-0.056481157253045,-0.0510724742153781,-0.0435829638575362,-0.0365777302537502,-0.0321386843428315,-0.0296603514790128,-0.0263097231556042,-0.019822542847415,-0.0103760913053783,0.000397686041477829,0.0113895366684367,0.0221096176065516,0.031181389175698,0.0362983211987529,-1,-1,-1,-1
22726,1,-1,-1,-1,-1,-1,-1,-1,-1,-1,-1,-1,-1,-1,-1,-1,-1,-1,-1,-1,-1,-1,-1,-1,-1,-1,-1,-1,-1,-1,-1,-1,-1,-1,-1,-1,-1,-1,-0.154901959985743,0.0843208857000359,0.0917703733556454,0.290564561985816,0.030668819766452,-1,-1,-1,-1
22603,1,-1,-1,-1,-1,-1,-1,-1,-1,-1,-1,-1,-1,-1,-1,-1,-1,-1,-1,-1,-1,-1,-1,-1,-1,-1,-1,-1,-1,-1,-1,-1,-1,-1,-1,-1,-1,-1,-1.38021124171161,0,0,0,0,-1,-1,-1,-1
22412,1,-1,-1,-1,-1,-1,-1,-1,-1,-1,-1,-1,-1,-1,-1,-1,-1,-1,-1,-1,-1,-1,-1,-1,-1,-1,-1,-1,-1,-1,-1,-1,-1,-1,-1,-1,-1,-1,-0.0969100130080565,-0.1249387366083,-0.477121254719662,0.477121254719662,0.301029995663981,-1,-1,-1,-1
21350,1,-1,-1,-1,-1,-1,-1,-1,-1,-1,-1,-1,-1,-1,-1,-1,-1,-1,-1,-1,-1,-1,-1,-1,-1,-1,-1,-1,-1,-1,-1,-1,-1,-1,-1,-1,-1,-1,-0.0969100130080565,-0.1249387366083,-0.477121254719662,0.477121254719662,0.301029995663981,-1,-1,-1,-1
21605,1,-1,-1,-1,-1,-1,-1,-1,-1,-1,-1,-1,-1,-1,-1,-1,-1,-1,-1,-1,-1,-1,-1,-1,-1,-1,-1,-1,-1,-1,-1,-1,-1,-1,-1,-1,-1,-1,0,0,0,0.1249387366083,0,-1,-1,-1,-1
20245,1,-1,-1,-1,-1,-1,-1,-1,-1,-1,-1,-1,-1,-1,-1,-1,-1,-1,-1,-1,-1,-1,-1,-1,-1,-1,-1,-1,-1,-1,-1,-1,-1,-1,-1,-1,-1,-1,-0.295492080248464,0.768881766561541,-2.36505577936652,1.89166609305344,0,-1,-1,-1,-1
20244,1,-1,-1,-1,-1,-1,-1,-1,-1,-1,-1,-1,-1,-1,-1,-1,-1,-1,-1,-1,-1,-1,-1,-1,-1,-1,-1,-1,-1,-1,-1,-1,-1,-1,-1,-1,-1,-1,0.0457574905606751,0.113943352306837,-0.26884531229258,0.301029995663981,-0.191885526238913,-1,-1,-1,-1
20243,1,-1,-1,-1,-1,-1,-1,-1,-1,-1,-1,-1,-1,-1,-1,-1,-1,-1,-1,-1,-1,-1,-1,-1,-1,-1,-1,-1,-1,-1,-1,-1,-1,-1,-1,-1,-1,-1,0,2.00432137378264,-2.00432137378264,0,0,-1,-1,-1,-1
20242,1,-1,-1,-1,-1,-1,-1,-1,-1,-1,-1,-1,-1,-1,-1,-1,-1,-1,-1,-1,-1,-1,-1,-1,-1,-1,-1,-1,-1,-1,-1,-1,-1,-1,-1,-1,-1,-1,0.1744777792485,-2.12818379142145,0,1.65748079856802,0.47070299285343,-1,-1,-1,-1
20100,1,-1,-1,-1,-1,-1,-1,-1,-1,-1,-1,-1,-1,-1,-1,-1,-1,-1,-1,-1,-1,-1,-1,-1,-1,-1,-1,-1,-1,-1,-1,-1,-1,-1,-1,-1,-1,-1,-0.596899996189062,0,-1.80277372529198,1.80277372529198,0,-1,-1,-1,-1
