ID,min_year,max_year
445,1985,1995
1073,1970,2014
1074,1968,1998
1582,1970,2000
1583,1986,2005
1584,1986,2003
1585,1986,2005
1586,1970,2000
1587,1950,1994
1588,1970,2000
1589,1986,2005
1593,1974,1994
1594,1967,1990
1600,1980,1990
1601,1950,1990
1602,1950,1990
1603,1950,1990
1617,1988,1999
1618,1980,1990
1619,1988,1999
1620,1980,1990
1621,1988,1999
1622,1950,1990
1623,1991,2000
1624,1988,1999
1625,1980,1990
1626,1988,1999
1627,1988,1999
1628,1980,1990
1629,1980,1991
1630,1970,2000
1631,1970,2000
1632,1970,2000
1633,1970,2000
1634,1970,2000
1635,1970,2000
1636,1970,2000
1637,1985,2005
1638,1983,2005
1639,1970,1996
1640,1970,2000
1641,1970,2000
1642,1970,2000
1643,1983,1999
1644,1982,1999
1645,1970,2000
1646,1970,2000
1647,1982,1999
1648,1991,2000
1652,1970,2000
1653,1970,2000
1654,1970,2000
1655,1970,2000
1657,1979,1998
1658,1998,2003
1659,1999,2003
1660,1999,2003
1661,1993,2003
1662,1970,2000
1663,1970,2000
1664,1970,2000
1665,1970,2000
1666,1986,2005
1667,1986,2003
1668,1986,2005
1669,1986,2005
1670,1970,2000
1671,1970,2000
1672,1970,2000
1673,1986,2005
1674,1970,2000
1675,1970,2000
1676,1986,2005
1678,1982,1999
1679,1950,1990
1680,1980,1990
1681,1950,1990
1682,1991,2000
1683,1950,1990
1684,1960,1992
1685,1950,1992
1686,1980,1994
1687,1970,2000
1688,1970,2000
1689,1970,2000
1690,1970,2000
1691,1970,2000
1692,1970,2000
1693,1970,2000
1694,1980,1990
1696,1950,1999
1697,1970,1995
1698,1991,2000
1699,1970,1998
1700,1968,1998
1701,1966,1997
1702,1970,2000
1703,1970,2000
1704,1970,2000
1705,1970,2000
1707,1991,2000
1708,1950,1999
1710,1975,1998
1711,1994,2003
1712,1980,1990
1713,1980,1990
1714,1950,1999
1715,1970,1995
1717,1970,2016
1718,1980,1990
1719,1985,1997
1720,1982,1997
1721,1970,2000
1722,1970,2000
1723,1975,1998
1724,1980,1990
1725,1950,1999
1726,1950,1990
1727,1991,2000
1728,1950,1990
1729,1971,1991
1730,1988,1999
1731,1980,1990
1745,1992,2001
1751,1986,2003
1752,1986,2003
1753,1986,2005
1754,1970,2000
1755,1970,2000
1756,1970,2000
1759,1970,2000
1760,1970,2000
1761,1950,1978
1762,1970,2000
1763,1970,2000
1764,1970,2000
1765,1970,2000
1766,1986,2005
1767,1970,2000
1768,1986,2005
1769,1986,2005
1770,1986,2005
1771,1970,2000
1772,1970,2000
1773,1970,2000
1774,1970,2000
1775,1975,1998
1798,1969,1996
1799,1978,1992
1801,1970,2000
1802,1970,2000
1803,1970,2000
1804,1970,2000
1805,1970,2000
1806,1970,2000
1807,1970,2000
1808,1970,2000
1809,1970,1995
1810,1983,1999
1811,1976,1992
1812,1991,2000
1816,1970,2000
1817,1970,2000
1818,1970,2000
1819,1950,1999
1820,1970,2000
1822,1986,2005
1823,1970,2000
1824,1986,2005
1825,1985,2003
1827,1986,2005
1828,1986,2005
1829,1981,2004
1830,1986,2005
1831,1970,2000
1833,1986,2005
1834,1970,2000
1835,1970,1995
1836,1992,2001
1837,1970,2000
1838,1970,2000
1839,1982,1999
1840,1988,2003
1841,1970,2000
1842,1980,1990
1846,1976,1994
1848,1970,2000
1849,1970,2000
1850,1960,1995
1851,1991,2000
1852,1970,2000
1853,1970,1995
1854,1970,2000
1855,1982,1999
1856,1970,2000
1857,1950,1994
1858,1992,2005
1859,1970,2000
1860,1970,2000
1861,1992,2005
1862,1992,2005
1863,1968,1998
1864,1992,2005
1865,1969,1989
1866,1992,2005
1867,1991,2000
1868,1970,1995
1869,1982,1999
1870,1975,1998
1871,1970,2000
1872,1991,2000
1873,1970,2000
1874,1970,1995
1875,1970,2000
1876,1970,2000
1878,1982,1999
1880,1970,2000
1881,1970,2000
1882,1970,2000
1883,1991,2000
1884,1970,2000
1885,1970,1995
1886,1970,2000
1887,1950,1999
1889,1970,2000
1906,1970,2000
1909,1970,2000
1911,1986,2004
1912,1960,1989
1913,1986,2005
1914,1986,2005
1915,1986,2003
1916,1960,1995
1917,1986,2005
1918,1986,2005
1919,1961,1995
1920,1986,2005
1922,1970,2000
1923,1960,1990
1924,1986,2005
2498,1987,1999
2500,1993,1999
2546,1983,2004
2551,1987,1999
2553,1980,2004
2554,1981,2004
2556,1979,2004
2557,1992,2000
2558,1990,1999
2559,1997,2003
2560,1987,1999
2561,1994,2004
2562,1970,1975
2563,1970,2000
2564,1970,2000
2565,1970,1975
2566,1970,2000
2567,1970,1975
2568,1970,2000
2569,1970,1999
2570,1970,2000
2571,1970,1997
2572,1970,1999
2573,1992,1999
2574,1970,1975
2575,1970,1991
2576,1970,2000
2577,1970,1975
2578,1970,1999
2579,1970,1990
2580,1994,2004
2581,1974,2004
2582,1988,2004
2583,1996,2004
2584,1989,1998
2585,1987,1999
2586,1970,1999
2587,1970,1975
2588,1990,1998
2589,1991,2004
2590,1991,1998
2591,1970,2000
2592,1970,2000
2593,1990,2000
2594,1970,1975
2595,1970,1999
2596,1970,1975
2597,1970,2000
2598,1970,2000
2599,1974,1999
2600,1970,1999
2601,1970,1997
2602,1990,2004
2603,1970,1999
2604,1970,1999
2605,1970,1999
2606,1991,2000
2607,1970,1999
2608,1970,1975
2609,1970,1991
2610,1970,1999
2611,1970,1975
2612,1990,2000
2613,1990,1997
2614,1970,2000
2615,1994,1997
2616,1970,1990
2618,1994,2004
2619,1996,2003
2620,1987,1999
2621,1974,2000
2622,1970,2000
2623,1970,1975
2624,1970,2000
2625,1970,1999
2626,1970,2000
2627,1970,1997
2628,1970,1975
2629,1970,1991
2630,1970,2000
2631,1970,1975
2632,1970,2000
2633,1970,1990
2634,1974,2004
2635,1974,2004
2636,1982,1988
2637,1980,2004
2638,1994,2004
2639,1974,2000
2640,1969,1975
2641,1974,1999
2642,1992,2000
2643,1968,1991
2644,1990,2000
2645,1995,2000
2646,1994,2004
2647,1974,2004
2648,1984,2004
2649,1996,2004
2650,1989,1998
2651,1987,1999
2652,1974,1991
2653,1990,1998
2654,1991,2004
2655,1992,1994
2656,1990,2000
2657,1990,1997
2658,1987,1999
2659,1980,2004
2660,1984,1998
2666,1980,2004
2667,1980,2004
2668,1979,2008
2672,1990,1998
2673,1992,2000
2674,1991,2000
2675,1993,2000
2676,1992,2000
2677,1992,1999
2678,1992,2000
2679,1992,1999
2680,1991,1997
2681,1992,1999
2682,1990,2000
2683,1990,2000
2684,1995,2000
2685,1990,1998
2686,1970,2000
2687,1970,1975
2688,1970,1975
2689,1970,1997
2690,1991,1997
2691,1970,1999
2692,1970,1999
2693,1990,2000
2694,1990,1997
2695,1994,2004
2696,1974,2004
2697,1990,2004
2701,1980,2004
2702,1981,2008
2705,1983,2004
2860,1966,2015
2953,1966,2015
2956,1966,2011
2959,1966,2015
2960,1966,2015
2962,1966,2015
2963,1966,2015
2964,1966,2015
2965,1966,2015
2967,1966,2015
4278,1970,2014
4279,1970,2014
4280,1970,2012
4281,1970,2014
4282,1970,2014
4636,1966,1985
4900,1979,1997
4901,1969,2003
4902,1969,2003
4931,2000,2003
4932,2000,2003
4933,2000,2003
4934,2000,2003
4935,2000,2003
4936,2000,2003
4937,2000,2003
4938,2000,2003
4939,2000,2003
4940,2000,2003
5115,1968,1998
5136,1976,2004
5139,1982,2012
5143,1975,2005
5165,2000,2006
5167,2000,2006
5168,2000,2006
5173,2000,2006
5181,2000,2006
5182,2000,2006
5183,2000,2006
5184,2000,2006
5185,2000,2006
5427,1986,1998
5428,1986,1998
5429,1986,1998
5969,1971,1991
5978,1971,1991
5979,1971,1991
5980,1971,1991
5986,1971,1991
6012,1958,1981
6016,1971,1991
6017,1950,1979
6047,1971,1991
6055,1950,1984
6245,1990,1998
6246,1990,1998
6346,1994,1997
6347,1994,1996
6372,1980,2003
6374,1980,2003
6375,1980,2003
6377,1980,2003
6628,1984,2006
6650,2002,2008
6653,2002,2008
6654,2002,2008
6690,1999,2006
6691,1999,2006
6709,1999,2006
6711,1999,2006
6712,1999,2006
6755,1967,2006
6816,1989,2012
6819,1977,2001
6824,1977,2002
6827,1981,2000
6841,1978,2002
6864,1984,1999
6874,1990,2000
6894,1970,2004
6902,1950,2003
6946,1981,2006
6947,1988,2006
6949,1988,2006
6952,1950,2006
6968,1962,2000
6970,1970,2003
6972,1979,1996
7097,1990,2001
7177,1980,2008
7232,1973,2008
7305,1994,1998
8052,1982,2005
8054,1982,2005
8059,1982,2005
8060,1982,2005
8061,1982,2005
8063,1985,2005
8064,1985,2005
8065,1985,2005
8066,1985,2005
8067,1985,2005
8122,1979,1999
8146,1953,1999
8149,1959,1999
8166,1974,1999
8251,1950,2007
8252,1970,2009
8275,1950,2007
8542,1985,2004
9059,1974,1994
9061,1975,1999
9062,1975,1999
9063,1978,1998
9064,1978,1998
9065,1975,1999
9105,1961,2006
9801,1977,2006
10462,2003,2009
10571,2001,2002
10572,2001,2002
10645,1974,2004
11168,1986,2005
11172,1950,2005
11173,1950,2005
11174,1959,1973
11177,1954,1995
11179,1950,1994
11181,1986,2010
11182,1994,2008
11183,1994,2007
11184,1950,1994
11186,1950,2005
11188,1960,2004
11189,1986,2010
11191,1983,2011
12017,1969,2008
12021,1969,2008
12023,1986,2007
12025,1985,2010
12052,1987,2009
12087,1964,2010
12088,1964,2010
12089,1986,2006
12090,1986,2006
12091,1982,2010
12092,1982,2010
12093,1975,2003
12094,1963,1997
12100,1959,1990
12101,1959,1990
12133,2002,2006
12134,2002,2006
12135,2002,2006
12136,2002,2004
12156,2002,2010
12157,2005,2010
12158,1994,2010
12188,2009,2011
12190,1968,2003
12192,1983,2003
12196,1987,1999
12199,1987,2003
12203,1998,2003
12265,1968,1991
12292,1988,2010
12391,1975,1995
12393,1988,1995
12394,1985,1995
12408,1992,1993
12446,1984,1989
12448,1988,1995
12454,1981,1993
12455,1981,1993
12456,1992,1993
12457,1981,1993
12458,1976,1989
12459,1976,1989
12460,1976,1989
12461,1976,1989
12489,2000,2010
12492,1992,1993
12494,1992,1993
12502,1992,1993
12503,1992,1993
12575,1987,2008
12576,1987,2008
12577,1993,2008
12578,1987,2008
12580,2002,2012
12583,1976,2000
12591,1987,2009
12592,1987,2009
12594,1987,2008
12595,1987,2009
12596,1987,2009
12597,1987,2009
12598,1992,2009
12599,1987,2009
12602,1987,2009
12604,1987,2007
12605,1987,2007
12606,1987,2007
12607,1987,2007
12608,1998,2003
12609,1976,2010
12610,2000,2010
12612,1995,2001
12624,1987,2008
12629,1993,2008
12631,1993,2008
12632,1987,2002
12633,1964,2003
12634,1982,2012
12635,1992,2000
12637,1982,2012
12650,1971,2011
12654,1987,1995
12655,1968,1997
12656,1971,2011
12659,1970,2011
12671,1976,2010
12673,1976,2010
12675,1971,2010
12678,1968,2008
12679,1976,2010
12680,1991,2007
12682,1987,2008
12683,1987,2008
13217,1991,2016
13226,1970,2016
13230,1975,2005
13234,1975,2005
13237,1975,2005
13272,1974,2013
13275,1974,2013
13292,1974,2013
13314,1970,2016
13348,1975,2005
13374,1975,2005
13381,1975,2005
13385,1975,2005
13387,1975,2005
13393,1980,2006
13397,1975,2005
13402,1976,2016
13404,1975,2005
13417,1970,2016
13424,1975,2005
13436,1978,2016
13442,1968,2011
13443,1969,2010
13593,1970,2016
14130,1974,2014
14131,1970,2014
14140,1970,2014
14141,1976,2014
14142,1970,2014
14143,1970,2014
14216,1974,2014
14217,1970,2012
14244,1970,2014
14245,1970,2014
14246,1979,2014
14247,1970,2014
14248,1970,2014
14249,1970,2014
14436,1970,2014
14437,1970,2014
14438,1974,2014
14439,1970,2014
14440,1970,2014
14441,1970,2014
14555,1951,1984
14664,1970,2012
14665,1970,2012
14741,1980,2012
14742,1970,2012
14743,1970,2012
14776,1980,2012
14777,1970,2014
14793,1970,2012
14794,1970,2014
14795,1970,2014
17811,1972,2005
17819,1976,2010
17821,1976,2010
17857,1973,2008
18031,2009,2014
18034,2009,2014
18044,2010,2014
18107,1988,2014
18699,1980,2014
19001,1990,2014
19002,1990,2014
19003,1990,2014
19019,1990,2014
19026,1990,2014
19030,1990,2014
19046,1990,2014
19051,1990,2014
19054,1990,2014
19059,1990,2014
19062,1990,2014
19067,1990,2014
19068,1990,2014
19069,1990,2014
19070,1990,2014
21327,1970,2016
21335,1970,2016
21339,1987,2016
22866,2007,2010
22908,1982,2014
22945,1981,2002
22946,1979,2001
22947,1979,2002
22948,1978,2000
22949,1978,2002
22950,1985,2002
23002,2000,2015
23006,2000,2015
23007,2000,2015
23008,2000,2015
23009,2000,2015
23013,2003,2015
23014,2000,2015
23020,2000,2015
23021,2000,2015
23022,2000,2015
23026,2000,2015
23027,2000,2015
23039,1997,2012
23040,1984,2012
23041,1997,2012
23042,1984,2012
23043,1984,2012
23044,1984,2012
23045,1984,2012
23046,1984,2012
23047,1984,2012
23048,1984,2012
23049,1984,2012
23050,1950,2006
23051,1950,2006
23052,1950,2006
23053,1982,1995
23054,1995,1996
23082,2002,2009
23103,1976,2002
23124,1981,2007
23127,1978,2002
23151,1979,2014
23180,2009,2011
23186,1995,2006
23188,1995,2006
23190,1988,2006
23191,1995,2006
23192,1995,2006
23194,2002,2006
23195,2002,2006
23198,2002,2006
23202,1995,2006
23203,1995,2006
23204,1993,2006
23205,1996,2006
23206,1995,2006
23207,1995,2006
23208,1992,2016
23209,2010,2015
23240,1991,2012
23241,1991,2012
23242,1991,2012
23243,1983,2012
23266,1991,2005
23267,1995,2005
23269,1977,2016
23270,1978,2006
23288,1977,2016
23289,1977,2016
23290,1977,2016
23291,1979,2016
23292,1977,2016
23293,1977,2016
23294,1977,2016
23295,1977,2016
23296,1977,2016
23297,1977,2016
23298,1977,2016
23299,1977,2016
23300,1977,2016
23301,1977,2016
23303,1983,2017
23304,1979,2001
23305,1979,1997
23306,1978,2001
23307,1974,2001
23311,1973,2001
23360,1987,2013
23361,1986,2012
23375,1992,2015
