population_id,1970,1971,1972,1973,1974,1975,1976,1977,1978,1979,1980,1981,1982,1983,1984,1985,1986,1987,1988,1989,1990,1991,1992,1993,1994,1995,1996,1997,1998,1999,2000,2001,2002,2003,2004,2005,2006,2007,2008,2009,2010,2011,2012
2037,1,-0.0923520929165429,-0.0839756925888544,-0.0729982586403439,-0.0626125305045382,-0.0533933138135931,-0.044396067909604,-0.0357595734865459,-0.0289638354335913,-0.0247706769996343,-0.0221941424099756,-0.0198530057458588,-0.0173950290223961,-0.0150039794689469,-0.0122065835479255,-0.0080675029217705,-0.00250842471942292,0.00315611495484402,0.00725738060631498,0.00939654155537939,0.0112323958117777,0.0156079102477649,0.0243306307763529,0.0364507050854024,0.0490921115342,0.0602453545785111,0.0701103515838479,0.0791508422009231,0.0857669241948669,0.0874584896033794,0.0842939342865536,0.0796566271098049,0.0768566838148561,0.076176450734339,-1,-1,-1,-1,-1,-1,-1,-1,-1
11952,1,-1,-1,-1,-1,-1,-1,-1,-1,-1,-1,-1,-1,-1,-1,-1,-1,0,1.00216068689132,1.00216068689132,-1,-1,-1,-1,-1,-1,-1,-1,-1,-1,-1,-1,-1,-1,-1,-1,-1,-1,-1,-1,-1,-1,-1
11969,1,-1,-1,-1,-1,-1,-1,-1,-1,-1,-1,-1,-1,-1,-1,-1,-1,-1,0.280463675856093,-0.0683616771091549,0.0336421398243978,-0.198372949201483,0.380790047534447,-0.34111576674153,-1,-1,-1,-1,-1,-1,-1,-1,-1,-1,-1,-1,-1,-1,-1,-1,-1,-1,-1
4733,1,-1,-1,-1,-1,-1,-1,-1,-1,-1,-1,-1,-1,-1,-1,-1,-1,-1,-1,0.268265793483391,0.269745440816277,0.267280341748203,0.255640761850316,0.235899119243505,0.214974059890909,0.199441344527209,0.190593717217645,0.185525161726444,0.181768841744947,0.179474930856044,-1,-1,-1,-1,-1,-1,-1,-1,-1,-1,-1,-1,-1
2038,1,-1,-1,-1,-1,-1,-1,-1,-1,-1,-1,-1,-1,-1,-1,-1,-1,-1,-1,0.887377618891353,0.667851020556816,0.343193732454869,0.0945865654726208,0.0113843586081304,0.040216883099792,0.0731035179711861,0.0534870787834762,-0.00179606843813351,-0.0527533567479344,-0.0790789303330945,-1,-1,-1,-1,-1,-1,-1,-1,-1,-1,-1,-1,-1
17783,1,-1,-1,-1,-1,-1,-1,-1,-1,-1,-1,-1,-1,-1,-1,-1,-1,-1,-1,-1,0.0438039557203838,-0.686931895687541,-1,-1,-1,-1,-1,-1,-1,-1,-1,-1,-1,-1,-1,-1,-1,-1,-1,-1,-1,-1,-1
9074,1,-1,-1,-1,-1,-1,-1,-1,-1,-1,-1,-1,-1,-1,-1,-1,-1,-1,-1,-1,-1,0.0784274793747306,0.0784282987422169,0.0784296802499025,0.0784311441927819,0.0784323840273236,0.0784333463693203,0.0784339942093553,0.0784341780522468,0.0784338032181608,0.0784330476276405,0.0784323035317436,0.0784318694922468,0.0784317392880003,-1,-1,-1,-1,-1,-1,-1,-1,-1
9073,1,-1,-1,-1,-1,-1,-1,-1,-1,-1,-1,-1,-1,-1,-1,-1,-1,-1,-1,-1,-1,-1,0.100088247384724,0.108992213703844,0.125631114456209,0.143013764602594,0.148299293944759,0.130147946330297,0.0901481560230395,0.0471440634834885,0.0263361071346759,0.0393402585831431,0.0727548174173482,0.0986214668716263,-1,-1,-1,-1,-1,-1,-1,-1,-1
9075,1,-1,-1,-1,-1,-1,-1,-1,-1,-1,-1,-1,-1,-1,-1,-1,-1,-1,-1,-1,-1,-1,-1,0.602059991327962,0.138302698166281,-0.196294645143968,0,0.196294645143968,-0.263241434774581,-1,-1,-1,-1,-1,-1,-1,-1,-1,-1,-1,-1,-1,-1
9076,1,-1,-1,-1,-1,-1,-1,-1,-1,-1,-1,-1,-1,-1,-1,-1,-1,-1,-1,-1,-1,-1,-1,-1,0.544068044350276,0,-0.0487093452260794,-0.0487093452260793,-0.0487093452260793,-1,-1,-1,-1,-1,-1,-1,-1,-1,-1,-1,-1,-1,-1
7725,1,-1,-1,-1,-1,-1,-1,-1,-1,-1,-1,-1,-1,-1,-1,-1,-1,-1,-1,-1,-1,-1,-1,-1,-1,-1,0.698970004336019,0.301029995663981,0.109833173457566,0.109833173457566,0.109833173457566,0.109833173457565,0.072550667148612,-0.511883360978874,-1,-1,-1,-1,-1,-1,-1,-1,-1
15285,1,-0.0792249871716879,-0.071495016668556,-0.0480032737618727,-0.0182254000034465,-0.00163114541385045,-0.00672237446594615,-0.0203440041984306,-0.0206293718904011,0.000304380532829107,0.0274332079614568,0.0357108730534428,0.012224334959126,-0.0317914098511962,-0.0692433953331246,-0.078801762809201,-0.0607461559632116,-0.032947359520989,-0.0128405544215942,-0.00492293329828186,-1,-1,-1,-1,-1,-1,-1,-1,-1,-1,-1,-1,-1,-1,-1,-1,-1,-1,-1,-1,-1,-1,-1
2039,1,-0.0388699623622526,-0.0388699623622526,-0.0388699623622526,-0.0388699623622526,-0.0388699623622526,-0.0388699623622526,-0.0388699623622526,-0.0388699623622526,-0.038869962362253,-0.0388699623622526,-0.0388699623622526,-0.0388699623622526,-0.0388699623622526,-0.0388699623622526,-0.237145224465659,-0.0102321049555885,-0.0102321049555889,-0.0102321049555889,-0.0102321049555885,-0.0102321049555889,-0.0102321049555885,-0.0102321049555889,-0.0102321049555889,-0.0102321049555885,-0.0102321049555889,-1,-1,-1,-1,-1,-1,-1,-1,-1,-1,-1,-1,-1,-1,-1,-1,-1
15286,1,-1,-1,-1,-1,-1,-1,-1,0.51295967994837,-0.485807433904755,-0.740362689494244,0.156308682208526,0.156308682208526,0.156308682208526,0.156308682208526,0.156308682208526,0.156308682208526,0.964332169779764,-1,-1,-1,-1,-1,-1,-1,-1,-1,-1,-1,-1,-1,-1,-1,-1,-1,-1,-1,-1,-1,-1,-1,-1,-1
15223,1,-1,-1,-1,-1,-1,-1,-1,-1,-1,-1,-1,-1,-1,-1,-1,-1,-1,-1,-1,-1,-1,0.0961912306505321,-1,-1,-1,-1,-1,-1,-1,-1,-1,-1,-1,-1,-1,-1,-1,-1,-1,-1,-1,-1
15284,1,-1,-1,-1,-1,-1,-1,-1,-1,-1,-1,-1,-1,-1,-1,-1,-1,-1,-1,-1,-1,-1,-1,-1,-0.56194276811998,-1,-1,-1,-1,-1,-1,-1,-1,-1,-1,-1,-1,-1,-1,-1,-1,-1,-1
11236,1,-1,-1,-1,-1,-1,-1,-1,-1,-1,-1,-1,-1,-1,-1,-1,-1,-1,-1,-1,-1,-1,-1,-1,-1,-1,-1,-1,-1,-1,-1,-1,-1,0.0620566987358147,0.0620566987357991,0.0620566987358946,0.0620566987362889,0.0620566987370701,0.0620566987381026,0.0620566987390561,0.0620566987395952,-1,-1
4870,1,-1,-1,-1,-1,-1,-1,-1,-1,-1,-1,-1,-1,-1,-1,-1,-1,-1,-1,-1,-1,-1,-1,-1,-1,-1,-1,-1,-1,-1,-1,-1,-1,-1,0.134146738395124,-0.0761547914174372,-1,-1,-1,-1,-1,-1,-1
23323,1,-1,-1,-1,-1,-1,-1,-1,-1,-1,-1,-1,-1,-1,-1,-1,-1,-1,-1,-1,-1,-1,-1,-1,-1,-1,-1,-1,-1,-1,-1,-1,-1,-1,-1,-0.0547054357637382,-0.054864916982444,-0.0540382106848694,-0.0555173278498313,-0.0537822744512937,-0.0550098262064496,-1,-1
18841,1,-1,-1,-1,-1,-1,-1,-1,-1,-1,-1,-1,-1,-1,-1,-1,-1,-1,-1,-1,-1,-1,-1,-1,-1,-1,-1,-1,-1,-1,-1,-1,-1,-1,-1,-0.0556264059571241,0.048904270419833,-0.218902063852224,-1,-1,-1,-1,-1
18840,1,-1,-1,-1,-1,-1,-1,-1,-1,-1,-1,-1,-1,-1,-1,-1,-1,-1,-1,-1,-1,-1,-1,-1,-1,-1,-1,-1,-1,-1,-1,-1,-1,-1,-1,-0.131466914129388,-0.0150340665970174,0.0150340665970174,-1,-1,-1,-1,-1
18870,1,-1,-1,-1,-1,-1,-1,-1,-1,-1,-1,-1,-1,-1,-1,-1,-1,-1,-1,-1,-1,-1,-1,-1,-1,-1,-1,-1,-1,-1,-1,-1,-1,-1,-1,-1,-1,-0.43781129782825,-1,-1,-1,-1,-1
18869,1,-1,-1,-1,-1,-1,-1,-1,-1,-1,-1,-1,-1,-1,-1,-1,-1,-1,-1,-1,-1,-1,-1,-1,-1,-1,-1,-1,-1,-1,-1,-1,-1,-1,-1,-1,-1,0.291793706298401,-1,-1,-1,-1,-1
18864,1,-1,-1,-1,-1,-1,-1,-1,-1,-1,-1,-1,-1,-1,-1,-1,-1,-1,-1,-1,-1,-1,-1,-1,-1,-1,-1,-1,-1,-1,-1,-1,-1,-1,-1,-1,-1,0.171291024776657,-1,-1,-1,-1,-1
17795,1,-1,-1,-1,-1,-1,-1,-1,-1,-1,-1,-1,-1,-1,-1,-1,-1,-1,-1,-1,-1,-1,-1,-1,-1,-1,-1,-1,-1,-1,-1,-1,-1,-1,-1,-1,-1,0.103036895160471,-0.397005036336965,0.349580386408826,0.125981460955315,0.109838230725798,0.167102717509865
17794,1,-1,-1,-1,-1,-1,-1,-1,-1,-1,-1,-1,-1,-1,-1,-1,-1,-1,-1,-1,-1,-1,-1,-1,-1,-1,-1,-1,-1,-1,-1,-1,-1,-1,-1,-1,-1,0.0263289387223491,-0.306169635316392,0.196294645143968,0.229674087128313,-0.210368931932926,0.261521454380308
17792,1,-1,-1,-1,-1,-1,-1,-1,-1,-1,-1,-1,-1,-1,-1,-1,-1,-1,-1,-1,-1,-1,-1,-1,-1,-1,-1,-1,-1,-1,-1,-1,-1,-1,-1,-1,-1,0.269715932995579,-0.987991092526985,0.381853188778583,0.0610539654099782,-0.0693264913759679,0.0621479067488444
17790,1,-1,-1,-1,-1,-1,-1,-1,-1,-1,-1,-1,-1,-1,-1,-1,-1,-1,-1,-1,-1,-1,-1,-1,-1,-1,-1,-1,-1,-1,-1,-1,-1,-1,-1,-1,-1,0.325030272067748,-0.205054954990998,0.0427519804209497,-0.226396377367077,0.56943551603857,-0.144897738872737
2036,1,0.0293659820804053,0.0287431030932119,0.0277828008900507,0.0265024567003265,0.0249537798630342,0.0232638079778507,0.0216085253520149,0.0200953165406317,0.0186796462138068,0.0172445737257698,0.0157750524521509,0.014339942905746,0.0130477922911794,0.0119533546468678,0.0110383923849953,0.0102877980422518,0.00974721085620489,0.00947917494725159,0.00947217429615699,0.00961647168398461,0.00977328732746052,0.00985819737067395,-1,-1,-1,-1,-1,-1,-1,-1,-1,-1,-1,-1,-1,-1,-1,-1,-1,-1,-1,-1
10412,1,-1,-1,-0.158577046031614,-0.0693522744984609,0.0778803685394219,0.170420740492554,0.0954922842747721,-0.107795805497936,-0.24024549506143,-0.157103137280497,0.038844896219709,0.106530528469397,-0.0274347409577567,-0.16718158965818,-0.101884043550871,0.114574859693296,0.228181469221325,0.0967810469046722,-0.164581537889035,-0.359430688789156,-0.428225027098269,-1,-1,-1,-1,-1,-1,-1,-1,-1,-1,-1,-1,-1,-1,-1,-1,-1,-1,-1,-1,-1
2035,1,-1,-1,-1,-1,-0.0346220294712976,-0.0346220294712976,-0.0346220294712976,-0.0346220294712976,-0.0346220294712976,-0.0346220294712976,-0.0346220294712976,-0.0346220294712976,-0.0346220294712976,-0.0346220294712976,-0.0346220294712973,-0.0346220294712976,-0.0129649771643676,-0.0486919238997245,0.329518533475419,0.191885526238913,0.0490736612859921,0.0490736612859921,0.0490736612859921,0.0490736612859921,-0.292651064091211,0.353103609616554,0.127690347599079,0.0532806760746891,-1,-1,-1,-1,-1,-1,-1,-1,-1,-1,-1,-1,-1,-1
11237,1,-1,-1,-1,-1,-1,-1,-1,-1,-1,-1,-1,-1,-1,-1,-1,-1,-1,0.00542983399931996,0.00511682398485203,0.00480303710948737,0.00485716943463821,0.00535063725948004,0.00615583653788354,0.00733772293411183,0.0092662975551816,0.0122678821805813,0.0162388509652176,0.0206767166771769,0.0250450789255285,0.0290213963424375,0.0324235805842044,0.0350634063849677,0.0368033570863084,0.0377242880514324,0.0381196482130617,0.0382830509722243,0.0383508734826301,-1,-1,-1,-1,-1
2033,1,-1,-1,-1,-1,-1,-1,-1,-1,-1,-1,-1,-1,-1,-1,-1,-1,-1,-0.00689866672706163,-0.00689866672710737,-0.00689866672714956,-0.00689866672714645,-0.00689866672711581,-0.00689866672712114,-0.00689866672717532,-0.00689866672720107,-0.00689866672711981,-0.00689866672695549,-0.00689866672682671,-1,-1,-1,-1,-1,-1,-1,-1,-1,-1,-1,-1,-1,-1
2032,1,-1,-1,-1,-1,-1,-1,-1,-1,-1,-1,-1,-1,-1,-1,-1,-1,-1,0.007115483561422,0.00711548356086289,0.0071154835600673,0.00711548355946379,0.00711548355911251,0.00711548355869507,0.00711548355794145,0.00711548355696356,0.00711548355612157,0.00711548355565972,0.00711548355551628,-1,-1,-1,-1,-1,-1,-1,-1,-1,-1,-1,-1,-1,-1
11243,1,-1,-1,-1,-1,-1,-1,-1,-1,-1,-1,-1,-1,-1,-1,-1,-1,-1,-1,-1,-0.0766570520633851,-0.0203213044714312,0.0690705420057194,0.141865688223149,0.156990147905065,0.111853525546435,0.0428038787393894,-0.00339118163701491,-1,-1,-1,-1,-1,-1,-1,-1,-1,-1,-1,-1,-1,-1,-1
15298,1,-1,-1,-1,-1,-1,-1,-1,-1,-1,-1,-1,-1,-1,-1,-1,-1,-1,-1,-1,-1,-1,0.0367487303160337,0.0362687275746922,0.0371791049492014,0.0415674795357126,0.0498646125750328,0.0605917582782505,0.0712687296261434,0.0792223050179359,0.0822815313065686,0.0798903483209386,0.0738985030901902,0.0676288856467373,0.0635807250526534,0.0620401751701718,-1,-1,-1,-1,-1,-1,-1
2034,1,-1,-1,-1,-1,-1,-1,-1,-1,-1,-1,-1,-1,-1,-1,-1,-1,-1,-1,-1,-1,-1,-0.0708558572634939,0.0778047172188217,0.0267342532472448,0.0622919274704108,0.0219018414478294,0.0053071269209366,-1,-1,-1,-1,-1,-1,-1,-1,-1,-1,-1,-1,-1,-1,-1
8905,1,-1,-1,-1,-1,-1,-1,-1,-1,-1,-1,-1,-1,-1,-1,-1,-1,-1,-1,-1,-1,-1,-1,-0.0330002601029253,-0.237360915794604,0.397940008672038,-0.0776048578126698,-1,-1,-1,-1,-1,-1,-1,-1,-1,-1,-1,-1,-1,-1,-1,-1
5724,1,-1,-1,-1,-1,-1,-1,-1,-1,-1,-1,-1,-1,-1,-1,-1,-1,-1,-1,-1,-1,-1,-1,0.346761271534328,0.265210231125877,0.131203691430649,0.0100640347646328,-0.0416392670133847,-0.0150508892611958,0.049415388468202,0.0963002641098605,-1,-1,-1,-1,-1,-1,-1,-1,-1,-1,-1,-1
15300,1,-1,-1,-1,-1,-1,-1,-1,-1,-1,-1,-1,-1,-1,-1,-1,-1,-1,-1,-1,-1,-1,-1,-1,-0.522878745280337,-1,-1,-1,-1,-1,-1,-1,-1,-1,-1,-1,-1,-1,-1,-1,-1,-1,-1
8906,1,-1,-1,-1,-1,-1,-1,-1,-1,-1,-1,-1,-1,-1,-1,-1,-1,-1,-1,-1,-1,-1,-1,-1,-1,-1,-1,-1,0.0916829168368452,0.0916829168518163,0.0916829168756768,0.0916829168970588,0.0916829169081375,0.0916829169096576,0.0916829169079234,-1,-1,-1,-1,-1,-1,-1,-1
15294,1,-1,-1,-1,-1,-1,-1,-1,-1,-1,-1,-1,-1,-1,-1,-1,-1,-1,-1,-1,-1,-1,-1,-1,-1,-1,-1,-1,-1,-1,-1,0.125403438445813,0.125403438445793,0.125403438445807,0.125403438445937,0.125403438446225,0.125403438446624,0.125403438446999,0.125403438447213,-1,-1,-1,-1
15297,1,-1,-1,-1,-1,-1,-1,-1,-1,-1,-1,-1,-1,-1,-1,-1,-1,-1,-1,-1,-1,-1,-1,-1,-1,-1,-1,-1,-1,-1,-1,-1,0.15380613664923,0.130618136450696,-0.080319836773294,0.0450729005430999,-1,-1,-1,-1,-1,-1,-1
15302,1,-1,-1,-1,-1,-1,-1,-1,-1,-1,-1,-1,-1,-1,-1,-1,-1,-1,-1,-1,-1,-1,-1,-1,-1,-1,-1,-1,-1,-1,-1,-1,-1,-1,-0.0236417599958285,-0.0236417599958552,-0.02364175999595,-0.0236417599961611,-0.0236417599965009,-0.0236417599969125,-0.0236417599972751,-0.0236417599974761,-1
11522,1,-1,-1,-1,-1,-1,-1,-1,-1,-1,-1,-1,-1,-1,-1,-1,-1,-1,-1,-1,-1,-1,-1,-1,-1,-1,-1,-1,-1,-1,-1,-1,-1,-1,-1,-1,-1,-0.082974235064764,-0.048304679574555,-0.385350881364017,0.0579919469776867,-1,-1
11525,1,-1,-1,-1,-1,-1,-1,-1,-1,-1,-1,-1,-1,-1,-1,-1,-1,-1,-1,-1,-1,-1,-1,-1,-1,-1,-1,-1,-1,-1,-1,-1,-1,-1,-1,-1,-1,-1,0.0311935201829441,-0.0358384252287076,0.0768400302327226,-1,-1
2028,1,0.105436865402037,0.105436865402036,0.105436865402037,0.105436865402037,0.105436865402036,0.105436865402037,0.105436865402037,0.105436865402036,0.105436865402037,0.105436865402037,0.105436865402036,0.105436865402036,0.105436865402037,0.105436865402037,0.105436865402036,-1,-1,-1,-1,-1,-1,-1,-1,-1,-1,-1,-1,-1,-1,-1,-1,-1,-1,-1,-1,-1,-1,-1,-1,-1,-1,-1
6214,1,0.100914113230536,0.100491109727212,0.0988032652083781,0.095424936697698,0.0907351546529767,0.0849197639397983,0.0774434128012866,0.068223517627926,0.0587666225374628,0.0510676919210651,0.0452893245570305,0.039287958718961,0.0306552686351718,0.0186417021579142,0.00393561586525104,-0.0125492532176037,-0.0299414021706221,-0.0470494609450243,-0.0628059452297869,-0.0771811808193412,-0.0909180331239221,-0.104090017285527,-0.115463050972965,-0.123621195979048,-0.128335580990856,-0.130522137100074,-0.131272802471223,-1,-1,-1,-1,-1,-1,-1,-1,-1,-1,-1,-1,-1,-1,-1
6212,1,0.26012854976235,0.255404619623409,0.243330968623236,0.224108996828234,0.201565397203292,0.178834053060159,0.155358526256642,0.129987477431852,0.105750262573333,0.0886313079366858,0.0810681587358353,0.0787643504493909,0.0750410120007725,0.0668923937964463,0.0556009574159377,0.0429681503790835,0.0292746831148758,0.0147721976707542,0.000948088265868563,-0.0107616798964481,-0.0204434940367175,-0.0289204728014774,-0.0361223618101683,-0.0411395404224804,-0.043607688832604,-0.0442788488762087,-0.0442772344595124,-1,-1,-1,-1,-1,-1,-1,-1,-1,-1,-1,-1,-1,-1,-1
2030,1,0.119291828745146,0.118732187693586,0.116856332046266,0.113206071710781,0.108084649635722,0.101921912791544,0.0947051890460009,0.0865671194583095,0.0786378064242359,0.0724779321175277,0.0683792334472724,0.0647554577480269,0.0596684091016866,0.052705135625386,0.04499403394875,0.0377356563911331,0.03144258800882,0.0265867145484111,0.023976459413916,-1,-1,-1,-1,-1,-1,-1,-1,-1,-1,-1,-1,-1,-1,-1,-1,-1,-1,-1,-1,-1,-1,-1
11248,1,-1,-1,0.145904983274506,0.144845640151853,0.142389709638766,0.138163565321174,0.13178211557989,0.123282325474276,0.113596104109116,0.104198004774542,0.0959421783642784,0.0882030247472985,0.0795620333132216,0.069628930060829,0.0582750572031179,0.0461375632520422,0.0341251284587276,0.0227256821059134,0.011996468940942,0.00199254818060357,-0.00704141277720005,-0.014897528539338,-0.0216022161417904,-0.027407088433363,-0.0322259213975506,-0.0355494749244416,-0.0370855308232461,-0.0373743827532884,-0.0374070360218246,-1,-1,-1,-1,-1,-1,-1,-1,-1,-1,-1,-1,-1
6213,1,-1,-1,-1,0.0933584228754158,0.0942566672444105,0.0967078993373724,0.100771281638718,0.105394564982286,0.109152632775495,0.111226574785186,0.111296557920245,0.108607824532657,0.101778979998488,0.0899654461637911,0.0740594273730761,0.0564184012797804,0.0394027053873929,0.0242878102733579,0.0113306974479417,0.000320112296181119,-0.00914641353097956,-0.0174685301477537,-0.0245813271004338,-0.0297347620101203,-0.0322024415948503,-0.0323801777161408,-0.0318097744957648,-1,-1,-1,-1,-1,-1,-1,-1,-1,-1,-1,-1,-1,-1,-1
8946,1,-1,-1,-1,-1,-1,-1,-1,-1,0.0334380622800037,0.0341287316360495,0.0355814437897761,0.0378140421016031,0.0405832195963223,0.0426205927014625,0.0425022317552131,0.0399329810859159,0.0347814440788241,0.0265728294500303,0.0156210507759749,0.0033116053415867,-0.00864864077642835,-0.0195960160081521,-0.0281925665972986,-0.0335726727062804,-0.0358728383580678,-1,-1,-1,-1,-1,-1,-1,-1,-1,-1,-1,-1,-1,-1,-1,-1,-1
2031,1,-1,-1,-1,-1,-1,-1,-1,-1,-1,-1,-1,0.0301586446518958,0.030158644651876,0.0301586446518209,0.0301586446517343,0.0301586446516653,0.0301586446516844,0.0301586446518454,0.0301586446521545,0.0301586446525659,0.0301586446529982,0.0301586446533508,0.0301586446535571,0.0301586446536242,0.0301586446536226,-1,-1,-1,-1,-1,-1,-1,-1,-1,-1,-1,-1,-1,-1,-1,-1,-1
10401,1,-1,-1,-1,-1,-1,-1,-1,-1,-1,-1,-1,-1,0.0295271170136095,0.0293078192963152,0.0290425255706952,0.0289895143550449,0.0293176411387241,0.0301176955581268,0.0314797314370736,0.0334150230923986,0.0357238873642181,0.0380811676259403,0.0403164336972062,0.0425397781416565,0.044933228843097,0.0474775718324703,0.0499560054319814,0.05216678325265,0.05400592969139,0.0553483625516242,0.0560323699075771,-1,-1,-1,-1,-1,-1,-1,-1,-1,-1,-1
11259,1,-1,-1,-1,-1,-1,-1,-1,-1,-1,-1,-1,-1,-1,-1,0.00282293380761955,0.0049465738936183,0.00893554348498071,0.0144690065354791,0.0217020039411377,0.0303220866276064,0.0386322402155626,0.0447458875871336,0.0487585591650019,0.0528119295407208,0.058530218006311,0.0650030708135196,0.0699515400768718,0.0724985021874747,0.0736275453250863,-1,-1,-1,-1,-1,-1,-1,-1,-1,-1,-1,-1,-1
6387,1,-1,-1,-1,-1,-1,-1,-1,-1,-1,-1,-1,-1,-1,-1,-1,-1,-0.0370087449233725,-0.0228280502096287,-0.000162038466706704,0.0211376533359369,0.0386074499392501,0.0519000422295071,0.0631605457478215,0.0738994285835347,0.0835054273593663,0.0910436761106432,0.0965848746405087,0.0998728406300886,0.0983409161730753,0.0878138008330482,0.0661483366401925,0.0363956633688767,0.00608293439816188,-0.0171559971694522,-0.0300000200761534,-0.0344425143218683,-1,-1,-1,-1,-1,-1
2371,1,-1,-1,-1,-1,-1,-1,-1,-1,-1,-1,-1,-1,-1,-1,-1,-1,-0.166769099017984,-0.136983639355362,-0.0968961039868868,-0.0656799032983507,-0.0359278644315906,0.01481178121061,0.0903395447835982,0.165518945860065,0.210948838088868,0.219660820055962,0.205486153289603,0.182503069662911,0.155086763099267,0.126039352702814,0.103532966309161,0.0940656533938078,0.0936944186441677,-1,-1,-1,-1,-1,-1,-1,-1,-1
15308,1,-1,-1,-1,-1,-1,-1,-1,-1,-1,-1,-1,-1,-1,-1,-1,-1,-1,-1,-0.0162823964541683,-0.0153429461442067,-0.0126414182868035,-0.00713041910765133,0.00192154677894241,0.0141575931844984,0.0278710066138899,0.0409687831307626,0.0523922596493014,0.062402650991547,0.0713883992881379,0.0787447263317949,0.0833449150466952,0.0850348278700757,0.0851387327662358,-1,-1,-1,-1,-1,-1,-1,-1,-1
8790,1,-1,-1,-1,-1,-1,-1,-1,-1,-1,-1,-1,-1,-1,-1,-1,-1,-1,-1,-1,-1,-0.0791812460476251,-0.0268721464003012,0.172467740681531,0.172467740681531,0.2571245099649,-0.371067862271736,0.449092531119419,-1,-1,-1,-1,-1,-1,-1,-1,-1,-1,-1,-1,-1,-1,-1
11618,1,-1,-1,-1,-1,-1,-1,-1,-1,-1,-1,-1,-1,-1,-1,-1,-1,-1,-1,-1,-1,-1,-1,0.152629870872693,0.121006776899851,0.0705533259332682,0.0252314955261381,0.00156232935942802,-0.00193005819705716,0.00156000905610476,-1,-1,-1,-1,-1,-1,-1,-1,-1,-1,-1,-1,-1
11605,1,-1,-1,-1,-1,-1,-1,-1,-1,-1,-1,-1,-1,-1,-1,-1,-1,-1,-1,-1,-1,-1,-1,-1,-1,-1,-0.00261674364056752,-0.0045635838383502,-0.00764220481598699,-0.010759294740923,-0.0135989222963024,-0.0161154440041318,-0.0173060402382941,-0.0153488012285048,-0.00926072952578405,-0.000101974238502223,0.00973541239759834,0.018273222184066,0.0248174217972377,0.0294479955090976,0.0322989336597201,0.0335780959073668,0.0338763690903119
11604,1,-1,-1,-1,-1,-1,-1,-1,-1,-1,-1,-1,-1,-1,-1,-1,-1,-1,-1,-1,-1,-1,-1,-1,-1,-1,-0.0290411869623091,-0.0281888104569443,-0.027215710636542,-0.0273972445040065,-0.0297406421010296,-0.0344487212395008,-0.0409616499458685,-0.0483005933316223,-0.0553956286490371,-0.0613306122652411,-0.0655762632742611,-0.0681538506912229,-0.0695467457493795,-0.0703366858607017,-0.0708461500358117,-0.071109739382138,-1
11252,1,-1,-1,-1,-1,-1,-1,-1,-1,-1,-1,-1,-1,-1,-1,-1,-1,-1,-1,-1,-1,-1,-1,-1,-1,-1,0.0813636487488498,0.0813636487488498,0.574031267727719,0.45229767099463,-1,-1,-1,-1,-1,-1,-1,-1,-1,-1,-1,-1,-1
5716,1,-1,-1,-1,-1,-1,-1,-1,-1,-1,-1,-1,-1,-1,-1,-1,-1,-1,-1,-1,-1,-1,-1,-1,-1,-1,-0.00739809008235426,-0.00739809008196834,-0.00739809008138126,-0.00739809008096159,-0.00739809008101,-0.00739809008151582,-0.00739809008216818,-0.00739809008258563,-1,-1,-1,-1,-1,-1,-1,-1,-1
11609,1,-1,-1,-1,-1,-1,-1,-1,-1,-1,-1,-1,-1,-1,-1,-1,-1,-1,-1,-1,-1,-1,-1,-1,-1,-1,-1,-1,-1,0.136453363253139,0.136453363252161,0.136453363250628,0.136453363249319,0.136453363248739,0.136453363248795,0.136453363249001,-1,-1,-1,-1,-1,-1,-1
11606,1,-1,-1,-1,-1,-1,-1,-1,-1,-1,-1,-1,-1,-1,-1,-1,-1,-1,-1,-1,-1,-1,-1,-1,-1,-1,-1,-1,-1,0.14157486396676,0.105760570756675,-0.151163390426341,-0.072496954393376,0.0367982839943255,-1,-1,-1,-1,-1,-1,-1,-1,-1
11266,1,-1,-1,-1,-1,-1,-1,-1,-1,-1,-1,-1,-1,-1,-1,-1,-1,-1,-1,-1,-1,-1,-1,-1,-1,-1,-1,-1,-1,-1,0.273001272063738,0.263241434774581,-0.263241434774581,-1,-1,-1,-1,-1,-1,-1,-1,-1,-1
15315,1,-1,-1,-1,-1,-1,-1,-1,-1,-1,-1,-1,-1,-1,-1,-1,-1,-1,-1,-1,-1,-1,-1,-1,-1,-1,-1,-1,-1,-1,-1,-1,0.0427092728523688,0.0427092728523091,0.0427092728523351,0.0427092728525924,0.0427092728530656,0.042709272853594,0.0427092728540197,0.0427092728542822,0.0427092728544087,0.0427092728544505,-1
11617,1,-1,-1,-1,-1,-1,-1,-1,-1,-1,-1,-1,-1,-1,-1,-1,-1,-1,-1,-1,-1,-1,-1,-1,-1,-1,-1,-1,-1,-1,-1,-1,-1,-1,-0.0159229660971691,-1,-1,-1,-1,-1,-1,-1,-1
4871,1,-1,-1,-1,-1,-1,-1,-1,-1,-1,-1,-1,-1,-1,-1,-1,-1,-1,-1,-1,-1,-1,-1,-1,-1,-1,-1,-1,-1,-1,-1,-1,-1,-1,-0.477121254719662,-0.352182518111362,-1,-1,-1,-1,-1,-1,-1
23324,1,-1,-1,-1,-1,-1,-1,-1,-1,-1,-1,-1,-1,-1,-1,-1,-1,-1,-1,-1,-1,-1,-1,-1,-1,-1,-1,-1,-1,-1,-1,-1,-1,-1,-1,0.349000859325173,0.17419477358827,-0.000951357405415632,-0.176091259055681,-0.352539815113748,-0.528273777167044,-1,-1
18839,1,-1,-1,-1,-1,-1,-1,-1,-1,-1,-1,-1,-1,-1,-1,-1,-1,-1,-1,-1,-1,-1,-1,-1,-1,-1,-1,-1,-1,-1,-1,-1,-1,-1,-1,-0.0426770335759052,0.162752276905504,0.0551940832578308,-1,-1,-1,-1,-1
18836,1,-1,-1,-1,-1,-1,-1,-1,-1,-1,-1,-1,-1,-1,-1,-1,-1,-1,-1,-1,-1,-1,-1,-1,-1,-1,-1,-1,-1,-1,-1,-1,-1,-1,-1,0.0730370770191895,0.512793247361708,0.191302915291238,-1,-1,-1,-1,-1
11529,1,-1,-1,-1,-1,-1,-1,-1,-1,-1,-1,-1,-1,-1,-1,-1,-1,-1,-1,-1,-1,-1,-1,-1,-1,-1,-1,-1,-1,-1,-1,-1,-1,-1,-1,0.18518676389021,-0.573750079966583,-1,-1,-1,-1,-1,-1
18861,1,-1,-1,-1,-1,-1,-1,-1,-1,-1,-1,-1,-1,-1,-1,-1,-1,-1,-1,-1,-1,-1,-1,-1,-1,-1,-1,-1,-1,-1,-1,-1,-1,-1,-1,-1,-1,0.197418014838874,-1,-1,-1,-1,-1
11520,1,-1,-1,-1,-1,-1,-1,-1,-1,-1,-1,-1,-1,-1,-1,-1,-1,-1,-1,-1,-1,-1,-1,-1,-1,-1,-1,-1,-1,-1,-1,-1,-1,-1,-1,-1,-1,0.961795647329771,-0.24491405368505,0.332744408841188,-0.20127480507393,-1,-1
11526,1,-1,-1,-1,-1,-1,-1,-1,-1,-1,-1,-1,-1,-1,-1,-1,-1,-1,-1,-1,-1,-1,-1,-1,-1,-1,-1,-1,-1,-1,-1,-1,-1,-1,-1,-1,-1,-1,0.301029995663981,0.740362689494244,-0.196294645143968,-1,-1
2022,1,0.00812870090553641,0.00812870090485251,0.00812870090375961,0.00812870090244688,0.00812870090110351,0.00812870089979301,0.00812870089852558,0.00812870089735673,0.00812870089639484,0.00812870089568962,0.00812870089523132,0.00812870089494488,0.0081287008947819,0.00812870089471351,0.00812870089471573,0.00812870089476414,0.00812870089483297,0.00812870089489737,0.00812870089494,-1,-1,-1,-1,-1,-1,-1,-1,-1,-1,-1,-1,-1,-1,-1,-1,-1,-1,-1,-1,-1,-1,-1
2027,1,-1,0.0214806577370554,0.021480657737059,0.0214806577370661,0.0214806577370803,0.0214806577370892,0.0214806577371087,0.02148065773713,0.0214806577371576,0.0214806577371922,0.0214806577372135,0.0214806577372242,0.0214806577372215,0.0214806577372135,0.0214806577371958,0.0214806577371842,0.0214806577371727,0.0214806577371744,0.0214806577371869,0.0214806577372153,0.0214806577372579,0.021480657737305,0.0214806577373592,0.0214806577374178,0.0214806577374764,0.0214806577375404,0.0214806577376008,0.0214806577376558,0.0214806577377038,0.0214806577377438,0.0214806577377722,0.0214806577377882,0.0214806577377962,0.0214806577378051,0.0214806577378077,-1,-1,-1,-1,-1,-1,-1
2019,1,-1,0.02251097145394,0.0225109714539125,0.0225109714538601,0.0225109714537846,0.0225109714537215,0.0225109714536922,0.0225109714536664,0.022510971453606,0.0225109714535145,0.022510971453447,-1,-1,-1,-1,-1,-1,-1,-1,-1,-1,-1,-1,-1,-1,-1,-1,-1,-1,-1,-1,-1,-1,-1,-1,-1,-1,-1,-1,-1,-1,-1
6370,1,-1,-1,-1,0.0255952002009825,0.0255952002010016,0.0255952002010416,0.0255952002011108,0.0255952002012023,0.0255952002013187,0.0255952002014563,0.0255952002015984,0.0255952002017565,0.0255952002019146,0.0255952002020754,0.0255952002022415,0.0255952002024014,0.0255952002025417,0.025595200202666,0.0255952002027646,0.025595200202841,0.0255952002028916,0.0255952002029272,0.0255952002029591,0.0255952002029831,0.0255952002030115,0.0255952002030444,0.0255952002030835,0.0255952002031208,0.0255952002031687,0.0255952002032176,0.0255952002032647,0.0255952002033011,0.0255952002033304,0.0255952002033437,-1,-1,-1,-1,-1,-1,-1,-1
4822,1,-1,-1,-1,-1,-1,-1,-1,-0.221848749616357,-0.0780277353444556,-0.0780277353444561,-0.0780277353444561,0.0299632233774432,0.0156173420760375,0.0156173420760375,0.0156173420760375,0.0156173420760375,0.0156173420760375,0.0156173420760375,0.0156173420760375,0.0156173420760375,0.0680870951910815,0.0680870951910819,0.0680870951910819,0.0680870951910815,0.0680870951910819,0.0680870951910815,0.0680870951910819,0.0680870951910815,0.0680870951910819,-0.0107238653917729,-0.323306390375134,0.43724974268197,-0.539912084579118,0.531478917042255,-1,-1,-1,-1,-1,-1,-1,-1
7726,1,-1,-1,-1,-1,-1,-1,-1,-1,-1,0.1969966013127,0.185122684113437,0.159370982087564,0.120769508685478,0.0769936045747253,0.0366398699705988,0.00439953093781087,-0.0204197664200669,-0.0415785689793937,-0.0614386809711163,-0.0779938561602638,-0.0860580594390847,-0.0817086180930215,-0.066035485611698,-0.0447194934279866,-0.0237581632799926,-0.00572373847583241,0.00984005229104556,0.0262174310452659,0.0432231360033395,0.0564833470571262,0.0643034075650042,-1,-1,-1,-1,-1,-1,-1,-1,-1,-1,-1
11224,1,-1,-1,-1,-1,-1,-1,-1,-1,-1,-1,-1,-1,0.0514546946530192,0.0514546946530055,0.0514546946529701,0.0514546946529031,0.0514546946528145,0.051454694652711,0.0514546946526004,0.0514546946524801,0.0514546946523557,0.0514546946522416,0.0514546946521501,0.0514546946520986,0.0514546946520809,0.0514546946521039,0.0514546946521657,0.0514546946522652,0.0514546946524019,0.0514546946525605,0.051454694652719,0.0514546946528576,0.0514546946529637,0.0514546946530281,0.051454694653057,-1,-1,-1,-1,-1,-1,-1
2025,1,-1,-1,-1,-1,-1,-1,-1,-1,-1,-1,-1,-1,0.070988430366254,0.0709884303661026,0.0709884303655834,0.0709884303645314,0.0709884303630475,0.0709884303614041,0.0709884303597641,0.070988430358073,0.070988430356302,0.0709884303547264,0.0709884303538217,-1,-1,-1,-1,-1,-1,-1,-1,-1,-1,-1,-1,-1,-1,-1,-1,-1,-1,-1
6193,1,-1,-1,-1,-1,-1,-1,-1,-1,-1,-1,-1,-1,-1,-1,-1,0.0142449328264926,0.0142449328265011,0.014244932826514,0.0142449328265177,0.0142449328265062,0.0142449328264764,0.0142449328264267,0.0142449328263552,0.0142449328262655,0.0142449328261673,0.0142449328260714,0.0142449328259941,0.0142449328259391,0.0142449328259102,0.0142449328259007,0.0142449328258991,0.0142449328258998,0.014244932825902,-1,-1,-1,-1,-1,-1,-1,-1,-1
11971,1,-1,-1,-1,-1,-1,-1,-1,-1,-1,-1,-1,-1,-1,-1,-1,-1,-0.0435886325422143,-0.0435886325428028,-0.0435886325437957,-0.0435886325448021,-0.0435886325455135,-0.0435886325458692,-0.0435886325459793,-1,-1,-1,-1,-1,-1,-1,-1,-1,-1,-1,-1,-1,-1,-1,-1,-1,-1,-1
7729,1,-1,-1,-1,-1,-1,-1,-1,-1,-1,-1,-1,-1,-1,-1,-1,-1,-1,-1,-1,-1,-0.00302522104452119,-0.00302522104378955,-0.00302522104219038,-0.00302522103972502,-0.00302522103650849,-0.00302522103270531,-0.00302522102852509,-0.00302522102428404,-0.00302522102046043,-0.00302522101764069,-0.00302522101623715,-1,-1,-1,-1,-1,-1,-1,-1,-1,-1,-1
11652,1,-1,-1,-1,-1,-1,-1,-1,-1,-1,-1,-1,-1,-1,-1,-1,-1,-1,-1,-1,-1,-1,-1,-1,0.232976722678399,-0.132764074120256,-0.180057446273283,0.122441349151943,-0.0818397335965826,-0.0818397335965826,-0.0818397335965826,-0.0818397335965826,0.130456386227999,0.130456386227999,0.349058083902213,-0.293260656409069,0.248720896016658,-0.0120544317991036,-0.0120544317991036,-1,-1,-1,-1
7723,1,-1,-1,-1,-1,-1,-1,-1,-1,-1,-1,-1,-1,-1,-1,-1,-1,-1,-1,-1,-1,-1,-1,-1,-1,-1,-0.0901766303490881,-0.335792101923193,0.0919941963236486,0.0919941963236486,0.0919941963236484,0.0919941963236486,0.0713559085356683,0.0129649771643676,-1,-1,-1,-1,-1,-1,-1,-1,-1
2021,1,-1,-1,-1,-1,-1,-1,-1,-1,-1,-1,-1,-1,-1,-1,-1,-1,-1,-1,-1,-1,-1,-1,-1,-1,-1,-1,-1,-1,0,0,-0.477121254719662,0.425968732272281,-0.301029995663981,-1,-1,-1,-1,-1,-1,-1,-1,-1
15281,1,-1,-1,-1,-1,-1,-1,-1,-1,-1,-1,-1,-1,-1,-1,-1,-1,-1,-1,-1,-1,-1,-1,-1,-1,-1,-1,-1,-1,-1,1.25527250510331,-0.954242509439325,1.33243845991561,-0.37819595047628,-1,-1,-1,-1,-1,-1,-1,-1,-1
11528,1,-1,-1,-1,-1,-1,-1,-1,-1,-1,-1,-1,-1,-1,-1,-1,-1,-1,-1,-1,-1,-1,-1,-1,-1,-1,-1,-1,-1,-1,-1,-1,-1,-1,-1,-1,-1,-1,0.301029995663981,-1.14612803567824,1.07918124604762,-1,-1
8748,1,-1,-1,-1,-1,0.0062648011405797,0.00626480114162553,0.00626480114417216,0.00626480114826888,0.00626480115326888,0.00626480115807526,0.00626480116169481,0.00626480116373407,0.00626480116448147,-1,-1,-1,-1,-1,-1,-1,-1,-1,-1,-1,-1,-1,-1,-1,-1,-1,-1,-1,-1,-1,-1,-1,-1,-1,-1,-1,-1,-1
2018,1,-1,-1,-1,-1,-1,-1,-1,-1,-1,-1,-1,-1,0.0161994529678879,0.0161994529679007,0.0161994529678626,0.0161994529677374,0.0161994529676144,0.0161994529675966,0.0161994529675964,0.0161994529673317,0.0161994529666276,0.0161994529657088,0.0161994529650844,-1,-1,-1,-1,-1,-1,-1,-1,-1,-1,-1,-1,-1,-1,-1,-1,-1,-1,-1
2370,1,-1,-1,-1,-1,-1,-1,-1,-1,-1,-1,-1,-1,-1,-1,-1,0.0197694545571641,0.0200299533348338,0.0203674060896946,0.0202828817995897,0.0192375593458554,0.0171535145207637,0.0145087993172801,0.0118337275108655,0.00926977043529709,0.00676139034370937,0.00445948812196484,0.00261245558738343,0.00113200090574184,-0.000361016772101763,-0.0019636180036775,-0.00326889918130036,-0.00389772770300612,-0.00400810609886726,-1,-1,-1,-1,-1,-1,-1,-1,-1
11970,1,-1,-1,-1,-1,-1,-1,-1,-1,-1,-1,-1,-1,-1,-1,-1,-1,0.101368020493295,0.101368020493117,0.10136802049288,0.101368020492773,0.101368020492889,0.101368020493133,0.101368020493315,-1,-1,-1,-1,-1,-1,-1,-1,-1,-1,-1,-1,-1,-1,-1,-1,-1,-1,-1
11968,1,-1,-1,-1,-1,-1,-1,-1,-1,-1,-1,-1,-1,-1,-1,-1,-1,2.00432137378264,-2.00432137378264,-1,-1,-1,-1,-1,-1,-1,-1,-1,-1,-1,-1,-1,-1,-1,-1,-1,-1,-1,-1,-1,-1,-1,-1
17781,1,-1,-1,-1,-1,-1,-1,-1,-1,-1,-1,-1,-1,-1,-1,-1,-1,-1,-1,0.215058113478731,0.138417269544643,0.0369958400847943,-0.0170031634064105,-0.000798242827797502,0.0454011894686301,0.0681691872366157,0.0515301567758844,0.0194216094955078,0.000219853932635239,-0.000816153844007239,0.0039012769934077,0.00553188602491606,-1,-1,-1,-1,-1,-1,-1,-1,-1,-1,-1
8908,1,-1,-1,-1,-1,-1,-1,-1,-1,-1,-1,-1,-1,-1,-1,-1,-1,-1,-1,0.0135147653067844,0.0135929080258501,0.0138418062194741,0.0143192666669845,0.0149705373522786,0.0156655013931069,0.0162993773167135,0.0168444997839496,0.0173131073582105,0.0177018666615458,0.0179921558969252,0.0181874937237838,0.0183198082325413,0.0184131949235118,0.0184637518103989,-1,-1,-1,-1,-1,-1,-1,-1,-1
8907,1,-1,-1,-1,-1,-1,-1,-1,-1,-1,-1,-1,-1,-1,-1,-1,-1,-1,-1,0.0678168221444655,0.0710450878476498,0.0749805076339842,0.0751096569197571,0.067856188824285,0.0519431652390336,0.0290922268127924,0.00592401989884417,-0.00627861016400155,0.00159173012474767,0.0268164291818578,0.0537098859423666,0.0659812484251701,0.0616157839755496,0.0533485862894767,-1,-1,-1,-1,-1,-1,-1,-1,-1
11239,1,-1,-1,-1,-1,-1,-1,-1,-1,-1,-1,-1,-1,-1,-1,-1,-1,-1,-1,-1,-0.00604203182984264,-0.00604203182997143,-0.00604203183014596,-0.00604203183025298,-0.00604203183025565,-0.00604203183020635,-0.0060420318301917,-0.00604203183023344,-0.00604203183028451,-1,-1,-1,-1,-1,-1,-1,-1,-1,-1,-1,-1,-1,-1
7660,1,-1,-1,-1,-1,-1,-1,-1,-1,-1,-1,-1,-1,-1,-1,-1,-1,-1,-1,-1,-0.00085189508286998,-0.000851895083362031,-0.000851895084069021,-0.000851895084768461,-0.000851895085584697,-0.000851895086674492,-0.000851895087838006,-0.000851895088818999,-0.000851895089797772,-0.000851895091198873,-0.000851895093005428,-0.000851895094585942,-0.00085189509540351,-0.00085189509559136,-1,-1,-1,-1,-1,-1,-1,-1,-1
4861,1,-1,-1,-1,-1,-1,-1,-1,-1,-1,-1,-1,-1,-1,-1,-1,-1,-1,-1,-1,-0.00793473292563229,-0.00793473292570468,-0.00793473292577573,-0.00793473292577351,-0.00793473292570379,-0.00793473292562163,-0.00793473292554836,-0.00793473292546754,-0.00793473292537872,-0.00793473292530367,-0.00793473292524727,-0.00793473292517621,-0.00793473292508207,-0.00793473292501279,-1,-1,-1,-1,-1,-1,-1,-1,-1
11257,1,-1,-1,-1,-1,-1,-1,-1,-1,-1,-1,-1,-1,-1,-1,-1,-1,-1,-1,-1,-1,-0.0222096852779869,-0.0187471310029912,-0.0127164165652174,-0.00537951447634955,0.00302008665826747,0.0130193756890769,0.0242920991883622,0.0345152136516496,0.0404417285606886,-1,-1,-1,-1,-1,-1,-1,-1,-1,-1,-1,-1,-1
11238,1,-1,-1,-1,-1,-1,-1,-1,-1,-1,-1,-1,-1,-1,-1,-1,-1,-1,-1,-1,-1,0.0285583338993755,0.0286308482745879,0.0288626103850436,0.0292960973189817,0.0298551462340665,0.0303766221253318,0.0307176655820425,0.0308509577682123,0.0308655993222243,-1,-1,-1,-1,-1,-1,-1,-1,-1,-1,-1,-1,-1
6368,1,-1,-1,-1,-1,-1,-1,-1,-1,-1,-1,-1,-1,-1,-1,-1,-1,-1,-1,-1,-1,-1,-1,-0.0488996794347654,-0.0254674088531521,0.0105014813742259,0.0389228683451006,0.0451779613139158,0.0292293264507624,0.00303766960709062,-0.0189254370707204,-0.0285746479749007,-0.0274622083801073,-0.0234902010777032,-1,-1,-1,-1,-1,-1,-1,-1,-1
7718,1,-1,-1,-1,-1,-1,-1,-1,-1,-1,-1,-1,-1,-1,-1,-1,-1,-1,-1,-1,-1,-1,-1,-1,-1,-1,0.0543576623225928,0.048304679574555,0.0421011075973476,0.0421011075973476,0.0421011075973474,0.0421011075973476,0.0299632233774432,0.0142404391146103,-1,-1,-1,-1,-1,-1,-1,-1,-1
17782,1,-1,-1,-1,-1,-1,-1,-1,-1,-1,-1,-1,-1,-1,-1,-1,-1,-1,-1,-1,-1,-1,-1,-1,-1,-1,-1,-1,-1,-0.020959189199923,-0.0258901550584699,-0.0407042865419587,-0.0584405867479332,-0.0567396665921694,-0.0133464806210514,0.0714955488805009,0.165946891421038,0.225233515729663,-1,-1,-1,-1,-1
2020,1,-1,-1,-1,-1,-1,-1,-1,-1,-1,-1,-1,-1,-1,-1,-1,-1,-1,-1,-1,-1,-1,-1,-1,-1,-1,-1,-1,-1,-1,0.142667503568732,0.0334237554869496,-0.352182518111362,0.412180447786648,-1,-1,-1,-1,-1,-1,-1,-1,-1
11420,1,-1,-1,-1,-1,-1,-1,-1,-1,-1,-1,-1,-1,-1,-1,-1,-1,-1,-1,-1,-1,-1,-1,-1,-1,-1,-1,-1,-1,-1,-1,-1,-1,-1,-1,-1,-1,-1,-0.0717964479497706,0.222600743877458,-1,-1,-1
11938,1,-1,-1,-1,-1,-1,-1,-1,-1,-1,-1,-1,-1,-1,-1,-1,-1,-1,-1,-1,-1,-1,-1,-1,-1,0.0569716761534185,0.0569716761534182,0.0621479067488446,-0.0546002544127477,-0.0546002544127475,-0.0546002544127475,-0.0546002544127474,-0.0546002544127476,0.150514997831991,0.150514997831991,-0.225772496747986,-0.225772496747986,-0.225772496747986,-0.225772496747986,-1,-1,-1,-1
