population_id,1970,1971,1972,1973,1974,1975,1976,1977,1978,1979,1980,1981,1982,1983,1984,1985,1986,1987,1988,1989,1990,1991,1992,1993,1994,1995,1996,1997,1998,1999,2000,2001,2002,2003,2004,2005,2006,2007,2008,2009,2010,2011,2012,2013,2014,2015,2016
5471,1,-1,-1,-1,-1,-1,-1,-1,-1,-1,-0.036271202956685,-0.036271202956685,-0.036271202956685,-0.0362712029566854,-0.036271202956685,-0.036271202956685,-0.036271202956685,-0.036271202956685,-0.036271202956685,-0.0362712029566854,-0.036271202956685,-0.0362712029566852,-0.036271202956685,-0.036271202956685,-0.036271202956685,0.176091259055681,0.176091259055681,0.040617850908264,0.360151447782638,0.201290692637061,0.0470329525109174,-1,-1,-1,-1,-1,-1,-1,-1,-1,-1,-1,-1,-1,-1,-1,-1
5469,1,-1,-1,-1,-1,-1,-1,-1,-1,-1,-0.0272327545984732,-0.0272327545984732,-0.0272327545984732,-0.0272327545984732,-0.0272327545984736,-0.0272327545984732,-0.0272327545984732,-0.0272327545984732,-0.0272327545984732,-0.0272327545984732,-0.0272327545984732,-0.0738001130008143,-0.0738001130008143,-0.0738001130008143,-0.0738001130008143,0.152309643988771,0.152309643988771,0.152309643988771,0.152309643988771,-1,-1,-1,-1,-1,-1,-1,-1,-1,-1,-1,-1,-1,-1,-1,-1,-1,-1
5464,1,-1,-1,-1,-1,-1,-1,-1,-1,-1,-0.0205628609100179,-0.0203368523146605,-0.0198848351239418,-0.0192068093378706,-0.0183027749564397,-0.0171727319796493,-0.0158166804075011,-0.0142346202399972,-0.0123907297940273,-0.0101600337722978,-0.0076277467482555,-0.0050321160768636,-0.00251826337310668,-2.0675466956277e-06,0.00271519134108145,0.00568390946435038,0.00873424561417302,0.0117309119886779,0.0142781108686876,0.0161565023550421,0.0174643579394749,0.0184440179813654,0.0192931168224915,0.0201221038333905,0.021007030675249,0.0220045456066895,0.0231122730778837,0.0242647066647534,0.0253972741773278,0.0264979661046247,0.0275788326456761,0.0286155663112004,0.029543342742639,0.0303064976483829,0.0308840950077731,0.0312663206783848,0.0314465586444226
9072,1,-1,-1,-1,-1,-1,-1,-1,-1,-1,-1,-1,-1,-1,-1,-0.00108837038401277,-0.00108837038439824,-0.00108837038523024,-0.00108837038655363,-0.00108837038840259,-0.00108837039067522,-0.00108837039310039,-0.00108837039543164,-0.00108837039762677,-0.00108837039969489,-0.00108837040145593,-0.00108837040255505,-0.00108837040282328,-0.00108837040248178,-0.00108837040196352,-0.00108837040158183,-0.0010883704013942,-0.00108837040133425,-1,-1,-1,-1,-1,-1,-1,-1,-1,-1,-1,-1,-1,-1
9071,1,-1,-1,-1,-1,-1,-1,-1,-1,-1,-1,-1,-1,-1,-1,-0.00732443230502344,-0.00732443230520508,-0.00732443230552393,-0.00732443230589386,-0.00732443230625801,-0.00732443230659285,-0.00732443230687307,-0.007324432307104,-0.00732443230733804,-0.00732443230766533,-0.0073244323081143,-0.00732443230863478,-0.00732443230914903,-0.0073244323096282,-0.00732443231008162,-0.0073244323104964,-0.0073244323108157,-0.00732443231097957,-1,-1,-1,-1,-1,-1,-1,-1,-1,-1,-1,-1,-1,-1
9070,1,-1,-1,-1,-1,-1,-1,-1,-1,-1,-1,-1,-1,-1,-1,0.0036522999503914,0.00365229995027816,0.0036522999500006,0.00365229994955563,0.00365229994904048,0.0036522999485733,0.00365229994819183,0.00365229994781835,0.00365229994733962,0.00365229994673122,0.00365229994610194,0.00365229994558591,0.00365229994523553,0.00365229994500016,0.00365229994480432,0.00365229994462801,0.00365229994449479,0.00365229994443039,-1,-1,-1,-1,-1,-1,-1,-1,-1,-1,-1,-1,-1,-1
9069,1,-1,-1,-1,-1,-1,-1,-1,-1,-1,-1,-1,-1,-1,-1,-0.00647993081122111,-0.00647993081125664,-0.00647993081135345,-0.00647993081153553,-0.00647993081181752,-0.00647993081215881,-0.00647993081248632,-0.00647993081274834,-0.00647993081293397,-0.00647993081302278,-0.00647993081294862,-0.00647993081265374,-0.00647993081218279,-0.0064799308116934,-0.00647993081132969,-0.00647993081112785,-0.00647993081103948,-0.00647993081100751,-1,-1,-1,-1,-1,-1,-1,-1,-1,-1,-1,-1,-1,-1
9068,1,-1,-1,-1,-1,-1,-1,-1,-1,-1,-1,-1,-1,-1,-1,0.11157395777238,-0.000421235140799503,-0.0640885175968946,-0.00606626024026546,0.0325433199423477,-0.0509703855994483,-0.116481062294192,0.000693997948060243,0.190886336022473,0.198025137713738,-0.000307402220595776,-0.153699069806782,-0.100189317824415,0.0308061271018816,0.0522285910015436,-0.0167416014898678,-0.0461760368718012,-0.022581428777444,-1,-1,-1,-1,-1,-1,-1,-1,-1,-1,-1,-1,-1,-1
9067,1,-1,-1,-1,-1,-1,-1,-1,-1,-1,-1,-1,-1,-1,-1,0.0292019309958682,0.0287733184352357,0.0278240136796712,0.0263715065437558,0.0245716452155529,0.0226590835018254,0.0207497050013816,0.0186263796326078,0.0158442739869047,0.0122097754208039,0.00815386302687449,0.00451524299128225,0.00190961363619069,0.000351173076050593,-0.000542338245081986,-0.00111158615405671,-0.00147355710819097,-0.00163945098316232,-1,-1,-1,-1,-1,-1,-1,-1,-1,-1,-1,-1,-1,-1
5708,1,-1,-1,-1,-1,-1,-1,-1,-1,-1,-1,-1,-1,-1,-1,0.0348442864498097,0.0300598343138296,0.0196447066913299,0.00591500471651329,-0.0050345813007211,-0.00665501215299669,0.00325214089152315,0.0205647003704179,0.0377949670523625,0.0492787881243362,0.0540271687027709,-1,-1,-1,-1,-1,-1,-1,-1,-1,-1,-1,-1,-1,-1,-1,-1,-1,-1,-1,-1,-1
5465,1,-1,-1,-1,-1,-1,-1,-1,-1,-1,-1,-1,-1,-1,-1,-1,-1,-1,-1,-0.210368931932926,0.00489475387664018,0.00489475387664018,0.00489475387664018,0.00489475387663996,0.00489475387664018,-0.00611844234580006,-0.00611844234580028,-0.00611844234580006,-0.00611844234580028,-1,-1,-1,-1,-1,-1,-1,-1,-1,-1,-1,-1,-1,-1,-1,-1,-1,-1
2017,1,-1,-1,-1,-1,-1,-1,-1,-1,-1,-1,-1,-1,-1,-1,-1,-1,-1,-1,0.138324449323606,0.138324449323606,0.138324449323606,-0.118795855101249,-0.0982718764694064,-0.0982718764694064,-0.0982718764694064,-0.0982718764694064,-1,-1,-1,-1,-1,-1,-1,-1,-1,-1,-1,-1,-1,-1,-1,-1,-1,-1,-1,-1
5467,1,-1,-1,-1,-1,-1,-1,-1,-1,-1,-1,-1,-1,-1,-1,-1,-1,-1,-1,-1,-0.0492293319527355,-0.0489357868545834,-0.0458410142361887,-0.0387925235574167,-0.0257839703673868,-0.00739244941234318,0.0134104098978041,0.0349444858721244,0.0528373851304107,0.064055015972454,0.0686949024426446,-1,-1,-1,-1,-1,-1,-1,-1,-1,-1,-1,-1,-1,-1,-1,-1
27289,1,-1,-1,-1,-1,-1,-1,-1,-1,-1,-1,-1,-1,-1,-1,-1,-1,-1,-1,-1,-1,-0.00143636541721959,-0.00153690834579745,-0.00257693508205836,-0.00514583673901514,-0.00878325342989816,-0.0124005572124122,-0.0152857606410053,-0.0174630692061508,-0.0192074998194802,-0.0205671367627578,-0.0214490439501898,-0.0219019950690935,-0.0221044681401268,-0.022182750162743,-1,-1,-1,-1,-1,-1,-1,-1,-1,-1,-1,-1
5474,1,-1,-1,-1,-1,-1,-1,-1,-1,-1,-1,-1,-1,-1,-1,-1,-1,-1,-1,-1,-1,0.0906780073917126,0.0906780073917126,0.0906780073917126,0.0906780073917126,0.0906780073917127,0.0906780073917125,-1,-1,-1,-1,-1,-1,-1,-1,-1,-1,-1,-1,-1,-1,-1,-1,-1,-1,-1,-1
5473,1,-1,-1,-1,-1,-1,-1,-1,-1,-1,-1,-1,-1,-1,-1,-1,-1,-1,-1,-1,-1,0.0314204388945201,0.0314204388945205,0.0314204388945201,0.0314204388945201,-0.00909650241300941,-0.00909650241300941,-1,-1,-1,-1,-1,-1,-1,-1,-1,-1,-1,-1,-1,-1,-1,-1,-1,-1,-1,-1
5472,1,-1,-1,-1,-1,-1,-1,-1,-1,-1,-1,-1,-1,-1,-1,-1,-1,-1,-1,-1,-1,-0.114091508282261,-0.114091508282261,-0.114091508282261,-0.114091508282261,0.198970004336019,0.198970004336019,-0.0634862575211064,0.397940008672037,-1,-1,-1,-1,-1,-1,-1,-1,-1,-1,-1,-1,-1,-1,-1,-1,-1,-1
8628,1,-1,-1,-1,-1,-1,-1,-1,-1,-1,-1,-1,-1,-1,-1,-1,-1,-1,-1,-1,-1,-1,-1,-1,-0.0125556076586624,-0.0125556076590705,-0.0125556076595787,-0.0125556076597708,-0.012555607659495,-0.0125556076588926,-0.0125556076581659,-0.012555607657446,-0.0125556076568509,-0.012555607656525,-1,-1,-1,-1,-1,-1,-1,-1,-1,-1,-1,-1,-1
5706,1,-1,-1,-1,-1,-1,-1,-1,-1,-1,-1,-1,-1,-1,-1,-1,-1,-1,-1,-1,-1,-1,-1,-1,0.334785743983775,0.180095992962366,-0.0341046776199545,-0.152643240973745,-0.0959543553240312,0.0698844580330973,0.199353256729372,-1,-1,-1,-1,-1,-1,-1,-1,-1,-1,-1,-1,-1,-1,-1,-1
5503,1,-1,-1,-1,-1,-1,-1,-1,-1,-1,-1,-1,-1,-1,-1,-1,-1,-1,-1,-1,-1,-1,-1,-1,-0.0234306665143698,-0.0236848378615626,-0.0237707878917317,-0.0232498855220049,-0.0221416098553697,-0.0208289966867437,-0.0195687478872753,-0.0182242798896937,-0.0164474480286956,-0.013991286238598,-0.0108330003644188,-0.00714057951332081,-0.00322867522571246,0.000534629786048679,0.0039405931868397,0.0071053772988614,0.0103375702828294,0.0137670431299077,0.0171154275066403,0.0198634161422755,0.021643556526185,0.0224836158427095,0.0227274678708045
5466,1,-1,-1,-1,-1,-1,-1,-1,-1,-1,-1,-1,-1,-1,-1,-1,-1,-1,-1,-1,-1,-1,-1,-1,-0.0231675916588028,-0.0234165403036064,-0.0234143707601824,-0.0226416066370141,-0.0211281365043954,-0.0193863538964658,-0.0178452599780989,-0.0164645890084065,-0.0148637315190974,-0.0126906851161035,-0.00983896014525754,-0.00644710827400474,-0.00281708383102131,0.000711193046135872,0.00395130312544079,0.00700186485722165,0.0101271591762933,0.0134342102494061,0.0166631054014996,0.0193241150174062,0.0210560471945205,0.0218724749119592,0.0221057230739579
5475,1,-1,-1,-1,-1,-1,-1,-1,-1,-1,-1,-1,-1,-1,-1,-1,-1,-1,-1,-1,-1,-1,-1,-1,-1,-0.442303290648965,-0.442303290648965,-1,-1,-1,-1,-1,-1,-1,-1,-1,-1,-1,-1,-1,-1,-1,-1,-1,-1,-1,-1
5470,1,-1,-1,-1,-1,-1,-1,-1,-1,-1,-1,-1,-1,-1,-1,-1,-1,-1,-1,-1,-1,-1,-1,-1,-1,-0.113074417748658,-0.113074417748658,-0.113074417748658,-0.113074417748658,-1,-1,-1,-1,-1,-1,-1,-1,-1,-1,-1,-1,-1,-1,-1,-1,-1,-1
5468,1,-1,-1,-1,-1,-1,-1,-1,-1,-1,-1,-1,-1,-1,-1,-1,-1,-1,-1,-1,-1,-1,-1,-1,-1,0.111590472728531,0.111590472728531,0.111590472728531,0.111590472728531,-1,-1,-1,-1,-1,-1,-1,-1,-1,-1,-1,-1,-1,-1,-1,-1,-1,-1
11268,1,-1,-1,-1,-1,-1,-1,-1,-1,-1,-1,-1,-1,-1,-1,-1,-1,-1,-1,-1,-1,-1,-1,-1,-1,-1,0.000194031768917746,0.000194031768750103,0.000194031768320668,0.000194031767567937,0.000194031766586278,0.000194031765659464,0.000194031765120117,-1,-1,-1,-1,-1,-1,-1,-1,-1,-1,-1,-1,-1,-1
27180,1,-1,-1,-1,-1,-1,-1,-1,-1,-1,-1,-1,-1,-1,-1,-1,-1,-1,-1,-1,-1,-1,-1,-1,-1,-1,-1,-1,-1,-1,-1,-0.0349486989503328,-1,-1,-1,-1,-1,-1,-1,-1,-1,-1,-1,-1,-1,-1,-1
27178,1,-1,-1,-1,-1,-1,-1,-1,-1,-1,-1,-1,-1,-1,-1,-1,-1,-1,-1,-1,-1,-1,-1,-1,-1,-1,-1,-1,-1,-1,-1,-1,0.189151727531318,0.0503893994369921,0.0503893994369923,-0.245229615062268,0.248134605705675,-0.00502096914707018,-0.0050209691470704,-1,-1,-1,-1,-1,-1,-1,-1
27288,1,-1,-1,-1,-1,-1,-1,-1,-1,-1,-1,-1,-1,-1,-1,-1,-1,-1,-1,-1,-1,-1,-1,-1,-1,-1,-1,-1,-1,-1,-1,-1,-1,-0.242637592704114,-1,-1,-1,-1,-1,-1,-1,-1,-1,-1,-1,-1,-1
23129,1,-1,-1,-1,-1,-1,-1,-1,-1,-1,-1,-1,-1,-1,-1,-1,-1,-1,-1,-1,-1,-1,-1,-1,-1,-1,-1,-1,-1,-1,-1,-1,-1,-0.0354929631673477,-0.0351568301602994,-0.0340463989586985,-0.0322853075143139,-0.030849830605711,-0.0306594785761236,-0.0305847384410194,-0.0263555339746979,-0.0131724263208772,0.00888076113077751,0.0325047746788327,0.048297185087169,0.0531162192856816,0.0522342598834038
15318,1,-1,-1,-1,-1,-1,-1,-1,-1,-1,-1,-1,-1,-1,-1,-1,-1,-1,-1,-1,-1,-1,-1,-1,-1,-1,-1,-1,-1,-1,-1,-1,-1,-1,-0.360309344342059,0.0986402790628096,0.0986402790628096,1.17193529928452,-1,-1,-1,-1,-1,-1,-1,-1,-1
27179,1,-1,-1,-1,-1,-1,-1,-1,-1,-1,-1,-1,-1,-1,-1,-1,-1,-1,-1,-1,-1,-1,-1,-1,-1,-1,-1,-1,-1,-1,-1,-1,-1,-1,-1,-1,-1,-1,-1,-1,-1,0.082405124322996,0.082405124322996,0.145401790555984,-0.0883632895856197,-1,-1
2026,1,-1,-1,-1,-1,-1,-1,-1,-1,-1,-1,-0.0319136081991203,-0.0319136081991203,-0.0319136081991207,-0.0319136081991203,-0.0319136081991203,-0.0319136081991203,-0.0319136081991203,-0.0319136081991207,-0.0319136081991203,-0.0319136081991203,-0.0319136081991203,-0.0319136081991207,-0.0319136081991203,-0.0319136081991203,-0.0319136081991203,-0.0319136081991207,-0.0319136081991203,-0.0319136081991203,-0.0319136081991203,-0.0319136081991203,-1,-1,-1,-1,-1,-1,-1,-1,-1,-1,-1,-1,-1,-1,-1,-1
23140,1,-1,-1,-1,-1,-1,-1,-1,-1,-1,-1,-1,-1,-1,-1,-1,-1,-1,-1,0.0212437282260782,0.0210806953705984,0.0207546296596419,0.0202533318392866,0.019523794072112,0.0185369738171652,0.01730267155585,0.0158975242820825,0.0144404357680386,0.0130604225675448,0.011861905332371,0.0108976143408648,0.0101619700052109,0.00957917965871991,0.00905879225744766,0.00858174036745085,0.00814802398873171,0.00775764312128802,0.00741701424023899,0.00715554485782688,0.00699254547112949,0.00691708086343734,0.00689520077352324,-1,-1,-1,-1,-1
23139,1,-1,-1,-1,-1,-1,-1,-1,-1,-1,-1,-1,-1,-1,-1,-1,-1,-1,-1,-0.156305934106898,-0.156305934106898,0.125426982694391,0.125426982694391,0.125426982694391,0.0889410833367807,-0.113621890751531,-0.113621890751531,-0.0154717477153028,-0.0154717477153028,-0.0154717477153028,-0.0154717477153024,0.0896459658636606,0.089645965863661,0.089645965863661,0.0896459658636606,0.089645965863661,0.089645965863661,-0.325520199099438,0.30461428958729,0.188215530394872,-0.328904467981515,0.319547671981954,-1,-1,-1,-1,-1
5484,1,-1,-1,-1,-1,-1,-1,-1,-1,-1,-1,-1,-1,-1,-1,-1,-1,-1,-1,0.0936571280199967,0.0936571280199965,0.0936571280199967,0.0936571280199967,0.0936571280199967,0.0936571280199967,-0.224984504338024,-0.224984504338024,-1,-1,-1,-1,-1,-1,-1,-1,-1,-1,-1,-1,-1,-1,-1,-1,-1,-1,-1,-1
5483,1,-1,-1,-1,-1,-1,-1,-1,-1,-1,-1,-1,-1,-1,-1,-1,-1,-1,-1,-0.0220114073819602,-0.0220114073819602,-0.0220114073819602,-0.0220114073819602,-0.0220114073819601,-0.0220114073819601,-0.0220114073819602,-0.0220114073819602,-1,-1,-1,-1,-1,-1,-1,-1,-1,-1,-1,-1,-1,-1,-1,-1,-1,-1,-1,-1
5482,1,-1,-1,-1,-1,-1,-1,-1,-1,-1,-1,-1,-1,-1,-1,-1,-1,-1,-1,0.0156173420760374,0.0156173420760376,0.0156173420760374,0.0156173420760376,0.0156173420760375,0.0156173420760375,0.0156173420760375,0.0156173420760375,-1,-1,-1,-1,-1,-1,-1,-1,-1,-1,-1,-1,-1,-1,-1,-1,-1,-1,-1,-1
5481,1,-1,-1,-1,-1,-1,-1,-1,-1,-1,-1,-1,-1,-1,-1,-1,-1,-1,-1,0.0376287494579977,0.0376287494579977,0.0376287494579977,0.0376287494579977,0.0376287494579975,0.0376287494579977,0.0376287494579977,0.0376287494579977,-1,-1,-1,-1,-1,-1,-1,-1,-1,-1,-1,-1,-1,-1,-1,-1,-1,-1,-1,-1
5480,1,-1,-1,-1,-1,-1,-1,-1,-1,-1,-1,-1,-1,-1,-1,-1,-1,-1,-1,0.0863014656049303,0.0863014656049299,-0.0586970863518941,-0.0586970863518936,-0.0586970863518936,0.241032065988696,-0.113621890751531,-0.113621890751531,-1,-1,-1,-1,-1,-1,-1,-1,-1,-1,-1,-1,-1,-1,-1,-1,-1,-1,-1,-1
2024,1,-1,-1,-1,-1,-1,-1,-1,-1,-1,-1,-1,-1,-1,-1,-1,-1,-1,-1,0.738515282454363,0.738515282454363,0.738515282454363,-0.153770352655274,-0.163852284090548,-0.163852284090548,-0.163852284090548,-0.163852284090548,0.294544872870694,0.294544872870694,-1,-1,-1,-1,-1,-1,-1,-1,-1,-1,-1,-1,-1,-1,-1,-1,-1,-1
2023,1,-1,-1,-1,-1,-1,-1,-1,-1,-1,-1,-1,-1,-1,-1,-1,-1,-1,-1,0.0144979867444217,0.0144979867444217,0.0144979867444213,0.0144979867444217,0.308150215221286,0.308150215221286,0.00694885995532779,-0.449577505465632,0.110758948912251,-1,-1,-1,-1,-1,-1,-1,-1,-1,-1,-1,-1,-1,-1,-1,-1,-1,-1,-1
5479,1,-1,-1,-1,-1,-1,-1,-1,-1,-1,-1,-1,-1,-1,-1,-1,-1,-1,-1,-1,-1,-0.0596401568399578,-0.0596401568399578,-0.0596401568399578,-0.0596401568399578,-0.0596401568399577,-0.0596401568399579,-0.0596401568399578,-0.0596401568399578,-1,-1,-1,-1,-1,-1,-1,-1,-1,-1,-1,-1,-1,-1,-1,-1,-1,-1
23138,1,-1,-1,-1,-1,-1,-1,-1,-1,-1,-1,-1,-1,-1,-1,-1,-1,-1,-1,-1,-1,-1,-1,-1,-0.143252122080363,-0.127762104829058,-0.0903295525168388,-0.0278826736085145,0.0509982572703997,0.124073562276072,0.166213949663475,-1,-1,-1,-1,-1,-1,-1,-1,-1,-1,-1,-1,-1,-1,-1,-1
23137,1,-1,-1,-1,-1,-1,-1,-1,-1,-1,-1,-1,-1,-1,-1,-1,-1,-1,-1,-1,-1,-1,-1,-1,-0.108577730723536,-0.105715748419695,-0.0878030115809103,-0.0414680985667963,0.0312819844661301,0.106484875554216,0.152183162591007,-1,-1,-1,-1,-1,-1,-1,-1,-1,-1,-1,-1,-1,-1,-1,-1
23136,1,-1,-1,-1,-1,-1,-1,-1,-1,-1,-1,-1,-1,-1,-1,-1,-1,-1,-1,-1,-1,-1,-1,-1,-0.026367920403972,-0.02636792040114,-0.0263679203953882,-0.0263679203874285,-0.0263679203787888,-0.0263679203715601,-0.0263679203676235,-1,-1,-1,-1,-1,-1,-1,-1,-1,-1,-1,-1,-1,-1,-1,-1
23135,1,-1,-1,-1,-1,-1,-1,-1,-1,-1,-1,-1,-1,-1,-1,-1,-1,-1,-1,-1,-1,-1,-1,-1,0.0392253771310931,0.0392253771312665,0.0392253771315787,0.0392253771319411,0.0392253771322615,0.0392253771324831,0.0392253771325886,-1,-1,-1,-1,-1,-1,-1,-1,-1,-1,-1,-1,-1,-1,-1,-1
23134,1,-1,-1,-1,-1,-1,-1,-1,-1,-1,-1,-1,-1,-1,-1,-1,-1,-1,-1,-1,-1,-1,-1,-1,-0.0510314569638255,-0.0403301925504906,-0.0186089662480748,0.0114351023708317,0.0440330582914856,0.071293245628345,0.086136035333146,-1,-1,-1,-1,-1,-1,-1,-1,-1,-1,-1,-1,-1,-1,-1,-1
23133,1,-1,-1,-1,-1,-1,-1,-1,-1,-1,-1,-1,-1,-1,-1,-1,-1,-1,-1,-1,-1,-1,-1,-1,-0.0383637996235351,-0.0326774010676982,-0.0213910067620151,-0.00623558584008244,0.00973318293335468,0.0227835948031074,0.029788963344606,-1,-1,-1,-1,-1,-1,-1,-1,-1,-1,-1,-1,-1,-1,-1,-1
23132,1,-1,-1,-1,-1,-1,-1,-1,-1,-1,-1,-1,-1,-1,-1,-1,-1,-1,-1,-1,-1,-1,-1,-1,0.111150452122667,-0.315270434778591,0.271066772286538,-0.367976785294594,0.383216751851331,-0.11997531707675,-1,-1,-1,-1,-1,-1,-1,-1,-1,-1,-1,-1,-1,-1,-1,-1,-1
23131,1,-1,-1,-1,-1,-1,-1,-1,-1,-1,-1,-1,-1,-1,-1,-1,-1,-1,-1,-1,-1,-1,-1,-1,0.176091259055681,0.243038048686294,-0.367976785294594,-0.477121254719662,0.920818753952375,-0.698970004336019,-1,-1,-1,-1,-1,-1,-1,-1,-1,-1,-1,-1,-1,-1,-1,-1,-1
23130,1,-1,-1,-1,-1,-1,-1,-1,-1,-1,-1,-1,-1,-1,-1,-1,-1,-1,-1,-1,-1,-1,-1,-1,0.0662138605246999,0.153579562481841,-0.297950641890289,-0.675090979433945,1.118285816349,-2.29302833369363,-1,-1,-1,-1,-1,-1,-1,-1,-1,-1,-1,-1,-1,-1,-1,-1,-1
8627,1,-1,-1,-1,-1,-1,-1,-1,-1,-1,-1,-1,-1,-1,-1,-1,-1,-1,-1,-1,-1,-1,-1,-1,-0.0131987258362454,-0.0131987258361399,-0.0131987258359298,-0.0131987258356441,-0.0131987258353259,-0.0131987258350148,-0.013198725834745,-0.0131987258345438,-0.0131987258344231,-0.0131987258343726,-1,-1,-1,-1,-1,-1,-1,-1,-1,-1,-1,-1,-1
5701,1,-1,-1,-1,-1,-1,-1,-1,-1,-1,-1,-1,-1,-1,-1,-1,-1,-1,-1,-1,-1,-1,-1,-1,-0.0200786326960758,-0.018519039924916,-0.0153983312067179,-0.0111618890172334,-0.00664875304375356,-0.00292794106846461,-0.000919646311269284,-1,-1,-1,-1,-1,-1,-1,-1,-1,-1,-1,-1,-1,-1,-1,-1
5478,1,-1,-1,-1,-1,-1,-1,-1,-1,-1,-1,-1,-1,-1,-1,-1,-1,-1,-1,-1,-1,-1,-1,-1,-1,0.0752574989159953,0.0752574989159953,0.0752574989159952,0.0752574989159953,-0.602059991327962,0.602059991327962,-1,-1,-1,-1,-1,-1,-1,-1,-1,-1,-1,-1,-1,-1,-1,-1
23302,1,-1,-1,-1,-1,-1,-1,-1,-1,-1,-1,-1,-1,-1,-1,-1,-1,-1,-1,-1,-1,-1,-1,-1,-1,-1,-1,-1,-1,-1,-1,-1,-1,-1,-1,-1,-1,-0.84312397078854,0.844112127032606,0.149638923690393,-0.383158476845285,0.443156406520571,-1,-1,-1,-1,-1
12490,1,-1,-1,-1,-1,-1,-1,-1,-1,-1,-1,-1,-1,-1,-1,-1,-1,-1,-1,-1,-1,-1,-1,-1,-1,-1,-1,-1,-1,-1,0.257497530665702,0.233339050288303,0.186709876056378,0.12650173879786,0.065645945457963,0.0176121118285661,-0.00759664357050882,-1,-1,-1,-1,-1,-1,-1,-1,-1,-1
15317,1,-1,-1,-1,-1,-1,-1,-1,-1,-1,-1,-1,-1,-1,-1,-1,-1,-1,-1,-1,-1,-1,-1,-1,-1,-1,-1,-1,-1,-1,-1,-1,-1,-1,-1,0.636500636031869,0.636500636031869,-1.17609125905568,-1,-1,-1,-1,-1,-1,-1,-1,-1
