ID,min_year,max_year
1368,1976,1990
1369,1974,1990
1370,1976,1990
1371,1980,1990
1372,1976,2009
1373,1970,1993
1374,1970,2000
1375,1971,1993
1376,1970,1993
1377,1975,1993
1379,1955,1995
1381,1970,1993
1382,1974,1993
1383,1974,1987
1384,1973,2004
1385,1991,2007
1386,1974,2008
1387,1974,1989
1388,1958,2002
1389,1967,1994
1391,1950,1989
1392,1970,1989
1393,1967,1989
1394,1977,2007
1395,1978,2000
1396,1950,1996
1398,1970,1990
1399,1970,1990
1400,1960,2007
1401,1967,1990
1402,1978,1990
1403,1973,1986
1404,1950,1989
1405,1972,1990
1406,1950,1996
1407,1950,2007
1408,1977,1987
1413,1967,1994
1414,1970,2012
1415,1966,2012
1416,1971,1994
1417,1978,2001
1418,1955,1992
1419,1985,1998
1420,1950,2009
1421,1978,2011
1422,1970,2004
1424,1968,2010
1425,1971,2008
1426,1963,2010
1427,1984,2013
1428,1961,2012
1429,1971,2012
1430,1962,1992
1431,1988,2010
1432,1959,1993
1433,1974,1993
1434,1974,1997
1435,1959,1993
1436,1950,2011
1437,1958,2007
1438,1950,1994
1439,1982,2011
1440,1978,1998
1441,1983,2007
1442,1983,2000
1443,1983,2000
1444,1950,2014
1445,1963,1994
1446,1970,2000
1447,1978,1991
1448,1987,2011
1449,1987,2011
1450,1987,2011
1451,1970,1993
1452,1965,1986
1453,1980,1990
1454,1980,2007
1455,1978,1999
1456,1983,2005
1460,1986,2010
1461,1984,2005
1462,1986,2011
1463,1977,2000
1464,1986,1995
1465,1986,1994
1466,1986,1991
1470,1979,1997
1472,1980,1996
1473,1970,2000
1474,1970,1999
1475,1961,1995
1476,1970,1998
1477,1962,1990
1478,1957,2012
1479,1978,2012
1480,1992,2011
1481,1993,2012
1482,1950,1987
1483,1962,1988
1484,1970,1997
1485,1950,1998
1486,1960,1991
1487,1950,1993
1488,1950,2014
1489,1985,1994
1490,1963,2012
1491,1982,1991
1492,1982,2012
1493,1971,1994
1494,1965,1992
1495,1976,1990
1496,1972,1992
1497,1965,1991
1498,1971,1993
1499,1955,1987
1500,1976,1990
1501,1955,1987
1502,1970,2003
1505,1982,2010
1506,1960,1985
1507,1978,2008
1509,1981,2013
1510,1972,1991
1511,1983,1998
1512,1982,1990
1513,1970,1993
1514,1971,1993
1515,1973,2007
1516,1968,1986
1517,1973,1996
1518,1973,1996
1519,1977,2008
1520,1978,2006
1521,1980,2010
1522,1980,2010
1523,1964,2008
1524,1957,2010
1525,1961,2012
1527,1963,1994
1528,1974,2008
1530,1967,2012
1531,1980,1998
1532,1970,1993
1533,1970,2010
1534,1975,1999
1535,1970,1994
1537,1964,2009
1538,1978,2010
1541,1970,1995
1542,1962,1997
1543,1972,1990
1544,1972,2008
1545,1971,1993
1546,1990,2000
1547,1969,1990
1548,1980,1989
1549,1986,2010
1550,1970,1993
1551,1970,2011
1552,1982,2011
1553,1969,2010
1554,1971,2011
1555,1984,2010
1556,1984,2008
1557,1957,2010
1558,1970,1990
1559,1970,1993
1560,1974,2011
1561,1970,1990
1562,1951,1993
1563,1984,1993
1569,1972,1993
1570,1985,1994
1571,1982,1996
1572,1975,1993
1573,1976,1993
1574,1974,1994
1575,1970,1994
1576,1970,1994
1577,1984,2006
1578,1970,1986
1579,1970,1998
1580,1970,1998
1934,1989,2000
1935,1970,2000
1936,1972,1992
1937,1968,1997
2070,1970,1980
2325,1987,2011
2328,1960,2008
2329,1957,2008
2527,1983,2004
2529,1970,2003
2530,1970,2003
2531,1984,2003
2535,1970,2004
2536,1978,2004
2537,1981,2004
2538,1970,2004
2539,1970,2004
2540,1970,2002
2541,1972,2003
2542,1970,2004
2543,1982,2002
2544,1983,2011
4298,1970,2001
4409,1984,2003
4410,1986,2003
4411,1984,2003
4412,1978,1999
4413,1970,2002
4414,1967,2010
4415,1983,1993
4416,1993,2013
4417,1978,2004
4418,1973,1995
4419,1996,2004
4420,1973,1995
4421,1996,2013
4422,1972,1995
4423,1996,2004
4424,1972,1995
4425,1996,2012
4426,1971,2011
4482,1950,2009
4483,1950,2009
4484,1983,1995
4485,1983,2010
4487,1998,2010
4493,1962,2011
4494,1974,2010
4495,1990,2012
4496,1978,2007
4497,1985,2003
4498,1978,2009
4499,1982,2008
4501,1961,2005
4502,1978,2010
4505,1970,2010
4506,1965,2006
4507,1970,2009
4508,1996,2004
4509,1981,2005
4510,1981,2005
4511,1981,2005
4512,1987,2005
4513,1993,2007
4514,1993,2010
4515,1993,2010
4516,1971,2002
4548,1978,2009
4638,1974,1993
4639,1984,1991
4640,1976,1993
4641,1960,2011
4642,1971,1978
4643,1970,1993
4647,1991,1993
4648,1976,1992
4649,1977,1986
4650,1990,1992
4656,1970,1993
4657,1970,1993
4658,1970,1993
4659,1971,1993
4660,1975,1993
4661,1970,1993
4662,1971,1992
4663,1970,1993
4683,1970,1993
4684,1970,1993
4685,1971,1993
4686,1970,1993
4687,1974,1993
4688,1970,1993
4689,1970,1993
4924,1970,1993
4925,1970,1993
4927,1970,1993
5138,1972,2003
5232,1972,2003
5233,1972,2003
5234,1972,2003
5235,1972,2003
5236,1972,2003
5237,1974,2005
5238,1972,2003
5239,1970,2005
5240,1989,2005
5426,1990,1998
6086,1971,1995
6126,1965,1977
6127,1963,1977
6169,1986,1987
6170,1990,1991
6201,1965,2004
6228,1995,2010
7702,1979,2001
7774,2000,2006
7775,2000,2006
7801,1957,2000
7814,1961,2001
7844,1971,2003
8484,1988,1997
8486,1988,1997
8487,1988,1997
8488,1988,1997
8489,1988,1997
8525,1978,1999
8529,1995,2006
8531,1978,1999
8533,1984,1999
8589,1963,2005
8590,1963,2005
8597,1968,2002
8598,1982,2004
8602,1965,2004
8603,1963,2004
8604,1968,2006
8610,1963,2005
8611,1964,2005
8614,1965,2005
9054,1996,2004
9135,1995,2005
9140,1971,2005
9181,1995,1998
9182,1995,1999
9183,1995,1999
9184,1995,1999
9185,1995,1999
9186,1995,1999
9187,1995,1999
9188,1995,1999
9189,1995,1999
9190,1995,1999
9191,1995,1999
9192,1995,1999
9193,1995,1999
9194,1995,1999
9195,1995,1999
9196,1995,1999
9197,1995,1999
9198,1995,1999
9199,1995,1999
9200,1995,1999
9201,1995,1999
9202,1995,1999
9203,1995,1999
9204,1995,1999
9205,1995,1999
9206,1995,1999
9207,1995,1999
9208,1995,1999
9209,1995,1999
9210,1995,1999
9211,1995,1999
9212,1995,1999
9213,1995,1999
9214,1995,1999
9215,1995,1999
9216,1995,1999
9217,1995,1999
9218,1995,1999
9219,1995,1999
9220,1995,1999
9221,1995,1999
9222,1995,1999
9223,1995,1999
9224,1995,1999
9225,1995,1999
9226,1995,1999
9227,1995,1999
9228,1995,1999
9229,1995,1999
9230,1995,1999
9231,1995,1999
9247,1977,1992
9289,1980,2000
9290,1980,2000
9291,2003,2005
9293,2003,2005
9295,1978,1982
9297,1978,1982
9298,1978,1982
9299,1978,1982
9300,1978,1982
9301,1978,1982
9302,1978,1982
9362,1977,1992
9383,1993,2002
9384,1993,2002
9385,1993,2002
9484,1997,1999
9531,1964,1974
9532,1980,1993
9556,2001,2002
9557,1974,1977
9560,2001,2002
9561,2001,2002
9563,2001,2002
9564,2001,2002
9565,2001,2002
9566,2001,2002
9567,1989,1991
9568,1989,1991
9569,1989,1991
9571,1974,1997
9572,1974,1997
9573,1974,1997
9585,1974,1997
9586,1974,1997
9589,1974,1997
9590,1974,1997
9592,1974,1997
9593,1974,1997
9594,1974,1997
9639,1991,2002
9640,1976,1992
9671,1999,2000
9672,1999,2000
9673,1999,2000
9674,1999,2000
9675,1999,2000
9676,1999,2000
9677,1999,2000
9688,1995,2000
9796,1970,2002
11092,1983,2008
11093,1983,2008
11094,1986,2010
11095,1959,2013
11096,1963,2004
11109,1991,2010
11110,1991,2010
11111,1978,2009
11112,1991,2010
11113,1991,2010
11114,1978,2009
11118,1982,2010
12690,1981,1994
12691,1995,2012
12703,2001,2006
12704,2001,2006
12705,2001,2003
12706,2001,2006
12707,2001,2006
12708,2001,2003
12709,2001,2006
12710,2001,2006
12711,2001,2003
12712,2001,2006
12713,2001,2006
12714,2001,2006
12715,2001,2003
12716,2001,2006
12717,2001,2006
12718,2001,2003
12719,2001,2006
12720,2001,2006
12721,2001,2006
12722,2002,2006
12723,2001,2003
12724,2001,2006
12725,2001,2003
12761,1975,1982
12762,1975,1982
12763,1975,1982
12764,1985,1995
12765,1984,1995
12766,1984,1995
12767,1996,2010
12768,1996,2010
12769,1996,2010
12770,1972,1982
12771,1972,1982
12772,1972,1978
12773,1984,1991
12774,1984,1995
12775,1984,1993
12776,1996,2008
12777,1996,2010
12778,1999,2010
12779,1977,1994
12780,1977,1994
12781,1977,1994
12782,1995,2009
12783,1995,2009
12784,1995,2009
12797,1981,2009
12798,1988,2009
12803,1978,1994
12804,1995,2001
12939,2005,2008
12944,2005,2008
13114,1999,2006
13115,1999,2006
13116,1999,2006
13117,1999,2006
13118,1999,2006
13121,1996,2009
13122,1996,2009
13123,1996,2009
13125,1995,2009
13126,1995,2009
13127,1993,1994
13128,1977,1994
13201,1970,1980
13202,1983,2008
13204,1987,2008
14543,1971,2007
14829,1960,2010
14831,1986,2012
14832,1987,2010
14833,1970,2010
14836,1990,2012
14841,1985,2012
14842,1990,2010
14844,1970,2007
14845,1988,2009
14846,1988,2009
14847,1982,2009
14852,1982,2009
14858,1987,1999
15027,1993,2010
15036,1991,2001
15043,2002,2011
15044,2002,2011
15165,1995,2001
15167,1995,2001
15169,1995,2001
15170,1995,2001
15172,1995,2001
15173,1995,2001
15299,1986,2010
15305,1994,2010
15307,2000,2010
15309,1990,2010
15316,1988,2013
15319,1987,2013
17402,1965,2012
17405,1972,2014
17416,1992,2014
17417,1997,1999
17418,1997,1999
17419,1997,1999
17420,1997,1999
17421,1997,1999
17422,1997,1999
17423,1997,1999
17424,1997,1999
17425,1997,1999
17426,1997,1999
17427,1997,1999
17428,1997,1999
17429,1997,1999
17430,1997,1999
17431,1997,1999
17432,1997,1999
17433,1997,1999
17434,1997,1999
17435,1997,1999
17436,1997,1999
17437,1984,2012
17438,1997,1999
17439,1984,2012
17440,1984,2012
17441,1997,1999
17442,1997,1999
17443,1995,2006
17444,1951,2010
17445,1997,1999
17446,1997,1999
17447,1997,1999
17448,1997,1999
17449,1997,1999
17450,1994,2006
17451,1997,1999
17452,1994,2006
17453,1997,1999
17454,1997,1999
17455,1997,1999
17456,1997,1999
17457,1997,1999
17458,1997,1999
17459,1997,1999
17460,1997,1999
17461,1997,1999
17462,1997,1999
17463,1997,1999
17464,1998,2001
17465,1998,2001
17466,1998,2001
17467,1997,1999
17468,1991,2006
17469,1991,2006
17470,1997,1999
17471,1997,1999
17472,1997,1999
17473,1997,1999
17474,1997,1999
17475,1997,1999
17476,2005,2008
17477,2006,2007
17478,1998,2008
17479,1996,2000
17480,1996,2000
17481,1997,1999
17482,1998,2008
17483,1996,2000
17484,1997,1999
17485,1996,2000
17486,1998,2008
17487,1996,2000
17488,1997,1999
17489,1997,1999
17490,1998,2008
17491,1997,1999
17492,1996,2010
17493,1996,2010
17494,1997,1999
17495,1996,2010
17496,1996,2010
17497,1996,2010
17498,1996,2010
17499,1997,1999
17500,1996,2010
17501,1996,2010
17502,1996,2009
17503,1996,2010
17504,1996,2008
17505,1996,2008
17507,1990,2008
17508,1992,2008
17509,1990,2008
17510,1990,2008
17511,2009,2010
17512,2009,2010
17513,2009,2010
17514,2009,2010
17515,2009,2010
17516,2009,2010
17517,2009,2010
17518,2009,2010
17519,2009,2010
17520,2009,2010
17521,2009,2010
17522,2009,2010
17523,2009,2010
17808,1971,2012
17809,1971,2012
17810,1971,2012
17818,1994,2012
17827,1978,1994
17828,1995,2004
17834,2002,2011
17835,1997,2011
17836,2002,2011
17838,2002,2011
17839,1997,2011
17840,2001,2011
17841,1997,2011
17842,2002,2011
18063,1970,1994
18064,1970,1994
18065,1970,1994
18066,1970,1994
18067,1970,1994
18068,1970,1994
18069,1970,1994
18070,1970,1994
18071,1970,1994
18072,1970,1994
18073,1970,1994
18074,1970,1994
18075,1970,1994
18076,1970,1994
18077,1970,1994
18078,1970,1994
18079,1970,1994
18080,1977,1993
18081,1970,1994
18082,1970,1994
18083,1970,1994
18084,1970,1994
18085,1970,1994
18086,1970,1994
18087,1970,1994
18088,1970,1994
18089,1970,1994
18090,1970,1994
18091,1970,1994
18094,1970,1994
19133,1982,2007
19134,1981,2008
19135,1974,2011
19141,1991,2010
19142,1994,2011
19146,1985,2007
19147,1995,2004
19176,1960,2010
19184,1989,2012
19185,1968,2006
19186,1982,2012
19187,1967,2005
19188,1950,2007
19189,1950,2007
19190,1970,2009
19191,1963,2009
19192,1963,2007
19193,1963,2005
19194,1963,2005
19195,1963,2005
19196,1982,2007
19203,1977,2011
19204,1973,2011
19205,1980,2010
19206,1990,2012
19208,1958,2010
19209,1978,2010
19210,1957,2010
19211,1982,2011
19221,1961,2010
19222,1984,2011
19223,1965,2011
19224,1973,2002
19225,1968,2007
19226,1975,2005
19227,1967,2005
19228,1982,2012
19229,1971,2012
19230,1988,2007
19231,1982,2010
19232,1975,2006
19233,1977,2000
19245,1950,2007
19251,2000,2011
19252,2006,2011
19253,2000,2011
19261,1967,2005
19262,1969,2008
19263,1984,2007
19305,1998,2011
19306,1998,2011
19330,1963,2009
19332,1973,2007
19498,1959,2008
19500,1977,1994
19559,1966,2013
19560,2006,2015
19583,1991,1992
19614,1991,2006
19615,1991,1992
19617,2009,2010
19623,1991,1992
19639,2010,2013
19640,2010,2014
19646,2006,2007
19862,1975,1986
19863,1970,1994
19864,1977,1984
19865,1980,1992
19866,1971,1993
19867,1970,1994
19868,1971,1994
19869,1987,1993
19870,1971,2016
19871,1977,1981
19872,1996,2016
19873,1996,2015
19874,1972,1991
19875,1977,1993
19876,1970,1994
19877,1981,1994
19878,1988,1993
19879,1972,2016
19880,1983,1993
19881,1997,2016
19882,1970,1981
19883,1982,1994
19884,1995,2016
19893,1978,1991
19894,1978,1991
19895,1970,1994
19896,1970,1994
19897,1970,1994
19898,1970,1994
19899,1972,1994
19900,1970,1994
19901,1970,1994
19902,1972,1994
19903,1970,1994
19904,1970,1994
19905,1970,1994
19906,1970,1994
19907,1970,1994
19908,1971,1994
19909,1980,1993
19910,1971,2016
19911,1970,1981
19912,1982,1994
19913,1995,2016
19914,1970,1981
19915,1982,1994
19916,1995,2016
19927,2004,2008
19928,2005,2008
19929,2005,2009
19930,2009,2010
19931,2004,2009
19932,2005,2010
19933,2008,2010
19934,1970,1994
19935,1975,1994
19936,1970,1994
19937,1977,1993
19938,1970,1994
19939,1970,1994
19940,1979,1993
19941,1980,1989
19942,1977,2016
19943,1970,1981
19944,1983,1994
19945,1995,2016
19946,2000,2015
19950,1978,1988
19951,1977,1988
19952,1970,1994
19953,1970,1994
19954,1972,1993
19955,1973,1994
19956,1973,1993
19957,1970,1994
19958,1973,1994
19959,1974,1990
19960,1974,1993
19961,1970,1993
19962,1973,1992
19963,1982,1987
19964,1974,2010
19965,1970,1981
19966,1984,1993
19967,1995,2009
19968,1970,1981
19969,1982,1994
19970,1995,2016
19971,1978,1991
19972,1977,1991
19973,1970,1994
19974,1970,1994
19975,1970,1994
19976,1970,1994
19977,1971,1994
19978,1970,1994
19979,1971,1994
19980,1972,1994
19981,1971,1994
19982,1970,1994
19983,1970,1994
19984,1970,1994
19985,1970,1994
19986,1972,1993
19987,1980,1993
19988,1971,2016
19989,1970,1981
19990,1982,1994
19991,1995,2016
19992,1970,1981
19993,1982,1994
19994,1995,2016
19995,1978,1991
19996,1977,1991
19997,1970,1994
19998,1970,1994
19999,1973,1981
20000,1970,1994
20001,1977,1993
20002,1970,1993
20003,1971,1994
20004,1972,1990
20005,1984,1990
20006,1970,1994
20007,1973,1991
20008,1979,1990
20009,1981,2015
20010,1970,1978
20011,1988,1994
20012,1996,2008
20016,2005,2010
20017,2004,2010
20018,2004,2009
20019,2004,2009
20020,2008,2010
20021,2004,2010
20022,2005,2010
20023,2004,2009
20024,2005,2010
20025,2005,2006
20026,2006,2009
20027,2004,2010
20028,2007,2010
20029,2004,2010
20051,1978,1988
20052,1978,1988
20053,1973,1994
20054,1970,1994
20055,1977,1994
20056,1976,1994
20057,1982,1987
20058,2004,2010
20059,2004,2010
20060,2009,2010
20061,2004,2010
20062,2005,2010
20063,2005,2010
20064,2009,2010
20065,2004,2010
20066,2008,2010
20067,2004,2010
20068,2008,2010
20069,2008,2010
20070,2006,2010
20071,2004,2010
20072,2004,2010
20073,2009,2010
20074,2004,2010
20075,2004,2010
20076,2005,2010
20077,2004,2010
20078,2005,2010
20079,2009,2010
20080,2004,2010
20081,2006,2010
20082,2005,2009
20083,2004,2010
20084,2007,2010
20085,2004,2010
20086,2008,2010
20087,2004,2010
20088,2007,2010
20089,2004,2010
20090,2009,2010
20091,2005,2010
20092,2004,2010
20101,1973,1986
20102,1970,1994
20103,1971,1994
20104,1970,1994
20105,1971,1994
20106,1980,1994
20107,1978,1988
20108,1977,1994
20109,1970,1994
20110,1970,1994
20111,1980,1993
20112,1970,1981
20113,1982,1994
20114,1995,2016
20115,1970,1981
20116,1982,1994
20117,1995,2016
20118,1976,1980
20119,1985,1989
20120,1985,1989
20121,1984,1994
20122,1984,1993
20123,1971,1994
20124,1970,1994
20125,1970,1994
20126,1970,1994
20127,1971,1994
20128,1987,1993
20129,1971,2016
20130,1978,1991
20131,1978,1991
20132,1970,1994
20133,1970,1994
20134,1972,1993
20135,1970,1993
20136,1974,1994
20137,1972,1990
20138,1972,1988
20139,1970,1994
20140,1970,1994
20141,1970,1994
20142,1970,1994
20143,1970,1994
20144,1982,1993
20145,1984,1993
20146,1972,2016
20162,1974,1994
20163,1978,1994
20164,1991,1994
20165,1982,1994
20166,1982,1986
20180,1978,1988
20181,1978,1988
20182,1971,1994
20183,1980,1994
20184,1973,1993
20185,1974,1994
20186,1973,1993
20187,1974,1989
20188,1973,1990
20189,1976,1992
20190,1973,1991
20211,1978,1991
20212,1978,1991
20213,1970,1994
20214,1974,1994
20215,1975,1994
20216,1974,1994
20217,1974,1994
20218,1973,1994
20219,1976,1994
20220,1976,2014
20222,1970,2007
20223,1978,1986
20224,1973,1989
20225,1973,1987
20226,1978,1983
20227,1976,1994
20228,1970,1992
20229,1970,1993
20230,1970,1994
20231,1971,1992
20232,1980,1993
20233,1970,1981
20234,1982,1993
20235,1995,2010
20236,1970,1981
20237,1982,1994
20238,1995,2016
20253,1985,1992
20254,1987,1994
20255,1988,1994
20256,1977,1994
20257,1987,1994
20258,1987,1992
20266,1978,1988
20267,1978,1988
20268,1973,1994
20269,1970,1994
20270,1977,1994
20271,1973,1994
20272,1972,1994
20273,1973,1994
20274,1972,1994
20275,1977,1994
20276,1982,1994
20277,1982,1987
20278,1983,1987
20279,1976,2013
20280,1991,1993
20281,1999,2014
20282,1995,2005
20288,1978,1991
20289,1973,1994
20290,1973,1994
20291,1989,1994
20292,1982,1994
20293,1983,1994
20294,1983,1987
20295,1983,1987
20296,1982,1994
20297,1976,1985
20298,1982,1987
20299,1985,1987
20302,1980,1994
20303,1979,1994
20304,1986,1991
20305,1995,2016
20306,1995,2016
20313,1973,2003
20314,1978,2007
20315,1978,2007
20316,1970,2006
20317,2001,2010
20318,1973,1994
20319,1970,1985
20320,1975,1994
20321,1971,1994
20322,1970,1994
20323,1970,1994
20324,1972,1994
20325,1970,1994
20326,1970,1994
20327,1972,1994
20328,1970,1994
20329,1970,1994
20330,1971,1994
20331,1986,1993
20332,1971,2016
20333,1970,1981
20334,1982,1994
20335,1995,2016
20336,1970,1981
20337,1982,1994
20338,1995,2016
20349,1978,1988
20350,1978,1991
20351,1973,1994
20352,1970,1994
20353,1977,1994
20354,1975,1994
20355,1981,1987
20356,1979,1987
20357,1979,1986
20358,2010,2014
20359,1978,1991
20360,1978,1991
20361,1971,1994
20362,1987,1993
20363,1974,1993
20364,1978,1992
20365,1978,1992
20366,1982,1992
20367,1970,1992
20368,1979,1994
20369,1978,1993
20370,1982,2005
20371,1978,1994
20372,1983,1989
20375,1978,1994
20376,1978,1994
20377,1970,1994
20378,1980,1993
20379,1978,1994
20380,1973,1994
20381,1970,1994
20382,1978,1994
20383,1971,1994
20384,1971,1994
20385,1973,2016
20386,1971,1981
20387,1983,1993
20388,1995,2016
20389,1985,1993
20390,1996,2016
20391,1978,1991
20392,1977,1991
20393,1970,1994
20394,1970,1994
20395,1970,1994
20396,1972,1994
20397,1971,1994
20398,1970,1994
20399,1971,1994
20400,1972,1994
20401,1970,1994
20402,1970,1994
20403,1970,1994
20404,1971,1993
20405,1970,1994
20406,1971,2016
20407,1970,1981
20408,1984,1994
20409,1995,2015
20410,1970,1981
20411,1982,1994
20412,1995,2016
20422,1979,1993
20423,1974,1988
20424,1974,1987
20425,1979,1987
20429,1974,1987
20430,1972,1990
20431,1970,1983
20432,1970,1983
20433,1970,1994
20434,1986,1993
20435,1970,1980
20436,2002,2016
20437,1970,1978
20438,1983,1994
20439,1995,2016
20447,1971,1990
20448,1970,1994
20449,1970,1982
20450,1973,1994
20451,1970,1994
20452,1970,1994
20453,1973,1994
20454,1970,1994
20455,1970,1994
20456,1970,1994
20457,1970,1994
20458,1973,1994
20459,1982,1994
20460,1973,2016
20461,1972,1981
20462,1984,1992
20463,1995,2016
20464,1995,2016
20485,1973,1993
20486,1971,1993
20487,1982,1991
20488,1972,1992
20489,1972,1992
20490,1974,1994
20491,1985,1994
20492,1981,1985
20493,1974,2016
20494,1978,1988
20495,1978,1988
20496,1978,1994
20497,1971,1994
20498,1984,1994
20499,1983,1994
20500,1983,1994
20501,1985,1994
20502,1983,1994
20503,1974,1994
20504,1971,1994
20505,1970,1994
20506,1984,1994
20507,1974,2016
20508,1995,2016
20511,2001,2014
20512,2004,2010
20513,2006,2009
20514,2005,2010
20515,2008,2009
20516,2008,2010
20517,2004,2009
20518,2004,2005
20519,2004,2010
20520,2009,2010
20521,2006,2010
20522,2004,2010
20523,2005,2006
20524,2004,2009
20525,2004,2010
20526,2004,2010
20527,2009,2010
20528,2004,2010
20529,2005,2010
20530,2005,2010
20531,2009,2010
20532,2004,2010
20533,2008,2010
20534,2004,2010
20535,2008,2010
20536,2008,2010
20537,2006,2010
20538,2004,2010
20539,2004,2010
20540,2009,2010
20541,2004,2010
20542,2004,2010
20543,2005,2010
20544,2004,2010
20545,2005,2010
20546,2009,2010
20547,2004,2010
20548,2006,2010
20549,2005,2009
20550,2004,2010
20551,2007,2010
20552,2004,2010
20553,2008,2010
20558,1971,2016
20559,1972,2016
20560,1971,2016
20561,1985,2016
20562,1987,2016
20563,1971,2016
20564,1971,2016
20565,1980,2016
20566,1992,2016
20567,1981,2016
20568,1974,2016
20569,1971,2016
20570,1971,2016
20571,1974,2015
20572,1971,2016
20573,1971,2016
20574,1971,2016
20575,1971,2016
20576,1985,2016
20577,1974,2016
20578,1971,2016
20579,1994,1998
20580,1971,2016
20581,1971,2016
20582,1971,2016
20583,1971,2016
20584,1985,2015
20585,1971,2016
20586,1972,2016
20587,1971,2016
20588,1971,2016
20589,1971,2016
20590,1974,2016
20591,1984,2012
20592,1997,2016
20593,1972,2016
20594,1971,2016
20595,1972,2014
20596,1971,2016
20597,1971,2016
20598,1978,1991
20599,1978,1991
20600,1970,1994
20601,1970,1994
20602,1970,1994
20603,1970,1994
20604,1971,1994
20605,1970,1994
20606,1970,1994
20607,1972,1994
20608,1970,1994
20609,1970,1994
20610,1970,1994
20611,1970,1994
20612,1970,1994
20613,1971,1994
20614,1980,1993
20615,1976,1984
20616,1977,1994
20617,1974,1994
20618,1979,1994
20619,1985,1994
20620,1987,1991
20621,1980,1989
20622,1986,1994
20623,1988,1994
20624,1972,1994
20625,1979,1983
20626,1970,1994
20627,1970,1994
20628,1970,1994
20629,1970,1994
20630,1971,1994
20631,1970,1994
20632,1970,1994
20633,1972,1994
20634,1970,1994
20635,1970,1994
20636,1970,1994
20637,1970,1994
20638,1970,1994
20639,1971,1994
20640,1971,1986
20641,1972,1989
20642,1985,1994
20643,1987,1994
20644,1982,1986
20645,1981,1990
20646,1974,1994
20647,1984,1992
20648,1977,1986
20649,1975,1989
20650,1970,1994
20651,1970,1994
20652,1971,1994
20653,1970,1994
20654,1971,1994
20655,1972,1990
20656,1970,1994
20657,1974,1994
20658,1970,1994
20659,1970,1994
20660,1971,1993
20661,1980,1993
20662,1983,1994
20663,1978,1991
20664,1977,1991
20665,1970,1993
20666,1970,1993
20667,1970,1993
20668,1970,1993
20669,1972,1993
20670,1970,1993
20671,1970,1993
20672,1972,1993
20673,1970,1993
20674,1970,1993
20675,1970,1993
20676,1970,1993
20677,1970,1993
20678,1971,1993
20679,1984,1993
20680,1978,1988
20681,1978,1988
20682,1974,1994
20683,1973,1994
20684,1971,1993
20685,1970,1994
20686,1971,1994
20687,1970,1994
20688,1971,1994
20689,1973,1994
20690,1980,1994
20691,1977,1994
20692,1970,1994
20693,1970,1994
20694,1970,1994
20695,1979,1990
20696,1980,1992
20697,1978,1991
20698,1978,1991
20699,1971,1994
20700,1970,1994
20701,1972,1994
20702,1976,1991
20703,1972,1994
20704,1979,1994
20705,1978,1993
20706,1981,1994
20707,1970,1994
20708,1970,1994
20709,1973,1994
20710,1971,1984
20711,1971,1978
20712,1978,1992
20713,1977,1994
20714,1972,1994
20715,1973,1994
20716,1970,1994
20717,1970,1994
20718,1970,1992
20719,1971,1992
20720,1984,1990
20721,1978,1993
20722,1970,1994
20723,1980,1993
20724,1974,1991
20725,1977,1994
20726,1972,1994
20727,1979,1994
20728,1970,1994
20729,1979,1994
20730,1970,1994
20731,1970,1994
20732,1970,1994
20733,1980,1993
20734,1975,1989
20735,1970,1994
20736,1970,1994
20737,1970,1994
20738,1972,1994
20739,1978,1994
20740,1970,1994
20741,1970,1994
20742,1970,1994
20743,1970,1994
20744,1970,1994
20745,1980,1993
20746,1984,1994
20747,1983,1992
20748,1991,1993
20749,1978,1991
20750,1978,1991
20751,1976,1994
20752,1978,1993
20753,1977,1994
20754,1980,1992
20755,1984,1994
20756,1976,1994
20757,1974,1994
20758,1970,1990
20759,1974,1988
20760,1978,1991
20761,1978,1991
20762,1982,1994
20763,1979,1991
20764,1986,1991
20765,1982,1993
20766,1983,1993
20767,1974,1987
20768,1970,1994
20769,1971,1994
20770,1970,1994
20771,1970,1994
20772,1973,1993
20773,1972,1994
20774,1971,1994
20775,1970,1994
20776,1970,1994
20777,1971,1994
20778,1981,1993
20779,1977,1994
20780,1977,1991
20781,1985,1991
20782,1971,1994
20783,1973,1994
20784,1973,1991
20785,1973,1994
20786,1973,1994
20787,1977,1994
20788,1973,1994
20789,1973,1994
20790,1973,1993
20791,1970,1994
20792,1971,1994
20793,1974,1984
20794,1974,1983
20795,1978,1991
20796,1978,1991
20797,1971,1994
20798,1973,1993
20799,1970,1994
20800,1975,1994
20801,1970,1994
20802,1984,1994
20803,1978,1993
20804,1972,1994
20805,1977,1992
20806,1974,1992
20807,1977,1990
20808,1974,1990
20809,1973,1989
20810,1970,1987
20811,1971,1989
20812,1972,1994
20813,1984,1994
20814,1992,1994
20815,1979,1988
20816,1985,1989
20817,1984,1988
20818,1978,1991
20819,1978,1991
20820,1971,1994
20821,1971,1994
20822,1971,1994
20823,1978,1994
20824,1977,1994
20825,1972,1994
20826,1972,1991
20827,1974,1993
20828,1972,1993
20829,1972,1993
20830,1974,1993
20831,1985,1990
20832,1978,1991
20833,1977,1991
20834,1970,1994
20835,1970,1994
20836,1972,1993
20837,1970,1993
20838,1972,1994
20839,1970,1994
20840,1970,1994
20841,1973,1994
20842,1972,1994
20843,1974,1994
20844,1974,1994
20845,1974,1994
20846,1979,1986
20847,1983,1994
20848,1983,1994
20849,1970,1994
20850,1970,1990
20851,1970,1990
20852,1970,1983
20853,1971,1990
20854,1978,1991
20855,1977,1991
20856,1970,1994
20857,1970,1994
20858,1970,1993
20859,1970,1994
20860,1974,1994
20861,1982,1990
20862,1976,1990
20863,1978,1986
20864,1978,1991
20865,1970,1994
20866,1970,1994
20867,1973,1985
20868,1970,1994
20869,1971,1994
20870,1970,1994
20871,1970,1994
20872,1973,1994
20873,1970,1994
20874,1970,1994
20875,1970,1994
20876,1970,1994
20877,1972,1994
20878,1981,1993
20879,1981,1991
20880,1971,1994
20881,1970,1994
20882,1970,1994
20883,1970,1994
20884,1977,1994
20885,1970,1994
20886,1972,1994
20887,1973,1994
20888,1971,1994
20889,1970,1994
20890,1970,1994
20891,1979,1994
20892,1970,1977
20893,1970,1984
20894,1972,1993
20895,1970,1994
20896,1971,1994
20897,1970,1994
20898,1970,1994
20899,1972,1993
20900,1970,1994
20901,1970,1994
20902,1970,1994
20903,1970,1994
20904,1970,1994
20905,1971,1991
20906,1980,1993
20907,1984,1994
20908,1985,1994
20909,1978,1994
20910,1984,1994
20911,1985,1993
20912,1983,1993
20913,1983,1990
20914,1985,1987
20915,1985,1990
20916,1979,1993
20917,1975,1990
20918,1970,1994
20919,1973,1994
20920,1970,1994
20921,1975,1994
20922,1978,1994
20923,1974,1994
20924,1974,1994
20925,1970,1994
20926,1970,1994
20927,1970,1994
20928,1971,1994
20929,1981,1993
20930,1972,1984
20931,1977,1991
20932,1973,1984
20933,1970,1994
20934,1973,1994
20935,1973,1993
20936,1970,1994
20937,1972,1994
20938,1976,1992
20939,1970,1994
20940,1970,1994
20941,1970,1994
20942,1970,1994
20943,1970,1994
20944,1971,1993
20945,1980,1993
20946,1978,1991
20947,1978,1991
20948,1971,1994
20949,1970,1991
20950,1972,1994
20951,1976,1994
20952,1986,1994
20953,1970,1994
20954,1981,1994
20955,1976,1994
20956,1980,1994
20957,1972,1993
20958,1978,1992
20959,1975,1990
20960,1972,1994
20961,1970,1994
20962,1972,1994
20963,1972,1994
20964,1970,1994
20965,1971,1994
20966,1972,1994
20967,1972,1994
20968,1973,1994
20969,1977,1982
20970,1978,1994
20971,1980,1994
20972,1974,1993
20973,1974,1987
20974,1982,1987
20975,1985,1994
20976,1978,1991
20977,1978,1991
20978,1970,1994
20979,1970,1994
20980,1971,1994
20981,1970,1994
20982,1971,1994
20983,1970,1994
20984,1973,1994
20985,1970,1994
20986,1970,1994
20987,1970,1994
20988,1970,1994
20989,1970,1994
20990,1978,1987
20991,1978,1988
20992,1973,1988
20993,1970,1993
20994,1973,1993
20995,1973,1993
20996,1985,1994
20997,1972,1993
20998,1983,1993
20999,1983,1987
21000,1970,1994
21001,1991,1993
21002,1989,1992
21003,1971,1994
21004,1978,1985
21005,1985,1994
21006,1986,1994
21007,1984,1994
21008,1982,1990
21009,1979,1994
21010,1970,1994
21011,1983,1994
21012,1984,1994
21013,1983,1994
21014,1983,1994
21015,1971,1994
21016,1970,1994
21017,1970,1994
21018,1971,1994
21019,1981,1992
21020,1970,1994
21021,1972,1994
21022,1970,1994
21023,1971,1994
21024,1973,1994
21025,1972,1994
21026,1970,1994
21027,1972,1994
21028,1970,1994
21029,1970,1994
21030,1972,1994
21031,1980,1993
21032,1978,1991
21033,1978,1984
21034,1979,1993
21035,1980,1986
21036,1980,1994
21037,1989,1994
21038,1980,1993
21039,1970,1994
21040,1977,1991
21041,1970,1994
21042,1970,1994
21043,1971,1990
21044,1980,1993
21045,1979,1988
21046,1978,1988
21047,1973,1993
21048,1970,1993
21049,1988,1994
21050,1971,1994
21051,1974,1991
21052,1973,1992
21053,1978,1990
21054,1978,1989
21055,1978,1991
21056,1977,1991
21057,1970,1994
21058,1970,1994
21059,1970,1994
21060,1970,1994
21061,1973,1994
21062,1970,1994
21063,1970,1994
21064,1973,1994
21065,1970,1994
21066,1970,1994
21067,1970,1994
21068,1970,1994
21069,1971,1992
21070,1982,1987
21071,1973,1988
21072,1975,1986
21073,1984,1992
21074,1970,1994
21075,1982,1990
21076,1972,1987
21077,1970,1994
21078,1970,1994
21079,1986,1993
21080,1979,1990
21081,1978,1989
21082,1979,1993
21083,1980,1987
21084,1970,1994
21085,1971,1993
21086,1979,1992
21087,1984,1993
21088,1978,1991
21089,1977,1991
21090,1970,1994
21091,1970,1994
21092,1970,1994
21093,1970,1994
21094,1971,1994
21095,1970,1994
21096,1971,1994
21097,1972,1994
21098,1972,1994
21099,1977,1994
21100,1970,1994
21101,1978,1988
21102,1977,1991
21103,1970,1994
21104,1970,1993
21105,1970,1993
21106,1976,1994
21107,1972,1993
21108,1970,1994
21109,1972,1993
21110,1973,1989
21111,1983,1991
21112,1989,1991
21113,1979,1988
21114,1978,1987
21115,1971,1994
21116,1978,1994
21117,1979,1994
21118,1976,1994
21119,1982,1987
21120,1982,1987
21121,1985,1987
21122,1974,1987
21123,1974,1987
21124,1978,1990
21125,1970,1981
21126,1976,1994
21127,1982,1987
21128,1982,1986
21129,1985,1987
21130,1973,1994
21131,1973,1994
21132,1970,1994
21133,1973,1994
21134,1970,1994
21135,1972,1994
21136,1985,1994
21137,1973,1994
21138,1973,1994
21139,1978,1993
21140,1972,1994
21141,1970,1994
21142,1971,1994
21143,1980,1993
21144,1981,1993
21145,1981,1994
21146,1981,1993
21147,1974,1994
21148,1980,1993
21149,1982,1987
21150,1975,1987
21151,1978,1988
21152,1978,1988
21153,1970,1994
21154,1970,1994
21155,1970,1994
21156,1974,1991
21157,1982,1987
21158,1985,1987
21159,1970,1994
21160,1971,1994
21161,1971,1993
21162,1984,1993
21163,1978,1988
21164,1978,1991
21165,1970,1994
21166,1984,1988
21167,1984,1988
21168,1984,1988
21169,1984,1988
21170,1982,1992
21171,1974,1991
21172,1978,1981
21173,1971,1985
21174,1971,1985
21175,1973,1991
21176,1975,1984
21177,1975,1986
21178,1984,1994
21179,1985,1994
21180,1970,1994
21181,1970,1994
21182,1970,1994
21183,1970,1994
21184,1970,1994
21185,1980,1985
21186,1980,1993
21187,1971,1991
21188,1977,1989
21189,1970,1993
21190,1980,1994
21191,1974,1994
21192,1991,1993
21193,1982,1987
21194,1979,1993
21195,1973,1994
21196,1980,1993
21197,1984,1993
21198,1971,1981
21199,1976,1988
21200,1970,1994
21201,1971,1994
21202,1970,1994
21203,1970,1994
21204,1973,1994
21205,1970,1994
21206,1970,1994
21207,1970,1994
21208,1970,1994
21209,1970,1994
21210,1971,1994
21211,1981,1993
21212,1978,1994
21213,1984,1993
21214,1972,1994
21215,1970,1994
21216,1972,1987
21217,1973,1994
21218,1970,1994
21219,1970,1994
21220,1970,1994
21221,1972,1994
21222,1980,1993
21356,2011,2014
21357,2011,2014
21358,2011,2014
21359,2011,2014
21360,2011,2014
21361,2011,2014
21362,2011,2014
21363,2011,2014
21364,2011,2014
21365,2011,2014
21366,2011,2014
21367,2011,2014
21368,2011,2014
21369,2011,2014
21370,2011,2014
21371,2011,2014
21372,2011,2014
21373,2011,2014
21374,2011,2014
21375,2011,2014
21376,2011,2014
21377,2011,2014
21378,2011,2014
21379,2011,2014
21380,2011,2014
21381,2011,2014
21382,2011,2014
21383,2011,2014
21384,2011,2014
21385,2011,2014
21386,2011,2014
21387,2011,2014
21388,2011,2014
21389,2011,2014
21390,2011,2014
21391,2011,2014
21392,2011,2014
21393,2011,2014
21394,2011,2014
21400,2011,2014
21401,2011,2014
21402,2011,2014
21403,2011,2014
21404,2011,2014
21405,2004,2010
21406,2007,2010
21407,2004,2010
21408,2009,2010
21409,2005,2010
21410,2004,2010
21411,2011,2014
21412,2011,2014
21413,2011,2014
21414,2011,2014
21415,2011,2014
21416,2011,2014
21417,2011,2014
21418,2011,2014
21419,2011,2014
21420,2011,2014
21421,2011,2014
21422,2011,2014
21423,2011,2014
21424,2011,2014
21425,2011,2014
21426,2011,2014
21427,2011,2014
21428,2011,2014
21429,2011,2014
21430,2011,2014
21431,2011,2014
21432,2011,2014
21433,2011,2014
21434,2011,2014
21435,2011,2014
21436,2011,2014
21437,2011,2014
21438,2011,2014
21439,2011,2014
21440,2011,2014
21441,2011,2014
21442,2011,2014
21443,2011,2014
21444,2011,2014
21456,1983,2015
21457,1970,2011
21458,1974,2010
21459,1983,2011
21460,1970,2011
21461,1970,2002
21462,1980,2008
21463,1970,1981
21464,1982,1994
21465,1995,2016
21466,1970,1981
21467,1982,1994
21468,1995,2016
21469,2004,2010
21470,2004,2010
21471,2009,2010
21472,2004,2010
21473,2005,2010
21474,2005,2010
21475,2009,2010
21476,2004,2010
21477,2008,2010
21478,2004,2010
21479,2008,2010
21480,2008,2010
21481,2006,2010
21482,2004,2010
21483,2004,2010
21484,2009,2010
21485,2004,2010
21486,2004,2010
21487,2005,2010
21488,2004,2010
21489,2005,2010
21490,2009,2010
21491,2004,2010
21492,2006,2010
21493,2005,2009
21494,2004,2010
21495,2007,2010
21496,2004,2010
21497,2008,2010
21498,2004,2010
21499,2007,2010
21500,2004,2010
21501,2009,2010
21502,2005,2010
21503,2004,2010
21504,2011,2014
21505,2011,2014
21506,2011,2014
21507,2011,2014
21508,2011,2014
21509,2011,2014
21510,2011,2014
21511,2011,2014
21512,2011,2014
21513,2011,2014
21514,2011,2014
21515,2011,2014
21516,2011,2014
21517,2011,2014
21518,2011,2014
21519,2011,2014
21520,2011,2014
21521,2011,2014
21522,2011,2014
21523,2011,2014
21524,2011,2014
21525,2011,2014
21526,2011,2014
21527,2011,2014
21528,2011,2014
21529,2011,2014
21530,2011,2014
21531,2011,2014
21532,2011,2014
21533,2011,2014
21534,2011,2014
21535,2011,2014
21536,2011,2014
21537,2004,2010
21538,2004,2010
21539,2009,2010
21540,2004,2010
21541,2005,2010
21542,2005,2010
21543,2009,2010
21544,2004,2010
21545,2008,2010
21546,2004,2010
21547,2008,2010
21548,2008,2010
21549,2006,2010
21550,2004,2010
21551,2004,2010
21552,2009,2010
21553,2004,2010
21554,2004,2010
21555,2005,2010
21556,2004,2010
21557,2005,2010
21558,2009,2010
21559,2004,2010
21560,2006,2010
21561,2005,2009
21562,2004,2010
21563,2007,2010
21564,2004,2010
21565,2008,2010
21566,2004,2010
21567,2007,2010
21568,2004,2010
21569,2009,2010
21570,2005,2010
21571,2004,2010
21572,2011,2014
21573,2011,2014
21574,2011,2014
21575,2011,2014
21576,2011,2014
21577,2011,2014
21578,2011,2014
21579,2011,2014
21580,2011,2014
21581,2011,2014
21582,2011,2014
21583,2011,2014
21584,2011,2014
21585,2011,2014
21586,2011,2014
21587,2011,2014
21588,2011,2014
21589,2011,2014
21590,2011,2014
21591,2011,2014
21592,2011,2014
21593,2011,2014
21594,2011,2014
21595,2011,2014
21596,2011,2014
21597,2011,2014
21598,2011,2014
21599,2011,2014
21600,2011,2014
21601,2011,2014
21602,2011,2014
21603,2011,2014
21604,2011,2014
21606,1983,2013
21607,1970,1981
21608,1982,1994
21609,1995,2016
21616,1982,1994
21617,1995,2016
21622,1970,1981
21623,1982,1994
21624,1995,2016
21625,1970,1981
21626,1982,1994
21627,1995,2016
21635,1996,2016
21636,1990,1994
21637,1995,2016
21643,1979,2003
21644,1970,1981
21645,1982,1994
21646,1995,2016
21647,1970,1981
21648,1982,1994
21649,1995,2016
21650,1970,1981
21651,1982,1994
21652,1995,2016
21653,1970,1981
21654,1982,1994
21655,1995,2016
21704,1995,2016
21705,2011,2013
21706,1986,1988
21707,1997,2016
21708,2001,2015
21712,1970,1981
21713,1982,1994
21714,1995,2016
21715,1970,1981
21716,1983,1994
21717,1995,2016
21718,1970,1981
21719,1982,1994
21720,1995,2016
21721,1970,1981
21722,1982,1994
21723,1995,2016
21724,1970,1981
21725,1982,1994
21726,1995,2016
21730,2008,2009
21731,1970,1981
21732,1982,1994
21733,1995,2016
21734,1970,1981
21735,1982,1994
21736,1995,2016
21737,1977,2000
21738,1970,1981
21739,1982,1994
21740,1995,2016
21741,1970,1981
21742,1982,1994
21743,1995,2016
21744,1973,1980
21745,1987,1990
21746,1995,2016
21747,1986,1988
21748,1996,2016
21775,1974,1981
21776,1982,1994
21777,1995,2016
21778,1999,2013
21785,1998,2006
21794,1970,1981
21795,1982,1994
21796,1995,2016
21797,1970,1981
21798,1982,1994
21799,1995,2016
21800,1985,1994
21801,1995,2016
21802,1996,2012
21804,1970,2010
21805,1970,1981
21806,1982,1994
21807,1995,2016
21808,1970,1981
21809,1982,1994
21810,1995,2016
21811,2004,2010
21812,2004,2010
21813,2009,2010
21814,2004,2010
21815,2005,2010
21816,2005,2010
21817,2009,2010
21818,2004,2010
21819,2008,2010
21820,2004,2010
21821,2008,2010
21822,2008,2010
21823,2009,2010
21824,2004,2010
21825,2004,2010
21826,2009,2010
21827,2004,2010
21828,2004,2010
21829,2005,2010
21830,2004,2010
21831,2005,2010
21832,2009,2010
21833,2004,2010
21834,2006,2010
21835,2005,2009
21836,2004,2010
21837,2007,2010
21838,2004,2010
21839,2008,2010
21840,2004,2010
21841,2007,2010
21842,2004,2010
21843,2009,2010
21844,2005,2010
21845,2004,2010
21846,2011,2014
21847,2011,2014
21848,2011,2014
21849,2011,2014
21850,2011,2014
21851,2011,2014
21852,2011,2014
21853,2011,2014
21854,2011,2014
21855,2011,2014
21856,2011,2014
21857,2011,2014
21858,2011,2014
21859,2011,2014
21860,2011,2014
21861,2011,2014
21862,2011,2014
21863,2011,2014
21864,2011,2014
21865,2011,2014
21866,2011,2014
21867,2011,2014
21868,2011,2014
21869,2011,2014
21870,2011,2014
21871,2011,2014
21872,2011,2014
21873,2011,2014
21874,2011,2014
21875,2011,2014
21876,2011,2014
21877,2011,2014
21878,2011,2014
21879,2011,2014
21880,1970,1981
21881,1982,1994
21882,1995,2016
21883,1970,1981
21884,1982,1994
21885,1995,2016
21895,2004,2010
21896,2004,2009
21897,2005,2009
21898,2008,2010
21899,2004,2010
21900,2008,2010
21901,2005,2009
21902,2008,2010
21903,2004,2010
21904,2006,2010
21905,2009,2010
21906,2006,2010
21907,2005,2007
21908,2004,2009
21909,2004,2010
21910,2006,2010
21911,2005,2008
21912,2004,2008
21913,1995,2016
21914,2011,2014
21915,2011,2014
21916,2011,2014
21917,2011,2014
21918,2011,2014
21919,2011,2014
21920,2011,2014
21921,2011,2014
21922,2011,2014
21937,2004,2010
21938,2004,2007
21939,2008,2009
21940,2011,2014
21945,2007,2010
21946,2005,2007
21947,2007,2009
21948,2007,2008
21949,2008,2010
21950,2004,2006
21951,2004,2010
21952,2005,2008
21953,2007,2010
21954,2007,2008
21955,2007,2010
21956,2007,2010
21957,2005,2008
21958,2005,2010
21959,2004,2010
21960,2005,2010
21961,2011,2014
21962,2011,2014
21963,2011,2014
21964,2011,2014
21965,2011,2014
21966,2011,2014
21967,2011,2014
21968,2011,2014
21990,2009,2010
21991,2011,2014
21992,2011,2014
21993,2011,2014
21994,1970,1981
21995,1982,1994
21996,1995,2016
21997,1970,1981
21998,1982,1994
21999,1995,2016
22001,2005,2010
22002,2004,2010
22003,2004,2006
22004,2009,2010
22005,2005,2007
22006,2008,2010
22007,2005,2007
22008,2004,2010
22009,2006,2010
22010,2007,2010
22011,2006,2007
22012,2005,2008
22013,2004,2010
22014,2011,2014
22015,2011,2014
22016,1970,1981
22017,1983,1993
22018,1995,2016
22019,1970,1981
22020,1982,1988
22021,1995,2016
22025,1970,1981
22026,1982,1994
22027,1995,2016
22028,1970,1975
22029,1983,1991
22030,1995,2016
22055,2002,2003
22056,2005,2006
22095,2004,2010
22096,2004,2010
22097,2005,2010
22098,2009,2010
22099,2005,2010
22100,2007,2010
22101,2008,2010
22102,2008,2010
22103,2004,2007
22104,2004,2009
22105,2004,2010
22106,2009,2010
22107,2006,2010
22108,2008,2009
22109,2004,2010
22110,2008,2009
22111,2004,2009
22112,2009,2010
22113,2004,2010
22114,2007,2009
22115,2005,2010
22116,2009,2010
22117,2009,2010
22118,2004,2005
22119,2011,2014
22120,2009,2011
22123,2011,2015
22130,1985,1994
22131,1995,2016
22132,1995,2016
22139,1998,2009
22143,2004,2010
22144,2005,2008
22145,2008,2010
22146,2004,2006
22147,2005,2008
22148,2007,2008
22149,2004,2005
22150,2011,2014
22151,1970,1981
22152,1982,1994
22153,1995,2016
22154,1972,1981
22155,1982,1994
22156,1995,2016
22161,2005,2010
22162,2004,2010
22163,2009,2010
22164,2004,2010
22165,2007,2010
22166,2005,2010
22167,2009,2010
22168,2004,2010
22169,2008,2010
22170,2004,2010
22171,2008,2010
22172,2008,2010
22173,2006,2010
22174,2004,2010
22175,2004,2010
22176,2009,2010
22177,2004,2010
22178,2004,2010
22179,2005,2010
22180,2004,2010
22181,2005,2010
22182,2009,2010
22183,2004,2010
22184,2006,2010
22185,2005,2009
22186,2004,2010
22187,2007,2010
22188,2004,2010
22189,2008,2010
22190,2004,2010
22191,2007,2010
22192,2004,2010
22193,2005,2010
22194,2004,2010
22195,2011,2014
22196,2011,2014
22197,2011,2014
22198,2011,2014
22199,2011,2014
22200,2011,2014
22201,2011,2014
22202,2011,2014
22203,2011,2014
22204,2011,2014
22205,2011,2014
22206,2011,2014
22207,2011,2014
22208,2011,2014
22209,2011,2014
22210,2011,2014
22211,2011,2014
22212,2011,2014
22213,2011,2014
22214,2011,2014
22215,2011,2014
22216,2011,2014
22217,2011,2014
22218,2011,2014
22219,2011,2014
22220,2011,2014
22221,2011,2014
22222,2011,2014
22223,2011,2014
22224,2011,2014
22231,1972,1983
22232,1996,2013
22233,1974,2008
22234,1982,2006
22235,1970,1981
22236,1982,1994
22237,1995,2016
22238,1970,1981
22239,1982,1994
22240,1995,2016
22241,1984,1995
22242,1996,2013
22257,2004,2010
22258,2004,2010
22259,2009,2010
22260,2004,2010
22261,2005,2010
22262,2005,2010
22263,2009,2010
22264,2004,2010
22265,2008,2010
22266,2004,2010
22267,2004,2010
22268,2004,2010
22269,2009,2010
22270,2004,2010
22271,2004,2010
22272,2005,2010
22273,2004,2010
22274,2005,2010
22275,2009,2010
22276,2004,2010
22277,2006,2010
22278,2005,2009
22279,2004,2010
22280,2007,2010
22281,2004,2010
22282,2009,2010
22283,2004,2010
22284,2007,2010
22285,2004,2010
22286,2009,2010
22287,2005,2010
22288,2004,2010
22289,1970,1981
22290,1982,1994
22291,1995,2016
22292,1970,1981
22293,1982,1994
22294,1995,2016
22295,2011,2014
22296,2011,2014
22297,2011,2014
22298,2011,2014
22299,2011,2014
22300,2011,2014
22301,2011,2014
22302,2011,2014
22303,2011,2014
22304,2011,2014
22305,2011,2014
22306,2011,2014
22307,2011,2014
22308,2011,2014
22309,2011,2014
22310,2011,2014
22311,2011,2014
22312,2011,2014
22316,2004,2010
22317,2004,2010
22318,2009,2010
22319,2004,2010
22320,2005,2010
22321,2005,2010
22322,2009,2010
22323,2004,2010
22324,2008,2010
22325,2004,2010
22326,2008,2010
22327,2008,2010
22328,2006,2010
22329,2004,2010
22330,2004,2010
22331,2009,2010
22332,2004,2010
22333,2004,2010
22334,2005,2010
22335,2004,2010
22336,2005,2010
22337,2009,2010
22338,2004,2010
22339,2006,2010
22340,2005,2009
22341,2004,2010
22342,2007,2009
22343,2004,2010
22344,2008,2010
22345,2004,2010
22346,2007,2010
22347,2004,2010
22348,2009,2010
22349,2005,2010
22350,2004,2010
22351,2011,2014
22352,2011,2014
22353,2011,2014
22354,2011,2014
22355,2011,2014
22356,2011,2014
22357,2011,2014
22358,2011,2014
22359,2011,2014
22360,2011,2014
22361,2011,2014
22362,2011,2014
22363,2011,2014
22364,2011,2014
22365,2011,2014
22366,2011,2014
22367,2011,2014
22368,2011,2014
22369,2011,2014
22370,2011,2014
22371,2011,2014
22372,2011,2014
22373,2011,2014
22374,2011,2014
22375,2011,2014
22376,2011,2014
22377,2011,2014
22378,2011,2014
22379,2011,2014
22380,2011,2014
22406,1970,1981
22407,1983,1994
22408,1995,2016
22409,1995,2014
22431,2004,2010
22432,2009,2010
22433,2009,2010
22434,2004,2010
22435,2005,2010
22436,2005,2009
22437,2007,2008
22438,2005,2009
22439,2008,2009
22440,2004,2010
22441,2008,2009
22442,2007,2009
22443,2011,2014
22444,2011,2014
22454,2006,2009
22455,2005,2007
22456,1970,1981
22457,1982,1994
22458,1995,2016
22459,1970,1980
22460,1984,1994
22461,1995,2016
22462,2004,2009
22463,2005,2008
22464,2005,2010
22465,2005,2006
22466,2005,2009
22467,2004,2009
22468,2006,2009
22469,2009,2010
22470,1977,1981
22471,1982,1984
22472,1995,2016
22473,1996,2016
22474,2011,2014
22475,2011,2014
22601,2006,2014
22604,1972,1981
22605,1982,1994
22606,1995,2016
22607,1970,1981
22608,1982,1994
22609,1995,2016
22623,2004,2010
22624,2007,2010
22625,2007,2010
22626,2008,2010
22627,2008,2009
22628,2004,2010
22629,2004,2010
22630,2009,2010
22631,2005,2010
22632,2006,2010
22633,2005,2010
22634,2004,2010
22635,2009,2010
22636,2007,2010
22637,2007,2010
22638,2006,2010
22639,2006,2010
22640,2006,2010
22641,2004,2010
22642,2011,2014
22643,2011,2014
22644,2011,2014
22645,2011,2014
22646,2011,2014
22647,2011,2014
22648,2011,2014
22649,2011,2014
22652,2004,2010
22653,2004,2010
22654,2004,2010
22655,2009,2010
22656,2005,2010
22657,2008,2010
22658,2004,2010
22659,2004,2010
22660,2005,2007
22661,2004,2010
22662,2005,2010
22663,2004,2010
22664,2006,2010
22665,2006,2010
22666,2007,2009
22667,2004,2010
22668,2007,2010
22669,2004,2007
22670,2004,2010
22671,2008,2010
22672,2007,2010
22673,2005,2010
22674,2004,2010
22675,1972,1973
22676,1989,1993
22677,1995,2016
22678,1971,1979
22679,1982,1992
22680,1996,2016
22681,2011,2014
22682,2011,2014
22683,2011,2014
22684,2011,2014
22685,2011,2014
22686,2011,2014
22687,2011,2014
22688,2011,2014
22689,1996,2014
22695,1998,2009
22700,1971,1974
22701,1982,1994
22702,1995,2016
22703,1974,1978
22704,1982,1993
22705,1995,2016
22707,1982,1994
22708,1995,2016
22709,1982,1994
22710,1995,2016
22711,2005,2010
22712,2008,2010
22713,2009,2010
22714,2007,2010
22715,1982,1994
22716,1995,2016
22717,1982,1994
22718,1995,2016
22719,2011,2014
22735,1985,2016
22736,1995,2016
22737,1970,1981
22738,1982,1994
22739,1995,2016
22740,1970,1981
22741,1982,1994
22742,1995,2016
23150,2006,2013
23312,1993,2010
23314,1985,2002
23319,1985,2002
23330,1997,2004
23331,1997,2004
23332,1950,2013
23333,1994,2005
23334,1994,2005
23335,1994,2005
23336,1994,2005
23337,1994,2005
23338,2006,2015
23339,2006,2014
23341,2006,2015
23342,2005,2014
23344,1990,2006
23398,2000,2011
23434,1979,2011
23471,1981,2011
26510,1960,2017
26511,1960,2017
26769,1991,2000
26770,1987,2000
26771,1993,2000
27349,1988,2006
27350,1997,2004
