ID,min_year,max_year
1378,1964,1991
1411,1964,1981
1412,1984,1994
1467,1950,2011
1468,1962,1978
1503,1964,1983
1539,1977,1992
1565,1961,1995
1566,1970,1991
1567,1970,2009
1568,1966,1983
1581,1950,2009
2330,1983,1990
5697,1980,1995
5698,1980,1995
6471,1971,2004
7700,1987,2000
7965,1981,1983
8468,1976,2002
8469,1986,2002
8474,1981,2000
8475,1981,2000
8491,1992,2000
8521,1998,2003
8792,2003,2004
8796,1992,1993
8798,1998,1999
8801,1998,1999
8802,1998,1999
8803,1998,1999
8804,1998,1999
8805,1998,1999
8806,1998,1999
8807,1998,1999
8809,1998,1999
8837,1999,2003
8891,1994,1996
8892,1994,1996
8893,1994,1996
8894,1994,1996
8895,1994,1996
8896,1994,1996
8897,1994,1996
8898,1994,1996
8899,1994,1996
8900,1994,1996
8901,1994,1996
8902,1994,1996
8903,1994,1996
9136,1957,1977
9137,1957,1977
9138,1957,1977
9139,1957,1977
9232,1974,1999
9294,1999,2004
9391,1980,1981
9570,1973,2006
9595,1997,1999
9600,1997,1999
9601,1997,1999
9602,1997,1999
9604,1996,1999
9606,1996,1999
9608,1996,1999
9610,1996,1999
9611,1996,1999
9612,1989,1999
9613,1996,1999
9614,1996,1999
9615,1996,1999
9616,1996,1999
9617,1996,1999
9618,1996,1999
9619,1998,1999
9620,1950,1977
9621,1953,2005
9627,1996,1999
9628,1998,1999
9629,1996,1999
9630,1996,1999
9631,1996,1999
9632,1996,1999
9633,1996,1999
9634,1998,1999
9635,1996,1999
9636,1996,1999
9637,1996,1998
9642,1980,1981
10102,1972,1985
10347,1952,1988
10348,1990,2005
10349,1984,2005
10350,1950,1982
10351,1964,1982
10353,1984,2005
10667,1978,2006
10672,1978,2006
10676,2001,2005
10677,2001,2005
10678,2001,2002
10679,2001,2005
10680,2001,2005
10681,2001,2005
10682,2001,2005
10808,2001,2002
10809,2002,2005
10810,2001,2004
10811,2002,2005
10812,2001,2005
10813,2002,2005
10814,2001,2005
10815,2001,2005
10816,2001,2005
10817,2001,2005
10818,2001,2005
10819,2001,2005
10820,2001,2005
10821,2001,2005
10822,2001,2005
10823,2001,2005
10824,2001,2005
10826,2001,2004
10827,2001,2004
10828,2002,2005
10829,2001,2005
10830,2001,2005
10831,2001,2005
10859,1986,2001
10974,1977,1998
10975,1998,1999
10978,1998,1999
10979,1998,1999
10980,1998,1999
10984,1998,1999
10985,1998,1999
11115,1993,2005
11326,1978,1997
11333,1986,2002
11334,1992,2005
11337,1993,1998
11379,1993,1998
11384,1993,1998
11405,1964,1977
11531,1978,1990
11532,1978,1990
11533,1978,1990
11567,1989,2000
11568,1989,2000
11569,1989,2000
11570,1989,2000
11572,1989,2000
11573,1989,2000
11574,1989,2000
11575,1989,2000
11576,1989,2000
11577,1989,2000
11578,1987,1990
11579,1987,1990
11580,1988,1990
11581,1987,1990
11582,1988,1990
11584,1987,1990
11585,1988,1990
11586,1985,1990
11587,1985,1990
11588,1985,1989
11589,1988,1990
11592,1988,1990
11593,1988,1990
11594,1985,1990
11595,1985,1990
11597,1989,2006
11598,1989,2006
11599,1989,2006
11600,1989,2006
11601,1989,2006
11602,1989,2006
11622,1995,2005
11623,1995,2005
11624,1995,2005
11625,1995,2005
11626,1995,2005
11627,1995,2005
11628,1995,2005
11629,1995,2005
11630,1995,2005
11631,1995,2005
11632,1995,2005
11633,1995,2005
11634,1995,2005
11635,1995,2005
11636,1995,2005
11637,1995,2005
11638,1995,2005
11639,1995,2005
11640,1995,2005
11641,1995,2005
11642,1995,2005
11643,1995,2005
11644,1995,2005
11647,1994,2007
11648,1994,2007
11912,2002,2009
11917,2002,2009
11918,2002,2009
11920,2002,2009
11921,2002,2009
11922,2002,2009
11923,2002,2009
11924,2002,2009
11925,2002,2009
11926,2002,2009
11927,2002,2009
11928,2002,2009
11935,1987,1992
11936,1991,2001
11937,1988,2001
14556,1997,2004
14837,2007,2010
14839,2007,2010
14840,2007,2010
15007,2000,2003
15008,2000,2003
15009,2000,2003
15010,2000,2003
15011,2003,2004
15012,2003,2004
15013,2003,2004
15014,2003,2004
15037,1991,2001
15040,1991,2001
15061,1996,1998
15062,1996,1998
15064,1996,1998
15065,1996,1998
15066,1996,1998
15067,1996,1998
15068,1996,1998
15069,1996,1998
15225,1997,2000
15227,1997,2000
15230,1997,2000
15231,1997,2000
15269,1998,2003
15283,1996,1997
15290,1996,1997
15292,1996,1997
15293,1996,1997
15295,1996,1997
15296,1981,2010
15301,1996,1997
15303,1992,2010
15306,1996,1997
15310,1982,2010
15311,1996,1997
15312,1996,1997
15323,1999,2011
15348,1979,1998
15349,1979,1998
15350,1999,2004
15351,1999,2004
15352,1979,1998
15353,1979,1998
15354,1979,1998
15355,1979,1998
15356,1979,1998
15357,1979,1998
15358,1979,1998
15359,1999,2004
15360,1979,1998
15361,1979,1998
15362,1991,1993
15363,1991,1993
15364,1999,2005
15365,1999,2007
15366,2000,2003
15367,2000,2003
15368,1995,1996
15369,1979,1998
15370,1979,1998
15371,1991,1993
15372,1991,1993
15373,1999,2005
15374,1999,2007
15375,1999,2000
15376,1998,2000
15377,1999,2000
15378,1998,2000
15379,2000,2003
15380,2000,2003
15381,1995,1996
15382,1999,2004
15383,1979,1998
15384,1979,1998
15385,1991,1993
15386,1991,1993
15387,1999,2005
15388,1999,2007
15389,2000,2003
15390,2000,2003
15391,1995,1996
15392,1979,1998
15393,1979,1998
15394,1979,1998
15396,1979,1998
15397,1979,1998
15398,2006,2007
15399,1979,1998
15400,1979,1998
15401,1991,1993
15402,1991,1993
15403,1999,2005
15405,1979,1998
15406,1979,1998
15407,1999,2005
15408,1999,2007
15409,1979,1998
15410,1979,1998
15411,1979,1998
15412,1979,1998
15415,1979,1998
15416,1979,1998
15417,1999,2005
15418,1999,2007
15419,1979,1998
15420,1979,1998
15421,1979,1998
15422,1979,1998
15423,1979,1998
15424,1979,1998
15425,1979,1998
15427,1979,1998
15428,1979,1998
15429,1999,2005
15430,1999,2007
15431,1979,1998
15432,1979,1998
15434,1979,1998
15435,1979,1998
15436,1979,1998
15437,1979,1998
15438,1999,2005
15439,1999,2007
15440,1979,1998
15441,1979,1998
15442,1979,1998
15445,1979,1998
15446,1979,1998
15447,1979,1998
15448,1979,1998
15449,1979,1998
15450,1979,1998
15451,1991,1993
15452,1991,1993
15453,1999,2005
15454,1999,2007
15455,1979,1998
15456,1979,1998
15457,1991,1993
15458,1991,1993
15459,1999,2005
15460,1999,2007
15461,1979,1998
15462,1999,2004
15463,1979,1998
15464,1979,1998
15465,1999,2005
15466,1999,2007
15467,1999,2000
15468,1998,2000
15469,1999,2000
15470,1998,2000
15471,1999,2004
15472,1979,1998
15473,1979,1998
15474,1999,2005
15475,1999,2007
15476,1979,1998
15477,1979,1998
15480,1979,1998
15481,1979,1998
15482,1999,2005
15484,1979,1998
15485,1979,1998
15486,1979,1998
15487,1979,1998
15488,1979,1998
15489,1979,1998
15490,1979,1998
15491,1999,2004
15492,1979,1998
15493,1979,1998
15494,1979,1998
15495,1979,1998
15496,1979,1998
15497,1979,1998
15498,1979,1998
15499,1979,1998
15500,1979,1998
15501,1979,1998
15502,1979,1998
15503,1979,1998
15506,1979,1998
15507,1979,1998
15508,1979,1998
15509,1979,1998
15510,1979,1998
15511,1979,1998
15512,1979,1998
15513,1979,1998
15514,1979,1998
15515,1979,1998
15516,1979,1998
15517,1979,1998
15518,1979,1998
15520,1991,1993
15523,1979,1998
15524,1979,1998
15525,1991,1993
15527,1999,2005
15528,1999,2007
15529,1999,2004
15530,1979,1998
15531,1979,1998
15534,1979,1998
15535,1979,1998
15536,1979,1998
15541,1979,1998
15542,1979,1998
15543,1979,1998
15544,1979,1998
15545,1979,1998
15546,1979,1998
15547,1979,1998
15548,1979,1998
15549,1979,1998
15550,1979,1998
15552,1979,1998
15553,1979,1998
15554,1991,1993
15556,1999,2005
15558,1979,1998
15559,1979,1998
15560,1991,1993
15561,1991,1993
15562,1999,2005
15564,1979,1998
15565,1979,1998
15566,1991,1993
15567,1991,1993
15570,1979,1998
15571,1979,1998
15572,1991,1993
15573,1991,1993
15574,1999,2005
15576,1999,2000
15577,1998,2000
15578,1999,2000
15579,1998,2000
15580,1979,1998
15581,1979,1998
15582,1991,1993
15583,1991,1993
15584,1999,2005
15585,1999,2007
15586,1979,1998
15587,1979,1998
15588,1979,1998
15589,1979,1998
15596,1999,2004
15597,1979,1998
15598,1979,1998
15599,1999,2005
15605,1999,2004
15606,1979,1998
15607,1979,1998
15608,1999,2005
15614,1979,1998
15615,1979,1998
15616,1979,1998
15617,1979,1998
15618,1979,1998
15619,1979,1998
15620,1979,1998
15621,1979,1998
15622,1979,1998
15623,1979,1998
15624,1979,1998
15625,1979,1998
15626,1979,1998
15627,1979,1998
15628,1979,1998
15629,1999,2004
15630,1979,1998
15631,1979,1998
15632,1979,1998
15633,1979,1998
15634,1999,2005
15636,1979,1998
15637,1979,1998
15639,1999,2007
15640,1979,1998
15641,1979,1998
15642,1979,1998
15643,1979,1998
15644,1979,1998
15645,1979,1998
15646,1979,1998
15647,1979,1998
15648,1979,1998
15649,1979,1998
15650,1979,1998
15651,1979,1998
15652,1979,1998
15653,1979,1998
15654,1979,1998
15655,1979,1998
15656,1999,2004
15657,1979,1998
15658,1979,1998
15661,1979,1998
15662,1979,1998
15663,1979,1998
15664,1979,1998
15665,1979,1998
15666,1979,1998
15667,1999,2004
15668,1979,1998
15669,1979,1998
15670,1999,2005
15676,1979,1998
15677,1979,1998
15678,1991,1993
15679,1991,1993
15680,1999,2005
15682,1999,2000
15683,1998,2000
15684,1999,2000
15685,1998,2000
15686,1979,1998
15689,1999,2004
15690,1979,1998
15691,1979,1998
15692,1999,2005
15698,1979,1998
15699,1979,1998
15700,1999,2005
15701,2004,2007
15702,1979,1998
15703,1979,1998
15704,1991,1993
15705,1991,1993
15706,1999,2005
15707,1999,2007
15708,1999,2000
15709,1998,2000
15710,1999,2000
15712,1979,1998
15713,1979,1998
15716,1979,1998
15717,1979,1998
15718,1979,1998
15719,1979,1998
15720,1979,1998
15721,1979,1998
15722,1979,1998
15725,1979,1998
15726,1979,1998
15727,1999,2005
15728,1999,2007
15729,2000,2003
15730,2000,2003
15731,1979,1998
15732,1979,1998
15733,1979,1998
15734,1979,1998
15735,1999,2004
15736,1979,1998
15737,1979,1998
15744,1991,1993
15745,1991,1993
15750,1979,1998
15751,1979,1998
15752,1979,1998
15753,1979,1998
15754,1999,2004
15755,1979,1998
15756,1979,1998
15757,1999,2005
15758,1999,2007
15759,1999,2000
15760,1998,2000
15761,1999,2000
15762,1998,2000
15763,1979,1998
15764,1979,1998
15765,1979,1998
15766,1979,1998
15767,1979,1998
15768,1979,1998
15769,1979,1998
15770,1979,1998
15771,1979,1998
15772,1979,1998
15773,1999,2004
15774,1979,1998
15775,1979,1998
15777,1999,2007
15778,1979,1998
15779,1979,1998
15782,1979,1998
15783,1979,1998
15786,1999,2004
15787,1979,1998
15788,1979,1998
15789,1979,1998
15790,1979,1998
15791,1979,1998
15792,1979,1998
15793,1979,1998
15794,1979,1998
15795,1979,1998
15796,1979,1998
15797,1979,1998
15798,1979,1998
15799,1999,2005
15801,2000,2003
15802,2000,2003
15803,1995,1996
15804,1979,1998
15805,1979,1998
15806,1991,1993
15807,1991,1993
15814,2000,2003
15815,2000,2003
15816,1995,1996
15817,1979,1998
15818,1979,1998
15821,2000,2003
15822,2000,2003
15823,1995,1996
15824,1999,2004
15825,1979,1998
15826,1979,1998
15827,1999,2005
15828,1999,2007
15831,1999,2000
15832,1998,2000
15833,2000,2003
15834,2000,2003
15835,1995,1996
15836,1979,1998
15837,1979,1998
15838,1991,1993
15839,1991,1993
15840,1999,2005
15841,1999,2007
15842,1999,2000
15844,1999,2000
15845,1998,2000
15846,2000,2003
15847,2000,2003
15849,1979,1998
15850,1979,1998
15851,1991,1993
15852,1991,1993
15854,1999,2007
15855,2000,2003
15856,2000,2003
15857,1995,1996
15858,1979,1998
15859,1979,1998
15860,1979,1998
15861,1979,1998
15862,1979,1998
15863,1979,1998
15864,1979,1998
15865,1979,1998
15866,1979,1998
15867,1979,1998
15868,1979,1998
15869,1979,1998
15870,1979,1998
15871,1979,1998
15874,2000,2003
15875,2000,2003
15876,1995,1996
15877,1999,2004
15878,1979,1998
15879,1979,1998
15880,1991,1993
15881,1991,1993
15882,1999,2005
15883,1999,2007
15884,2000,2003
15885,2000,2003
15886,1995,1996
15887,1979,1998
15888,1979,1998
15889,1999,2005
15890,1999,2007
15891,1999,2000
15892,1998,2000
15894,1998,2000
15895,2000,2003
15896,2000,2003
15897,1995,1996
15898,1979,1998
15899,1979,1998
15900,1979,1998
15901,1979,1998
15902,1991,1993
15903,1991,1993
15904,1999,2005
15905,1999,2007
15906,2000,2003
15907,2000,2003
15908,1995,1996
15909,1999,2004
15910,1979,1998
15911,1979,1998
15912,1991,1993
15913,1991,1993
15914,1999,2005
15915,1999,2007
15916,2000,2003
15917,2000,2003
15918,1995,1996
15919,1979,1998
15920,1979,1998
15921,1979,1998
15922,1979,1998
15929,1979,1998
15930,1979,1998
15931,1979,1998
15932,2000,2003
15933,2000,2003
15934,1979,1998
15935,1979,1998
15936,1999,2004
15937,1999,2004
15938,2000,2003
15939,2000,2003
15940,1979,1998
15941,1979,1998
15942,2000,2003
15943,2000,2003
15944,1999,2004
15945,1979,1998
15946,1979,1998
15947,2000,2003
15948,2000,2003
15949,1979,1998
15950,1979,1998
15951,2000,2003
15952,2000,2003
15953,1999,2004
15954,1979,1998
15955,1979,1998
15956,2000,2003
15957,2000,2003
15958,1979,1998
15959,1979,1998
15960,1979,1998
15961,1979,1998
15962,1979,1998
15963,1979,1998
15964,1979,1998
15965,1979,1998
15966,1979,1998
15968,1979,1998
15969,1979,1998
15970,1979,1998
15971,1979,1998
15972,2006,2011
15973,2006,2011
15974,2006,2011
15975,2009,2011
15976,2006,2009
15977,2006,2009
15978,2006,2009
15979,2006,2011
15980,2006,2009
15981,2006,2011
15982,2006,2011
15983,2006,2009
15984,2006,2009
15985,2006,2011
15986,2006,2011
15987,2006,2011
15988,2006,2011
15989,2006,2011
15990,2006,2011
15991,2006,2011
15992,2006,2011
15993,2006,2011
15994,2006,2011
15995,2006,2011
15996,2006,2011
15997,2006,2011
15998,2006,2011
15999,2006,2011
16000,2006,2011
16001,2006,2009
16002,2006,2011
16003,2006,2011
16004,2006,2009
16005,2009,2011
16006,2009,2011
16007,2006,2009
16008,2006,2011
16009,2006,2011
16010,2006,2011
16011,2006,2011
16012,2006,2011
16013,2006,2011
16014,2006,2009
16015,2006,2009
16016,2006,2011
16017,2006,2009
16018,2006,2009
16019,2006,2009
16020,2006,2011
16021,2006,2011
16022,2006,2009
16023,2006,2011
16024,2006,2011
16025,2006,2011
16026,2006,2011
16027,2006,2011
16028,2006,2011
16029,2006,2011
16030,2006,2011
16031,2006,2011
16032,2006,2011
16033,2006,2009
16034,2006,2009
16035,2006,2011
16036,2006,2011
16037,2006,2011
16038,2006,2011
16039,2006,2009
16040,2006,2011
16041,2006,2011
16042,2006,2011
16043,2006,2011
16044,2006,2011
16045,2006,2011
16046,2006,2011
16047,2006,2011
16048,2006,2011
16049,2006,2009
16050,2006,2009
16051,2009,2011
16052,2006,2011
16053,2006,2011
16054,2006,2011
16055,2006,2011
16056,2006,2011
16057,2006,2011
16058,2006,2011
16059,2006,2011
16060,2006,2011
16061,2006,2011
16062,2006,2011
16063,2006,2009
16064,2006,2011
16065,2006,2011
16066,2006,2011
16067,2006,2011
16068,2006,2011
16069,2006,2011
16070,2006,2011
16071,2006,2011
16072,2006,2011
16073,2006,2011
16074,2006,2011
16075,2006,2011
16076,2006,2011
16077,2006,2011
16078,2006,2011
16079,2006,2011
16080,2006,2011
16081,2006,2011
16082,2006,2011
16083,2006,2011
16084,2006,2012
16085,2006,2012
16086,2006,2012
16087,2006,2012
16088,2006,2012
16089,2006,2012
16090,2006,2009
16091,2006,2009
16092,2006,2009
16093,2009,2011
16094,2006,2011
16095,2006,2011
16096,2006,2009
16097,2006,2011
16098,2006,2009
16099,2006,2011
16100,2006,2011
16101,2006,2011
16102,2009,2011
16103,2006,2011
16104,2006,2011
16105,2006,2011
16106,2006,2011
16107,2006,2011
16108,2006,2009
16109,2006,2011
16110,2006,2011
16111,2006,2011
16112,2006,2011
16113,2006,2011
16114,2006,2011
16115,2006,2011
16116,2006,2011
16117,2006,2011
16118,2006,2009
16119,2006,2011
16120,2006,2011
16121,2006,2011
16122,2006,2011
16123,2006,2011
16124,2006,2011
16125,2006,2009
16126,2006,2009
16127,2006,2011
16128,2006,2009
16129,2006,2009
16130,2006,2011
16131,2006,2009
16132,2006,2011
16133,2006,2011
16134,2006,2011
16135,2006,2011
16136,2006,2011
16137,2009,2011
16138,2006,2009
16139,2006,2011
16140,2006,2011
16141,2006,2011
16142,2006,2011
16143,2006,2011
16144,2006,2011
16145,2006,2011
16146,2006,2009
16147,2006,2011
16148,2006,2009
16149,2006,2011
16150,2006,2009
16151,2006,2009
16152,2006,2011
16153,2006,2011
16154,2006,2011
16155,2006,2011
16156,2006,2011
16157,2006,2011
16158,2006,2011
16159,2006,2011
16160,2006,2011
16161,2006,2011
16162,2006,2011
16163,2006,2011
16164,2006,2011
16165,2006,2011
16166,2006,2011
16167,2006,2011
16168,2006,2009
16169,2006,2011
16170,2006,2011
16171,2006,2011
16172,2006,2011
16173,2006,2011
16174,2006,2011
16175,2006,2011
16176,2006,2011
16177,2006,2011
16178,2009,2011
16179,2006,2011
16180,2006,2011
16181,2006,2011
16182,2006,2011
16183,2006,2009
16184,2006,2011
16185,2006,2011
16186,2006,2009
16187,2006,2011
16188,2006,2011
16189,2006,2011
16190,2006,2011
16191,2006,2011
16192,2006,2011
16193,2006,2011
16194,2006,2011
16195,2006,2011
16196,2009,2011
16197,2006,2009
16198,2006,2011
16199,2006,2009
16200,2006,2011
16201,2006,2011
16202,2006,2011
16203,2006,2011
16204,2006,2011
16205,2006,2011
16206,2006,2011
16207,2006,2011
16208,2006,2011
16209,2006,2011
16210,2006,2011
16211,2006,2011
16212,2006,2011
16213,2006,2011
16214,2006,2011
16215,2006,2011
16216,2006,2011
16217,2006,2011
16218,2006,2011
16219,2006,2011
16220,2006,2011
16221,2006,2009
16222,2006,2011
16223,2006,2009
16224,2006,2011
16225,2006,2009
16226,2009,2011
16227,2006,2011
16228,2009,2011
16229,2006,2011
16230,2006,2011
16231,2006,2011
16232,2006,2011
16233,2006,2011
16234,2006,2011
16235,2006,2011
16236,2006,2011
16237,2006,2011
16238,2006,2011
16239,2006,2011
16240,2006,2011
16241,2006,2011
16242,2006,2011
16243,2006,2011
16244,2009,2011
16245,2006,2011
16246,2006,2011
16247,2006,2011
16248,2006,2011
16249,2006,2009
16250,2006,2011
16251,2006,2012
16252,2006,2012
16253,2006,2012
16254,2006,2012
16255,2006,2012
16256,2006,2012
16257,2006,2011
16258,2006,2011
16259,2006,2011
16260,2006,2011
16261,2006,2011
16262,2006,2011
16263,2006,2011
16264,2006,2009
16265,2006,2011
16266,2006,2011
16267,2006,2009
16268,2009,2011
16269,2009,2011
16270,2006,2011
16271,2009,2011
16272,2009,2011
16273,2006,2011
16274,2009,2011
16275,2006,2011
16276,2009,2011
16277,2006,2011
16278,2006,2011
16279,2006,2011
16280,2009,2011
16281,2006,2011
16282,2006,2011
16283,2006,2011
16284,2006,2011
16285,2006,2011
16286,2006,2009
16287,2006,2011
16288,2009,2011
16289,2006,2011
16290,2006,2011
16291,2006,2011
16292,2006,2011
16293,2006,2011
16294,2006,2011
16295,2006,2011
16296,2006,2011
16297,2006,2011
16298,2006,2009
16299,2006,2011
16300,2006,2011
16301,2006,2011
16302,2006,2011
16303,2006,2011
16304,2006,2009
16305,2006,2011
16306,2006,2011
16307,2006,2011
16308,2006,2011
16309,2006,2011
16310,2006,2011
16311,2006,2011
16312,2006,2009
16313,2006,2011
16314,2006,2011
16315,2006,2011
16316,2006,2009
16317,2006,2011
16318,2009,2011
16319,2006,2011
16320,2009,2011
16321,2006,2011
16322,2006,2011
16323,2006,2011
16324,2006,2011
16325,2006,2011
16326,2006,2011
16327,2006,2011
16328,2006,2011
16329,2006,2011
16330,2006,2011
16331,2006,2011
16332,2006,2011
16333,2006,2011
16334,2006,2011
16335,2006,2011
16336,2006,2011
16337,2006,2011
16338,2006,2011
16339,2006,2011
16340,2006,2011
16341,2006,2011
16342,2006,2011
16343,2006,2011
16344,2006,2011
16345,2006,2011
16346,2006,2011
16347,2006,2011
16348,2006,2011
16349,2006,2011
16350,2006,2011
16351,2006,2011
16352,2006,2011
16353,2006,2011
16354,2006,2011
16355,2006,2011
16356,2006,2011
16357,2006,2011
16358,2006,2011
16359,2006,2011
16360,2006,2011
16361,2006,2011
16362,2006,2011
16363,2006,2011
16364,2006,2011
16365,2006,2011
16366,2006,2012
16367,2006,2012
16368,2006,2012
16369,2010,2012
16370,2010,2012
16371,2006,2012
16372,2010,2012
16373,2006,2010
16374,2006,2010
16375,2006,2010
16376,2006,2012
16377,2006,2012
16378,2010,2012
16379,2010,2012
16380,2006,2012
16381,2010,2012
16382,2006,2012
16383,2010,2012
16384,2010,2012
16385,2010,2012
16386,2006,2010
16387,2006,2012
16388,2010,2012
16389,2006,2012
16390,2006,2012
16391,2006,2012
16392,2006,2012
16393,2006,2012
16394,2006,2012
16395,2006,2012
16396,2006,2010
16397,2006,2012
16398,2006,2010
16399,2006,2010
16400,2006,2010
16401,2006,2010
16402,2006,2010
16403,2006,2010
16404,2006,2010
16405,2006,2010
16406,2006,2010
16407,2006,2010
16408,2006,2010
16409,2006,2010
16410,2006,2010
16411,2006,2010
16412,2006,2010
16413,2006,2010
16414,2006,2010
16415,2006,2010
16416,2006,2010
16417,2006,2010
16418,2006,2010
16419,2006,2010
16420,2006,2010
16421,2006,2010
16422,2006,2010
16423,2006,2010
16424,2006,2010
16425,2006,2010
16426,2006,2010
16427,2006,2010
16428,2006,2010
16429,2006,2010
16430,2006,2010
16431,2006,2010
16432,2006,2010
16433,2006,2010
16434,2006,2010
16435,2006,2010
16436,2006,2010
16437,2006,2010
16438,2006,2010
16439,2006,2010
16440,2006,2010
16441,2006,2010
16442,2006,2010
16443,2006,2010
16444,2006,2010
16445,2006,2010
16446,2006,2010
16447,2006,2010
16448,2006,2010
16449,2006,2010
16450,2006,2010
16451,2006,2010
16452,2006,2010
16453,2006,2010
16454,2006,2010
16455,2006,2010
16456,2006,2010
16457,2006,2010
16458,2006,2010
16459,2006,2010
16460,2006,2010
16461,2006,2010
16462,2006,2010
16463,2006,2010
16464,2006,2010
16465,2006,2010
16466,2006,2010
16467,2006,2010
16468,2006,2010
16469,2006,2010
16470,2006,2010
16471,2006,2010
16472,2006,2010
16473,2006,2010
16474,2006,2010
16475,2006,2010
16476,2006,2010
16477,2006,2010
16478,2006,2010
16479,2006,2010
16480,2006,2010
16481,2006,2010
16482,2006,2010
16483,2006,2010
16484,2006,2010
16485,2006,2010
16486,2006,2010
16487,2006,2010
16488,2006,2010
16489,2006,2010
16490,2006,2010
16491,2006,2010
16492,2006,2010
16493,2006,2010
16494,2006,2010
16495,2006,2010
16496,2006,2010
16497,2006,2010
16498,2006,2010
16499,2006,2010
16500,2006,2010
16501,2006,2010
16502,2006,2010
16503,2006,2010
16504,2006,2010
16505,2006,2010
16506,2006,2010
16507,2006,2010
16508,2006,2010
16509,2006,2010
16510,2006,2010
16511,2006,2010
16512,2006,2010
16513,2006,2010
16514,2006,2010
16515,2006,2010
16516,2006,2010
16517,2006,2010
16518,2006,2010
16519,2006,2012
16520,2006,2012
16521,2006,2012
16522,2006,2012
16523,2006,2012
16524,2006,2012
16525,2006,2012
16526,2006,2012
16527,2006,2012
16528,2006,2012
16529,2006,2012
16530,2006,2012
16531,2006,2012
16532,2006,2012
16533,2006,2012
16534,2006,2012
16535,2006,2012
16536,2006,2012
16537,2006,2012
16538,2006,2012
16539,2006,2012
16540,2006,2012
16541,2006,2012
16542,2006,2012
16543,2006,2012
16544,2006,2012
16545,2006,2012
16546,2006,2012
16547,2006,2012
16548,2006,2012
16549,2006,2012
16550,2006,2012
16551,2006,2012
16552,2006,2012
16553,2006,2012
16554,2006,2012
16555,2006,2012
16556,2006,2012
16557,2006,2012
16558,2006,2012
16559,2006,2012
16560,2006,2012
16561,2006,2012
16562,2006,2012
16563,2006,2012
16564,2006,2012
16565,2006,2012
16566,2006,2012
16567,2006,2012
16568,2006,2012
16569,2006,2012
16570,2006,2012
16571,2006,2012
16572,2006,2012
16573,2006,2012
16574,2006,2012
16575,2006,2012
16576,2006,2012
16577,2006,2012
16578,2006,2012
16579,2006,2012
16580,2006,2012
16581,2006,2012
16582,2006,2012
16583,2006,2012
16584,2006,2012
16585,2006,2012
16586,2006,2012
16587,2006,2012
16588,2006,2012
16589,2006,2012
16590,2006,2012
16591,2006,2012
16592,2006,2012
16593,2006,2012
16594,2006,2012
16595,2006,2009
16596,2006,2009
16597,2006,2009
16598,2006,2009
16599,2006,2009
16600,2006,2009
16601,2006,2009
16602,2006,2009
16603,2006,2009
16604,2006,2009
16605,2006,2009
16606,2006,2009
16607,2006,2009
16608,2006,2009
16609,2006,2009
16610,2006,2009
16611,2006,2009
16612,2006,2011
16613,2006,2011
16614,2006,2011
16615,2006,2011
16616,2006,2011
16617,2006,2011
16618,2006,2011
16619,2006,2011
16620,2006,2011
16621,2006,2011
16622,2006,2011
16623,2009,2011
16624,2009,2011
16625,2006,2011
16626,2006,2011
16627,2006,2011
16628,2009,2011
16629,2006,2011
16630,2006,2011
16631,2006,2011
16632,2006,2011
16633,2006,2011
16634,2006,2011
16635,2006,2011
16636,2006,2011
16637,2006,2011
16638,2006,2009
16639,2006,2009
16640,2006,2009
16641,2006,2009
16642,2006,2009
16643,2006,2009
16644,2006,2009
16645,2006,2009
16646,2006,2009
16647,2006,2009
16648,2006,2009
16649,2006,2009
16650,2006,2009
16651,2006,2009
16652,2006,2009
16653,2006,2009
16654,2006,2009
16655,2006,2009
16656,2006,2009
16657,2006,2009
16658,2006,2009
16659,2006,2009
16660,2006,2009
16661,2006,2009
16662,2006,2009
16663,2006,2009
16664,2006,2009
16665,2006,2009
16666,2006,2009
16667,2006,2009
16668,2006,2009
16669,2006,2011
16670,2006,2011
16671,2006,2011
16672,2006,2011
16673,2006,2009
16674,2006,2011
16675,2006,2011
16676,2009,2011
16677,2006,2011
16678,2006,2011
16679,2006,2009
16680,2006,2011
16681,2006,2009
16682,2006,2011
16683,2006,2011
16684,2006,2011
16685,2006,2011
16686,2006,2011
16687,2006,2011
16688,2006,2011
16689,2006,2011
16690,2006,2011
16691,2006,2011
16692,2006,2009
16693,2006,2009
16694,2006,2009
16695,2006,2009
16696,2006,2009
16697,2006,2009
16698,2006,2009
16699,2006,2009
16700,2006,2009
16701,2006,2009
16702,2006,2009
16703,2006,2009
16704,2006,2009
16705,2006,2009
16706,2006,2009
16707,2006,2009
16708,2006,2009
16709,2006,2009
16710,2006,2009
16711,2006,2009
16712,2006,2009
16713,2006,2009
16714,2006,2009
16715,2006,2009
16716,2006,2009
16717,2006,2009
16718,2006,2009
16719,2006,2009
16720,2006,2011
16721,2006,2013
16722,2006,2013
16723,2006,2013
16724,2006,2013
16725,2006,2013
16726,2006,2013
16727,2006,2013
16728,2006,2013
16729,2006,2013
16730,2011,2013
16731,2006,2011
16732,2011,2013
16733,2006,2011
16734,2011,2013
16735,2011,2013
16736,2006,2013
16737,2011,2013
16738,2011,2013
16739,2006,2011
16740,2006,2013
16741,2006,2013
16742,2011,2013
16743,2011,2013
16744,2011,2013
16745,2006,2013
16746,2006,2013
16747,2006,2013
16748,2006,2013
16749,2006,2011
16750,2006,2011
16751,2006,2013
16752,2011,2013
16753,2011,2013
16754,2006,2011
16755,2011,2013
16756,2011,2013
16757,2006,2013
16758,2006,2013
16759,2011,2013
16760,2006,2011
16761,2011,2013
16762,2006,2013
16763,2011,2013
16764,2011,2013
16765,2006,2012
16766,2006,2012
16767,2006,2012
16768,2006,2012
16769,2006,2012
16770,2006,2012
16771,2006,2012
16772,2006,2012
16773,2006,2012
16774,2006,2012
16775,2006,2012
16776,2006,2012
16777,2006,2012
16778,2006,2012
16779,2006,2012
16780,2006,2012
16781,2006,2012
16782,2006,2012
16783,2006,2012
16784,2006,2012
16785,2006,2012
16786,2006,2012
16787,2006,2012
16788,2006,2012
16789,2006,2012
16790,2006,2012
16791,2006,2012
16792,2006,2012
16793,2006,2012
16794,2006,2012
16795,2006,2012
16796,2006,2012
16797,2006,2012
16798,2006,2012
16799,2006,2012
16800,2006,2012
16801,2006,2012
16802,2006,2012
16803,2006,2012
16804,2006,2012
16805,2006,2012
16806,2006,2012
16807,2006,2012
16808,2006,2012
16809,2006,2012
16810,2006,2012
16811,2006,2012
16812,2006,2012
16813,2006,2012
16814,2006,2012
16815,2006,2012
16816,2006,2012
16817,2006,2012
16818,2006,2012
16819,2006,2012
16820,2006,2012
16821,2006,2012
16822,2006,2012
16823,2006,2012
16824,2006,2012
16825,2006,2012
16826,2006,2012
16827,2006,2012
16828,2006,2012
16829,2006,2012
16830,2006,2012
16831,2006,2012
16832,2006,2012
16833,2006,2012
16834,2006,2012
16835,2006,2012
16836,2006,2012
16837,2006,2012
16838,2006,2012
16839,2006,2012
16840,2006,2012
16841,2006,2012
16842,2006,2012
16843,2006,2012
16844,2006,2012
16845,2006,2012
16846,2006,2012
16847,2006,2012
16848,2006,2012
16849,2006,2012
16850,2006,2012
16851,2006,2012
16852,2006,2012
16853,2006,2012
16854,2006,2012
16855,2006,2012
16856,2006,2012
16857,2006,2012
16858,2005,2012
16859,2005,2012
16860,2005,2012
16861,2005,2012
16862,2005,2012
16863,2005,2012
16864,2005,2012
16865,2005,2012
16866,2005,2012
16867,2005,2012
16868,2005,2012
16869,2005,2012
16870,2005,2012
16871,2005,2012
16872,2005,2012
16873,2005,2012
16874,2005,2011
16875,2005,2011
16876,2005,2011
16877,2005,2009
16878,2005,2011
16879,2005,2011
16880,2005,2011
16881,2009,2011
16882,2005,2011
16883,2005,2011
16884,2005,2011
16885,2005,2011
16886,2005,2011
16887,2005,2011
16888,2005,2009
16889,2005,2011
16890,2005,2011
16891,2005,2009
16892,2005,2011
16893,2009,2011
16894,2009,2011
16895,2005,2011
16896,2005,2011
16897,2005,2011
16898,2005,2011
16899,2005,2012
16900,2005,2012
16901,2005,2012
16902,2005,2012
16903,2005,2012
16904,2005,2012
16905,2005,2012
16906,2005,2012
16907,2005,2012
16908,2005,2012
16909,2005,2012
16910,2005,2012
16911,2005,2012
16912,2005,2012
16913,2005,2012
16914,2005,2012
16915,2005,2011
16916,2005,2011
16917,2005,2011
16918,2005,2009
16919,2005,2011
16920,2009,2011
16921,2005,2011
16922,2005,2011
16923,2005,2011
16924,2005,2011
16925,2005,2011
16926,2009,2011
16927,2005,2011
16928,2005,2011
16929,2009,2011
16930,2005,2011
16931,2005,2011
16932,2009,2011
16933,2005,2011
16934,2005,2011
16935,2005,2011
16936,2005,2011
16937,2009,2011
16938,2005,2011
16939,2006,2009
16940,2006,2012
16941,2006,2012
16942,2006,2009
16943,2009,2012
16944,2009,2012
16945,2006,2012
16946,2006,2012
16947,2009,2012
16948,2006,2012
16949,2006,2012
16950,2006,2012
16951,2006,2012
16952,2006,2012
16953,2006,2012
16954,2006,2012
16955,2006,2012
16956,2009,2012
16957,2006,2012
16958,2005,2012
16959,2005,2012
16960,2005,2012
16961,2005,2009
16962,2009,2012
16963,2005,2009
16964,2005,2012
16965,2005,2012
16966,2005,2012
16967,2005,2012
16968,2005,2012
16969,2005,2012
16970,2005,2012
16971,2005,2011
16972,2005,2011
16973,2005,2011
16974,2005,2009
16975,2005,2011
16976,2009,2011
16977,2005,2009
16978,2005,2009
16979,2005,2009
16980,2005,2011
16981,2005,2011
16982,2009,2011
16983,2005,2011
16984,2005,2011
16985,2006,2009
16986,2006,2009
16987,2006,2009
16988,2006,2009
16989,2006,2009
16990,2006,2009
16991,2006,2009
16992,2006,2009
16993,2006,2009
16994,2006,2009
16995,2006,2009
16996,2006,2009
16997,2006,2012
16998,2006,2012
16999,2006,2012
17000,2009,2012
17001,2006,2012
17002,2006,2012
17003,2006,2012
17004,2006,2012
17005,2006,2009
17006,2006,2012
17007,2009,2012
17008,2006,2012
17009,2006,2012
17010,2006,2009
17011,2006,2012
17012,2006,2012
17013,2006,2009
17014,2009,2012
17015,2006,2012
17016,2006,2012
17017,2009,2012
17018,2009,2012
17019,2006,2012
17020,2005,2011
17021,2005,2011
17022,2005,2011
17023,2009,2011
17024,2005,2011
17025,2009,2011
17026,2005,2011
17027,2009,2011
17028,2005,2011
17029,2005,2011
17030,2005,2011
17031,2005,2011
17032,2005,2011
17033,2009,2011
17034,2009,2011
17035,2005,2011
17036,2009,2011
17037,2009,2011
17038,2005,2009
17039,2009,2011
17040,1992,2012
17041,1992,2012
17042,1992,2012
17043,1992,2012
17044,1992,2012
17045,1992,2012
17046,1992,2012
17047,1992,2012
17048,1992,2012
17049,1992,2012
17050,1992,2012
17051,1992,2012
17052,1992,2012
17053,1992,2012
17054,1992,2012
17055,1992,2012
17056,1992,2012
17057,1992,2012
17058,1992,2012
17059,1992,2012
17060,1992,2012
17061,1992,2012
17062,1992,2012
17063,1992,2012
17064,1992,2012
17065,1992,2012
17066,1992,2012
17067,1992,2012
17068,1992,2012
17069,1992,2012
17070,1992,2012
17071,1992,2012
17072,1992,2012
17073,1992,2012
17074,1992,2012
17075,1992,2012
17076,1992,2012
17077,1992,2012
17078,1992,2012
17079,1992,2012
17080,1992,2012
17081,1992,2012
17082,1992,2012
17083,1992,2012
17084,1992,2012
17085,1992,2012
17086,1992,2012
17087,1992,2012
17088,1992,2012
17089,1992,2012
17090,1992,2012
17091,1992,2012
17092,1992,2012
17093,1992,2012
17094,1992,2012
17095,1992,2012
17096,1992,2012
17097,1992,2012
17098,1992,2012
17099,1992,2012
17100,1992,2012
17101,1992,2012
17102,1992,2012
17103,1992,2012
17104,1992,2012
17105,1992,2012
17106,1992,2012
17107,1992,2012
17108,1992,2012
17109,1992,2012
17110,1992,2012
17111,1992,2012
17112,1992,2012
17113,1992,2012
17114,1992,2012
17115,1992,2012
17116,1992,2012
17117,1992,2012
17118,1992,2012
17119,1992,2012
17120,1992,2012
17121,1992,2012
17122,1992,2012
17123,1992,2012
17124,1992,2012
17125,1992,2012
17126,1992,2012
17127,1992,2012
17128,1992,2012
17129,1992,2012
17130,1992,2012
17131,1992,2012
17132,1992,2012
17133,1992,2012
17134,1992,2012
17135,1992,2012
17136,1992,2012
17137,1992,2012
17138,1992,2012
17139,1992,2012
17140,1992,2012
17141,1992,2012
17142,1992,2012
17143,1992,2012
17144,1992,2012
17145,1992,2012
17146,1992,2012
17147,1992,2012
17148,1992,2012
17149,1992,2012
17150,1992,2012
17151,1992,2012
17152,1992,2012
17153,1992,2012
17154,1992,2012
17155,1992,2012
17156,1992,2012
17157,1992,2012
17158,1992,2012
17159,1992,2012
17160,1992,2012
17161,1992,2012
17162,1992,2012
17163,1992,2012
17164,1992,2012
17165,1992,2012
17166,1992,2012
17167,1992,2012
17168,1992,2012
17169,1992,2012
17170,1992,2012
17171,1992,2012
17172,1992,2012
17173,1992,2012
17174,1992,2012
17175,1992,2012
17176,1992,2012
17177,1992,2012
17178,1992,2012
17179,1992,2012
17180,1992,2012
17181,1992,2012
17182,1992,2012
17183,1992,2012
17184,1992,2012
17185,1992,2012
17186,1992,2012
17187,1992,2012
17188,1992,2012
17189,1992,2012
17190,1992,2012
17191,1992,2012
17192,1992,2012
17193,1992,2012
17194,1992,2012
17195,1992,2012
17196,1992,2012
17197,1992,2012
17198,1992,2012
17199,1992,2012
17200,1992,2012
17201,1992,2012
17202,1992,2012
17203,1992,2012
17204,1992,2012
17205,1992,2012
17206,1992,2012
17207,1992,2012
17208,1992,2012
17209,1992,2012
17210,1992,2012
17211,1992,2012
17212,1992,2012
17213,1992,2012
17214,1992,2012
17215,1992,2012
17216,1992,2012
17217,1992,2012
17218,1992,2012
17219,1992,2012
17220,1992,2012
17221,1992,2012
17222,1992,2012
17223,1992,2012
17224,1992,2012
17225,1992,2012
17226,1992,2012
17227,1992,2012
17228,1992,2012
17229,1992,2012
17230,1992,2012
17231,1992,2012
17232,1992,2012
17233,1992,2012
17234,1992,2012
17235,1992,2012
17236,1992,2012
17237,1992,2012
17238,1992,2012
17239,1992,2012
17240,1992,2012
17241,1992,2012
17242,1992,2012
17243,1992,2012
17244,1992,2012
17245,1992,2012
17246,1992,2012
17247,1992,2012
17248,1992,2012
17249,1992,2012
17250,1992,2012
17251,1992,2012
17252,1992,2012
17253,1992,2012
17254,1992,2012
17255,1992,2012
17256,1992,2012
17257,1992,2012
17258,1992,2012
17259,1992,2012
17260,1992,2012
17261,1992,2012
17262,1992,2012
17263,1992,2012
17264,1992,2012
17265,1992,2012
17266,1992,2012
17267,1992,2012
17268,1992,2012
17269,1992,2012
17270,1992,2012
17271,1992,2012
17272,1992,2012
17273,1992,2012
17274,1992,2012
17275,1992,2012
17276,1992,2012
17277,1992,2012
17278,1992,2012
17279,1992,2012
17280,1992,2012
17281,1992,2012
17282,1992,2012
17283,1992,2012
17284,1992,2012
17285,1992,2012
17286,1992,2012
17287,1992,2012
17288,1992,2012
17289,1992,2012
17290,1992,2012
17291,1992,2012
17292,1992,2012
17293,1992,2012
17294,1992,2012
17295,1992,2012
17296,1992,2012
17297,1992,2012
17298,1992,2012
17299,1992,2012
17300,1992,2012
17301,1992,2012
17302,1992,2012
17303,1992,2012
17304,1992,2012
17305,1992,2012
17306,1992,2012
17307,1992,2012
17308,1992,2012
17309,1992,2012
17310,1992,2012
17311,1992,2012
17312,1992,2012
17313,1992,2012
17314,1992,2012
17315,1992,2012
17316,1992,2012
17317,1992,2012
17318,1992,2012
17319,1992,2012
17320,1992,2012
17321,1992,2012
17322,1992,2012
17323,1992,2012
17324,1992,2012
17325,1992,2012
17326,1992,2012
17327,1992,2012
17328,1992,2012
17329,1992,2012
17330,1992,2012
17331,1992,2012
17332,1992,2012
17333,1992,2012
17334,1992,2012
17335,1992,2012
17336,1992,2012
17337,1992,2012
17338,1992,2012
17339,1992,2012
17340,1992,2012
17341,1992,2012
17342,1992,2012
17343,1992,2012
17344,1992,2012
17345,1992,2012
17346,1992,2012
17347,1992,2012
17348,1992,2012
17349,1992,2012
17350,1992,2012
17351,1992,2012
17352,1992,2012
17353,1992,2012
17354,1992,2012
17355,1992,2012
17356,1992,2012
17357,1992,2012
17358,1992,2012
17359,1992,2012
17360,1992,2012
17361,1992,2012
17362,1992,2012
17363,1992,2012
17364,1992,2012
17365,1992,2012
17366,1992,2012
17367,1992,2012
17368,1992,2012
17369,1992,2012
17370,1992,2012
17371,1992,2012
17372,1992,2012
17373,1992,2012
17374,1992,2012
17375,1992,2012
17376,1992,2012
17377,1992,2012
17378,1992,2012
17379,1992,2012
17380,1992,2012
17381,1992,2012
17382,1992,2012
17383,1992,2012
17384,1992,2012
17385,1992,2012
17386,1992,2012
17387,1992,2012
17388,1992,2012
17389,1992,2012
17390,1992,2012
17391,1992,2012
17392,1992,2012
17393,1992,2012
17394,1992,2012
17395,1992,2012
17396,1992,2012
17397,1992,2012
17506,1996,2008
18260,2003,2004
18471,1998,2000
18479,2010,2014
18480,2011,2014
18499,1991,2009
18513,2001,2002
18531,2003,2009
18532,2003,2009
18533,2003,2009
18535,2003,2009
19127,1978,2010
19128,1976,2008
19129,1950,2010
19130,1956,2010
19131,1956,2010
19132,1950,2011
19169,1950,2009
19170,1957,2008
19171,1950,2006
19197,1963,2012
19198,1986,2004
19199,1986,2005
19200,1950,2011
19201,1965,2009
19202,1975,2009
19296,1984,2011
19297,1950,2013
19298,1986,2012
19299,1984,2011
19300,1950,2013
19302,1956,2010
19303,1956,2009
19319,1962,2005
19320,1950,2006
19321,1972,2012
19322,1955,2010
19323,1974,2012
19324,1950,2011
19325,1961,2002
19326,1950,2008
19348,2000,2010
19349,1999,2010
19350,1991,2010
19351,2007,2010
19352,1995,2010
19353,1990,2010
19354,1994,2007
19355,1994,2007
19356,1990,2006
19357,1990,2006
19358,1990,2006
19359,1995,2007
19360,1995,2007
19361,1995,2007
19362,1990,2007
19363,1995,2010
19364,1995,2010
19370,1957,2007
19371,1952,2006
19536,1986,1999
19578,1994,2007
19579,2005,2009
19580,2005,2009
19582,1992,2005
19584,2010,2011
19588,2004,2010
19590,1992,2005
19592,1982,1992
19593,1993,2012
19602,2010,2011
19605,1992,2000
19606,2007,2015
19609,2007,2015
19610,1999,2015
19612,2005,2014
19618,2010,2011
19619,1998,2006
19621,1987,2012
19622,1992,2000
19625,1978,2006
19627,1978,2012
19631,1987,1991
19643,2007,2011
19644,2007,2011
19653,1992,2000
19655,1992,2013
19656,1994,2003
19659,2010,2011
19660,1997,2008
19665,1990,2015
19666,1990,2015
19667,2001,2012
19699,2003,2004
19808,2003,2004
19817,2003,2004
19818,2003,2004
19819,2003,2004
19821,2003,2004
19822,2003,2004
23313,2008,2016
23315,1994,2009
23316,1994,2009
25274,2009,2010
25407,1986,2009
25411,1974,2000
25413,1974,2000
25414,1974,2000
25415,1974,2000
25418,1974,2000
25419,1974,2000
25420,1974,2000
25421,1974,2000
25422,1974,2000
25423,1974,2000
25424,1974,2000
25426,1974,2000
25427,1974,2000
25428,1974,2000
25429,1974,2000
25568,2001,2015
25569,2002,2015
25570,2001,2015
25571,2001,2015
25572,2001,2015
25573,2002,2015
25588,2000,2001
25589,2000,2001
25590,2000,2001
25591,2000,2001
25593,2000,2001
25594,2000,2001
25595,2000,2001
25596,2000,2001
25597,2000,2001
25598,2000,2001
25599,2000,2001
25600,2000,2001
25601,2000,2001
25602,2000,2001
25603,2000,2001
25636,1994,2011
25637,1994,2011
25679,2011,2014
25680,2011,2014
25681,2011,2014
25682,2011,2014
25683,2011,2014
25684,2011,2014
25685,2011,2014
25686,2011,2014
25687,2011,2014
25688,2011,2014
25689,2011,2014
25690,2011,2014
25691,2011,2014
25692,2011,2014
25693,2011,2014
25694,2011,2014
25695,2011,2014
25696,2011,2014
25697,2011,2014
25698,2011,2014
25699,2011,2014
25700,2011,2014
25701,2011,2014
25702,2011,2014
25703,2011,2014
25704,2011,2014
25705,2011,2014
25706,2011,2014
25707,2011,2014
25708,2011,2014
25709,2011,2014
25710,2011,2014
25711,2011,2014
25712,2011,2014
25713,2011,2014
25714,2011,2014
25715,2011,2014
25716,2011,2014
25717,2011,2014
25718,2011,2014
25719,2011,2014
25720,2011,2014
25721,2011,2014
25722,2011,2014
25723,2011,2014
25724,2011,2014
25725,2011,2014
25726,2011,2014
25727,2011,2014
25728,2011,2014
25729,2011,2014
25730,2011,2014
25731,2011,2014
25732,2011,2014
25733,2011,2014
25734,2011,2014
25735,2011,2014
25736,2011,2014
25737,2011,2014
25738,2011,2014
25739,2011,2013
25740,2011,2013
25741,2011,2013
25742,2011,2013
25743,2011,2014
25744,2011,2014
25745,2011,2014
25746,2011,2014
25747,2011,2014
25748,2011,2014
25749,2011,2014
25750,2011,2014
25751,2011,2014
25752,2012,2013
25753,2012,2013
25754,2012,2013
25755,2012,2013
25756,2012,2013
25757,2012,2013
25758,2012,2013
25759,2012,2014
25760,2012,2014
25761,2012,2014
25762,2012,2014
25763,2011,2014
25764,2011,2014
25765,2011,2014
25766,2011,2014
25767,2011,2014
25768,2011,2014
25769,2011,2014
25770,2011,2014
25771,2011,2014
25772,2011,2014
25773,2011,2014
25774,2011,2014
25775,2011,2014
25776,2011,2014
25777,2011,2014
25778,2011,2014
25779,2011,2014
25780,2011,2014
25781,2011,2014
25782,2011,2014
25783,2011,2014
25784,2011,2014
25785,2011,2014
25786,2011,2014
25787,2011,2014
25788,2011,2013
25789,2011,2013
25790,2011,2013
25791,2011,2013
25792,2011,2013
25793,2011,2013
25794,2011,2013
25795,2011,2013
25796,2011,2013
25797,2011,2013
25798,2011,2013
25799,2011,2013
25800,2011,2013
25801,2011,2013
25802,2011,2013
25803,2011,2013
25804,2011,2013
25805,2011,2013
25806,2011,2013
25807,2011,2014
25808,2011,2014
25809,2011,2014
25810,2011,2014
25811,2011,2014
25812,2011,2014
25813,2011,2014
25814,2011,2014
25815,2011,2014
25816,2011,2014
25817,2011,2014
25818,2011,2014
25819,2011,2014
25820,2011,2014
25821,2011,2014
25822,2011,2014
25823,2011,2014
25824,2011,2014
25825,2011,2014
25826,2011,2014
25827,2011,2014
25828,2011,2014
25829,2011,2014
25830,2011,2014
25831,2011,2014
25832,2011,2014
25833,2011,2014
25834,2011,2014
25835,2011,2014
25836,2011,2014
25837,2011,2014
25838,2011,2014
25839,2011,2014
25840,2011,2014
25841,2011,2014
25842,2011,2014
25843,2011,2014
25844,2011,2014
25845,2011,2014
25846,2011,2014
25847,2011,2014
25848,2011,2014
25849,2011,2014
25850,2011,2014
25851,2011,2014
25852,2011,2014
25853,2011,2014
25854,2011,2014
25855,2011,2014
25856,2011,2014
25857,2011,2014
25858,2011,2013
25859,2011,2013
25860,2011,2013
25861,2011,2013
25862,2011,2013
25863,2011,2013
25864,2011,2013
25865,2011,2013
25866,2011,2013
25867,2011,2013
25868,2011,2013
25869,2011,2013
25870,2011,2013
25871,2011,2013
25872,2011,2014
25873,2011,2014
25874,2011,2014
25875,2011,2014
25876,2011,2014
25877,2011,2014
25878,2011,2014
25879,2011,2013
25880,2011,2013
25881,2011,2013
25882,2011,2013
25883,2011,2013
25884,2011,2013
25885,2011,2013
25886,2011,2013
25887,2011,2013
25888,2012,2013
25889,2012,2013
25890,2012,2013
25891,2012,2013
25892,2012,2013
25893,2012,2014
25894,2012,2014
25895,2012,2014
25896,2012,2014
25897,2012,2014
25898,2012,2014
25899,2011,2014
25900,2011,2014
25901,2011,2014
25902,2011,2014
25903,2011,2014
25904,2011,2014
25905,2011,2014
25906,2011,2014
25907,2011,2014
25908,2011,2014
25909,2011,2014
25910,2011,2014
25911,2011,2014
25912,2011,2014
25913,2011,2014
25914,2011,2014
25915,2011,2014
25916,2011,2014
25917,2011,2014
25918,2011,2014
25919,2011,2014
25920,2011,2014
25921,2011,2014
25922,2011,2014
25923,2011,2014
25924,2011,2014
25925,2011,2014
25926,2011,2014
25927,2011,2014
25928,2012,2014
25929,2012,2014
25930,2012,2014
25931,2012,2014
25932,2012,2014
25933,2012,2014
25934,2012,2014
25935,2012,2014
25936,2012,2014
25937,2012,2014
25938,2012,2014
25939,2012,2014
25940,2012,2014
25941,2012,2014
25942,2012,2014
25943,2012,2014
25944,2012,2014
25945,2012,2014
25946,2012,2014
25947,2012,2014
25948,2012,2014
25949,2012,2014
25950,2012,2014
25951,2012,2014
25952,2012,2014
25953,2010,2012
25954,2011,2013
25955,2011,2013
25956,2011,2013
25957,2011,2013
25958,2011,2013
25959,2011,2013
25960,2011,2013
25961,2011,2013
25962,2011,2013
25963,2011,2013
25964,2011,2013
25965,2011,2013
25966,2011,2013
25967,2011,2013
25968,2011,2013
25969,2011,2013
25970,2011,2013
25971,2011,2013
25972,2011,2013
25973,2011,2013
25974,2011,2013
25975,2011,2013
25976,2011,2013
25977,2011,2013
25978,2011,2013
25979,2011,2013
25980,2011,2013
25981,2012,2014
25982,2012,2014
25983,2012,2014
25984,2012,2014
25985,2012,2014
25986,2012,2014
25987,2012,2014
25988,2012,2014
25989,2012,2014
25990,2012,2014
25991,2012,2014
25992,2012,2014
25993,2012,2014
25994,2012,2014
25995,2012,2014
25996,2012,2014
25997,2012,2014
25998,2012,2014
25999,2012,2014
26000,2012,2014
26001,2012,2014
26002,2012,2014
26003,2012,2014
26004,2012,2014
26005,2012,2014
26006,2012,2014
26007,2012,2014
26008,2012,2014
26009,2012,2014
26010,2012,2014
26011,2012,2014
26012,2012,2014
26013,2012,2014
26014,2012,2014
26015,2012,2014
26016,2012,2014
26017,2012,2014
26018,2012,2014
26019,2012,2014
26020,2012,2014
26021,2012,2014
26022,2012,2014
26023,2012,2014
26024,2012,2014
26025,2012,2014
26026,2012,2014
26027,2012,2014
26028,2012,2014
26029,2012,2014
26030,2012,2014
26031,2012,2014
26032,2012,2014
26033,2012,2014
26034,2012,2014
26035,2012,2014
26036,2012,2014
26037,2012,2014
26038,2012,2014
26039,2012,2014
26040,2011,2014
26041,2011,2014
26042,2011,2014
26043,2011,2014
26044,2011,2014
26045,2011,2014
26046,2011,2014
26047,2011,2014
26048,2011,2014
26049,2011,2014
26050,2011,2014
26051,2012,2014
26052,2012,2014
26053,2012,2014
26054,2012,2014
26055,2012,2014
26056,2012,2014
26057,2012,2014
26058,2012,2014
26059,2012,2014
26060,2012,2014
26061,2012,2014
26062,2012,2014
26063,2012,2014
26064,2012,2014
26065,2012,2014
26066,2012,2014
26067,2012,2014
26068,2012,2014
26069,2012,2014
26070,2012,2014
26071,2012,2014
26072,2012,2014
26073,2012,2014
26074,2012,2014
26075,2012,2014
26076,2007,2011
26077,2007,2011
26078,2007,2011
26079,2007,2011
26080,2007,2011
26081,2007,2011
26082,2007,2011
26083,2007,2011
26084,2007,2011
26085,2007,2011
26086,2007,2011
26087,2007,2011
26088,2007,2011
26089,2007,2011
26090,2007,2011
26091,2007,2011
26092,2007,2011
26093,2007,2011
26094,2007,2011
26095,2007,2011
26096,2007,2011
26097,2007,2011
26098,2007,2011
26099,2007,2011
26100,2007,2011
26101,2007,2011
26102,2007,2011
26103,2007,2011
26104,2007,2011
26105,2007,2011
26106,2007,2011
26107,2007,2011
26108,2007,2011
26109,2007,2011
26110,2007,2011
26111,2007,2011
26112,2007,2011
26113,2007,2011
26114,2007,2011
26115,2007,2011
26116,2007,2011
26117,2007,2011
26118,2007,2011
26119,2007,2011
26120,2007,2011
26121,2007,2011
26122,2007,2011
26123,2007,2011
26124,2007,2011
26125,2007,2011
26126,2007,2011
26127,2007,2011
26128,2007,2011
26129,2007,2011
26130,2007,2011
26131,2007,2011
26132,2007,2011
26133,2007,2011
26134,2007,2011
26135,2007,2011
26136,2007,2011
26137,2007,2011
26138,2007,2011
26139,2007,2011
26140,2007,2011
26141,2007,2011
26142,2007,2011
26143,2007,2011
26144,2007,2009
26145,2007,2011
26146,2007,2011
26147,2007,2011
26148,2007,2011
26149,2007,2011
26150,2007,2011
26151,2007,2011
26152,2007,2011
26153,2007,2011
26154,2007,2011
26155,2007,2011
26156,2007,2011
26157,2007,2011
26158,2007,2011
26159,2007,2011
26160,2007,2011
26161,2007,2011
26162,2007,2011
26163,2007,2011
26164,2007,2011
26165,2007,2011
26166,2007,2011
26167,2007,2011
26168,2007,2011
26169,2007,2011
26170,2007,2011
26171,2007,2011
26172,2007,2011
26173,2007,2011
26174,2007,2011
26175,2007,2011
26176,2007,2011
26177,2007,2011
26178,2007,2011
26179,2007,2011
26180,2007,2011
26181,2007,2011
26182,2007,2011
26183,2007,2011
26184,2007,2011
26185,2007,2011
26186,2007,2011
26187,2007,2011
26188,2007,2011
26189,2007,2011
26190,2007,2011
26191,2007,2011
26192,2007,2011
26193,2007,2011
26194,2007,2011
26195,2007,2011
26196,2007,2011
26197,2007,2011
26198,2007,2011
26199,2007,2011
26200,2007,2011
26201,2007,2011
26202,2007,2011
26203,2007,2011
26204,2007,2011
26205,2007,2011
26206,2007,2011
26207,2007,2011
26208,2007,2011
26209,2007,2011
26210,2007,2011
26211,2007,2011
26212,2007,2011
26213,2007,2011
26214,2007,2011
26215,2007,2011
26216,2007,2011
26217,2007,2011
26218,2007,2011
26219,2007,2011
26220,2007,2011
26221,2007,2011
26222,2007,2011
26223,2007,2011
26224,2007,2011
26225,2007,2011
26226,2007,2011
26227,2007,2011
26228,2007,2011
26229,2007,2011
26230,2007,2011
26231,2007,2011
26232,2007,2011
26233,2007,2011
26234,2007,2011
26235,2007,2011
26236,2007,2011
26237,2007,2011
26238,2007,2011
26239,2007,2011
26240,2007,2011
26241,2007,2011
26242,2007,2011
26243,2007,2011
26244,2007,2011
26245,2007,2011
26246,2007,2011
26247,2007,2011
26248,2007,2011
26249,2007,2011
26250,2007,2011
26251,2007,2011
26252,2007,2011
26253,2007,2011
26254,2007,2011
26255,2007,2011
26256,2007,2011
26257,2007,2011
26258,2007,2011
26259,2007,2011
26260,2007,2011
26261,2007,2011
26262,2007,2011
26263,2007,2011
26264,2007,2011
26265,2007,2011
26266,2007,2011
26267,2007,2011
26268,2007,2011
26269,2007,2011
26270,2007,2011
26271,2007,2011
26272,2007,2011
26273,2007,2011
26274,2007,2011
26275,2007,2011
26276,2007,2011
26277,2007,2011
26278,2007,2011
26279,2007,2011
26280,2007,2011
26281,2007,2011
26282,2007,2011
26283,2007,2011
26284,2007,2011
26285,2007,2011
26286,2007,2011
26287,2007,2011
26288,2007,2011
26289,2007,2011
26290,2007,2011
26291,2007,2011
26292,2007,2011
26293,2007,2011
26294,2007,2011
26295,2007,2011
26296,2007,2011
26297,2007,2011
26298,2007,2011
26299,2007,2011
26300,2007,2011
26301,2007,2011
26302,2007,2011
26303,2007,2011
26304,2007,2011
26305,2007,2011
26306,2007,2011
26307,2007,2011
26308,2007,2011
26309,2007,2011
26310,2007,2011
26311,2007,2011
26312,2007,2011
26313,2007,2011
26314,2007,2011
26315,2007,2011
26316,2007,2011
26317,2007,2011
26318,2007,2011
26319,2007,2011
26320,2007,2011
26321,2007,2011
26322,2007,2011
26323,2007,2011
26324,2007,2011
26325,2007,2011
26326,2007,2011
26327,2007,2011
26328,2007,2011
26329,2007,2011
26330,2007,2011
26331,2007,2011
26332,2007,2011
26333,2007,2011
26334,2007,2011
26335,2007,2011
26336,2007,2011
26337,2007,2011
26338,2007,2011
26339,2007,2011
26340,2007,2011
26341,2007,2011
26342,2007,2011
26343,2007,2011
26344,2007,2011
26345,2007,2011
26346,2007,2011
26347,2007,2011
26348,2007,2011
26897,1980,2011
26901,1980,2011
26904,1980,2011
26906,1980,2011
26908,1980,2011
26909,1980,2011
26910,1980,2011
26911,1980,2011
26912,1980,2011
26913,1980,2011
26914,1980,2011
26915,1980,2011
26916,1980,2011
26917,1980,2011
26918,1980,2011
26919,1980,2011
26920,1980,2011
26921,1980,2011
26922,1980,2011
26923,1980,2011
26924,1980,2011
26925,1980,2011
26926,1980,2011
26927,1980,2011
