"LPI_final" "CI_low" "CI_high"
"1970" 1 1 1
"1971" 1.01414276921801 0.968238786236765 1.09913584387762
"1972" 1.0939952184456 0.980047826757355 1.2281918747383
"1973" 1.11639904291733 0.977592430052934 1.27243914618359
"1974" 1.13802832286425 0.983630997645778 1.31003572676874
"1975" 1.16966427548758 1.01515616503547 1.34069038047112
"1976" 1.54971349253854 1.13180673879806 2.34790991104851
"1977" 1.97116195817013 1.31866810028211 3.51372532465712
"1978" 2.0176763757512 1.37514569789372 3.53916960808935
"1979" 2.16928388865932 1.46487184160961 3.7524554799502
"1980" 2.32359308712789 1.54951635221171 4.07312568355532
"1981" 2.47705721319859 1.66853794662588 4.36097136032748
"1982" 2.61709359367286 1.75840141762833 4.70257517988673
"1983" 2.84063229559268 1.90066343979635 5.04465647714749
"1984" 3.02189676167686 2.06415539123377 5.26657874031338
"1985" 3.18416263980384 2.17198863214236 5.60932960528504
"1986" 3.35673997759699 2.24602139711127 5.91395346766911
"1987" 3.54754533463433 2.38243914092536 6.41871453180598
"1988" 4.21791338889038 2.59297490695064 7.71464789743915
"1989" 4.30993438765217 2.50783366935349 8.20564720282908
"1990" 4.32125298244475 2.52261334841893 8.17958657659075
"1991" 4.2586825678294 2.45277906762285 7.94687567327121
"1992" 4.57451563782237 2.46210237715766 8.68733428826435
"1993" 4.84594184609058 2.52357385704598 10.6130999872869
"1994" 5.10945743027966 2.66314199470094 11.6832364128348
"1995" 5.49080275001778 2.73926583515769 12.400812263049
"1996" 5.73673913943548 2.71207785707241 12.964759454871
"1997" 5.41277741752609 2.57103450041923 11.5902809180408
"1998" 5.13883230449245 2.45856382645093 10.6887639478156
"1999" 4.83500024903153 2.27688141456683 10.4102824426607
"2000" 4.52416834399074 2.10392472138249 9.62725531122241
"2001" 4.36254607905313 1.99100445208094 9.18023635886275
"2002" 4.74263001216168 2.09140841952157 10.4951826677623
"2003" 5.14636917419466 2.12161618571642 11.4409678555874
"2004" 5.67161529451211 2.47548216624972 12.7126348334286
"2005" 6.38233866841157 2.70756967264948 14.4174511845573
"2006" 6.23593385233916 2.64378372936963 14.4512525774158
"2007" 6.13492072346444 2.58139606692136 13.9945859177661
"2008" 6.0329199719029 2.50959272969918 14.62054200631
"2009" 6.07299837638937 2.54910688934071 14.8088583379581
"2010" 6.0000692442575 2.66485496228747 14.2811845764656
"2011" 5.92161461845571 2.60666499951198 14.3858134176655
"2012" 5.85330492621191 2.5535042392239 14.6532815888508
"2013" 5.82814859735738 2.46179230149966 15.012437466952
"2014" 5.70511382099294 2.39248844725378 14.5730763314469
"2015" -99 NA NA
"2016" -99 NA NA
"2017" -99 NA NA
"2018" -99 NA NA
"2019" -99 NA NA
