population_id,1970,1971,1972,1973,1974,1975,1976,1977,1978,1979,1980,1981,1982,1983,1984,1985,1986,1987,1988,1989,1990,1991,1992,1993,1994,1995,1996,1997,1998,1999,2000,2001,2002,2003,2004,2005,2006,2007,2008,2009,2010,2011,2012,2013,2014
5689,1,-0.0166563273076505,-0.0170166509786389,-0.0168261852956579,-0.0166232106009634,-0.0173536747005691,-0.0186619827983998,-0.0183224669824122,-0.0143550567073056,-0.00758292187263265,-0.00115201671441678,0.00257925768033473,0.00383825911477853,0.00408985140997142,0.00405426883293458,0.00368026126757925,0.00316612916129433,0.00296840268344756,0.00307122911085589,0.00305722805628861,0.00286480200441641,0.00289542981684843,0.00335562036922976,0.00392354102076986,0.00409128503375289,0.00355197693518239,0.0023420713152893,0.000913051698050005,-5.34668157383678e-05,-0.00024816187875043,-6.95034856033061e-05,-1,-1,-1,-1,-1,-1,-1,-1,-1,-1,-1,-1,-1,-1
9157,1,-1,-1,-1,-1,-1,-1,-1,-1,-1,-1,-1,-1,-1,-1,-1,-1,-1,-1,-1,-1,-1,0.170213230475851,0.170213230475852,-0.187568330792139,-0.18756833079214,-0.187568330792139,0.103581088140884,0.103581088140883,0.103581088140883,0.103581088140883,0.103581088140883,0.0265405288908132,0.0265405288908132,0.0265405288908132,0.0265405288908132,-0.124238162160215,-0.124238162160215,-0.124238162160215,0.00857748071279252,0.00857748071279252,0.00857748071279252,0.00857748071279252,0.00857748071279207,0.00857748071279252
9172,1,-1,-1,-1,-1,-1,-1,-1,-1,-1,-1,-1,-1,-1,-1,-1,-1,-1,-1,-1,-1,-1,-1,-1,-1,-1,-1,-0.102240208858388,-0.102240208858388,-0.102240208858387,-0.102240208858388,-0.102240208858387,0.262837359186924,0.262837359186924,0.262837359186924,0.262837359186924,-1,-1,-1,-1,-1,-1,-1,-1,-1
2218,1,0.0234665505146712,0.0234665505146703,0.0234665505146703,0.0234665505146703,0.0234665505146712,0.00930856668365365,0.00930856668365365,0.00930856668365365,0.00930856668365365,0.00930856668365365,-0.00434384993864789,-0.004343849938647,-0.004343849938647,-0.004343849938647,-0.00434384993864789,-0.0132039599979308,-0.0132039599979308,-0.0132039599979308,-0.0132039599979308,-0.0132039599979308,-0.0120378966950776,-0.0120378966950767,-0.0120378966950776,-0.0120378966950776,-0.0120378966950776,-0.0120378966950776,-0.0120378966950776,-0.0120378966950776,-0.0120378966950776,-0.0120378966950776,-0.0120378966950767,-0.0120378966950776,-0.0120378966950776,-0.0120378966950776,-0.0120378966950776,-0.0120378966950776,-1,-1,-1,-1,-1,-1,-1,-1
2219,1,0.0072752167770922,0.0072752167770922,0.0723910828671945,0.0723910828671954,0.0723910828671945,0.0217649565274121,0.0217649565274112,0.0217649565274112,0.0217649565274112,0.0217649565274112,-0.0181843255573577,-0.0181843255573568,-0.0181843255573577,-0.0181843255573568,-0.0181843255573577,-1,-1,-1,-1,-1,-1,-1,-1,-1,-1,-1,-1,-1,-1,-1,-1,-1,-1,-1,-1,-1,-1,-1,-1,-1,-1,-1,-1,-1
23449,1,-1,-1,-1,-1,-1,0.014715473705925,0.0147154737059254,0.0147154737059254,0.014715473705925,0.0147154737059254,0.00112077550359979,0.00112077550359935,0.00112077550359979,0.00112077550359979,0.00112077550359979,-0.00393023276453386,-0.00393023276453386,-0.0039302327645343,-0.00393023276453386,-0.00393023276453386,-0.00393023276453386,-0.00393023276453386,-0.00393023276453386,-0.0039302327645343,-0.00393023276453386,-0.00393023276453386,-0.00393023276453386,-0.00393023276453386,-0.00393023276453386,-0.0039302327645343,-0.00393023276453386,-0.00393023276453386,-0.00393023276453386,-0.00393023276453386,-0.0039302327645343,-0.00393023276453386,-1,-1,-1,-1,-1,-1,-1,-1
2217,1,-1,-1,-1,-1,-1,0.00930856668365365,0.00930856668365365,0.00930856668365365,0.00930856668365365,0.00930856668365365,-0.00434384993864789,-0.004343849938647,-0.004343849938647,-0.004343849938647,-0.00434384993864789,-0.0132039599979308,-0.0132039599979308,-0.0132039599979308,-0.0132039599979308,-0.0132039599979308,-1,-1,-1,-1,-1,-1,-1,-1,-1,-1,-1,-1,-1,-1,-1,-1,-1,-1,-1,-1,-1,-1,-1,-1
4860,1,0.00304878997767943,0.00278811903270082,0.00220591800165248,0.000555173805198095,-0.00209044578559769,-0.00504858102638917,-0.00783839244552542,-0.0106180639125313,-0.0137508874416676,-0.0171021127117745,-0.0200913430465244,-0.0225757637636672,-0.0253698328228396,-0.0294410984528,-0.034606992539512,-0.0395244582678798,-0.0431937820408237,-0.0459642512736682,-0.0484911922605793,-0.0500466925824776,-0.0488537642502935,-0.0444376108671447,-0.0388889948150402,-0.0350494935537613,-0.0337262728495364,-0.0333873587915772,-0.0324373517167329,-0.0309193093837647,-0.0297843162546183,-0.0293811588070971,-1,-1,-1,-1,-1,-1,-1,-1,-1,-1,-1,-1,-1,-1
2210,1,-0.0382001137919774,-0.0382001137919774,-0.038200113791977,-0.0382001137919774,-0.0382001137919774,-0.0263231494244418,-0.0263231494244418,-0.0263231494244414,-0.0263231494244418,-0.0263231494244414,-0.0263231494244418,-0.015300771794013,-0.0153007717940135,-0.0153007717940135,-0.0153007717940135,-0.015300771794013,-0.0153007717940135,-0.0153007717940135,-0.0153007717940135,-0.0116653133026232,-0.0116653133026237,-0.0116653133026237,-0.0116653133026237,-0.0116653133026237,-0.0116653133026237,-0.0116653133026232,-0.0116653133026237,-0.0116653133026237,-0.0116653133026237,-0.0116653133026232,0.193819440804599,0.00430005249988463,0.00430005249988508,0.0124116991372838,0.0124116991372833,-1,-1,-1,-1,-1,-1,-1,-1,-1
2201,1,-1,-0.0414730920469237,-0.0414730920469237,0.0278283609213679,0.0278283609213683,0.0278283609213679,0.0278283609213683,-0.00861871591182206,-0.00861871591182206,-0.00861871591182206,-0.00861871591182206,-0.00861871591182206,0.0224799215929932,0.0224799215929932,0.0224799215929932,0.0224799215929927,0.0224799215929932,0.0162090651258939,0.0162090651258939,0.0162090651258935,0.0162090651258939,0.0162090651258935,0.0203803907307201,0.0203803907307196,0.0208308988529065,0.0208308988529065,0.0208308988529069,0.0208308988529065,0.0305051411554293,0.0305051411554302,0.0305051411554293,0.029596421948022,0.0295964219480229,0.029596421948022,0.029596421948022,0.029596421948022,-0.00592873011661421,-0.00592873011661421,0.0276282028333661,0.0276282028333661,0.0233866733037038,0.0233866733037047,0.0233866733037038,-1
2207,1,-1,-1,-1,-1,-1,-1,-1,-1,-1,-1,-1,-1,0.0054680531079998,0.00546805310800025,0.0054680531079998,0.0054680531079998,0.0054680531079998,0.00546805310800025,0.0054680531079998,0.0054680531079998,0.0530900301976427,-0.0573231764179698,0.0380281465130414,0.0380281465130414,-0.0194190800063239,-0.0194190800063243,0.0118585389683492,0.0118585389683497,0.028057214032041,0.028057214032041,0.0012913092749427,0.0012913092749427,-1,-1,-1,-1,-1,-1,-1,-1,-1,-1,-1,-1
2209,1,-1,-1,-1,-1,-1,-1,-1,-1,-1,-1,-1,-1,-1,-1,-1,-0.0292256071356474,-0.0292256071356478,-0.0292256071356474,-0.0292256071356478,-0.0292256071356474,-0.083546051450075,-0.00264009616620831,0.0430930738081416,0.0430930738081416,-0.0430930738081416,-0.0430930738081416,-0.0193762944960083,-0.0193762944960083,-0.0395906230238126,-0.0395906230238126,0.0230523936230194,0.0230523936230194,0.0165382294007932,0.0165382294007932,-1,-1,-1,-1,-1,-1,-1,-1,-1,-1
2208,1,-1,-1,-1,-1,-1,-1,-1,-1,-1,-1,-1,-1,-1,-1,-1,-0.0309803919971485,-0.0309803919971485,-0.030980391997149,-0.0309803919971485,-0.0309803919971485,-0.0669467896306131,-0.0791812460476251,-0.0539526986547596,-0.05395269865476,0.00549769215073193,0.00549769215073148,-0.0289959734888434,-0.0289959734888434,-0.121519024343147,-0.121519024343147,-0.150514997831991,-0.150514997831991,0.0322289946134591,0.0322289946134595,-1,-1,-1,-1,-1,-1,-1,-1,-1,-1
2205,1,-1,-1,-1,-1,-1,-1,-1,-1,-1,-1,-1,-1,-1,-1,-1,-0.0378639049578875,-0.0378639049578871,-0.0378639049578875,-0.0378639049578871,-0.0378639049578875,0.00798521032138355,0.00524305541237169,0.0721313868809954,0.0721313868809954,-0.0721313868809954,-0.0721313868809954,-0.0066141328668774,-0.00661413286687784,-0.0114919534603448,-0.0114919534603448,0.0114919534603453,0.0114919534603444,0.00661413286687784,0.0066141328668774,-1,-1,-1,-1,-1,-1,-1,-1,-1,-1
2204,1,-1,-1,-1,-1,-1,-1,-1,-1,-1,-1,-1,-1,-1,-1,-1,-0.0784220930022625,-0.0784220930022625,-0.0784220930022634,-0.0784220930022625,-0.0784220930022625,-0.0969100130080567,-0.07186029312488,-0.00804743861512502,-0.00804743861512458,-0.0440680443502757,-0.0440680443502757,-0.06246936830415,-0.06246936830415,-0.0395906230238126,-0.0395906230238126,0.0395906230238126,0.0395906230238126,-0.176091259055681,-1,-1,-1,-1,-1,-1,-1,-1,-1,-1,-1
2203,1,-1,-1,-1,-1,-1,-1,-1,-1,-1,-1,-1,-1,-1,-1,-1,-0.0934722834861015,-0.0934722834861015,-0.0934722834861015,-0.093472283486101,-0.093472283486101,-0.0147232568207065,-0.0821867561873502,-0.0261028025642047,-0.0176928144944735,-0.017692814494473,-0.0176928144944735,0.00747017489646851,0.00747017489646806,-0.00747017489646806,-0.00747017489646851,0,0,0.0791812460476247,-1,-1,-1,-1,-1,-1,-1,-1,-1,-1,-1
2206,1,-1,-1,-1,-1,-1,-1,-1,-1,-1,-1,-1,-1,-1,-1,-1,-1,-1,-1,-1,-1,-0.0400746432303118,-0.0791812460476247,-0.06246936830415,-0.06246936830415,-0.193608071640132,-0.193608071640132,0,0,0,0,0.15401744861632,0.15401744861632,0.0191113191843595,0.019111319184359,-1,-1,-1,-1,-1,-1,-1,-1,-1,-1
2211,1,-1,-1,-1,-1,-1,-1,-1,-1,-1,-1,-1,-1,-1,-1,-1,-1,-1,-1,-1,-1,-1,-0.0322744452114465,-0.0267407206798387,-0.0267407206798387,-0.0180583693092293,-0.0180583693092293,-0.0180550818663123,-0.0180550818663132,-0.0236972057513416,-0.0236972057513407,0.0117062432169082,0.0117062432169091,0.0129979687027291,0.0129979687027291,0.00361416795122604,0.00361416795122693,0.00361416795122693,0.00361416795122693,-1,-1,-1,-1,-1,-1
4807,1,-0.00274430514592927,-0.00274430514592972,-0.00274430514592927,-0.00274430514592972,-0.00274430514592927,-0.00274430514592972,-0.00274430514592927,-0.00274430514592972,-0.00274430514592927,-0.00274430514592927,-0.00274430514592972,-0.00274430514592927,-0.00274430514592972,-0.00274430514592927,-0.00274430514592972,-0.00274430514592927,-0.00274430514592972,-0.00274430514592927,-0.00274430514592972,-0.00274430514592927,-0.00274430514592972,-0.00274430514592927,-0.0705572303655333,-0.0705572303655337,-0.0705572303655333,-0.0705572303655333,-0.0705572303655337,-0.0705572303655333,-0.0705572303655333,-0.0705572303655337,-1,-1,-1,-1,-1,-1,-1,-1,-1,-1,-1,-1,-1,-1
4806,1,-0.0166305418300032,-0.0166305418300032,-0.0166305418300028,-0.0166305418300032,-0.0166305418300032,-0.0166305418300028,-0.0166305418300032,-0.0166305418300032,-0.0166305418300028,-0.0166305418300032,-0.0166305418300032,-0.0166305418300032,-0.0166305418300028,-0.0166305418300032,-0.0166305418300032,-0.0166305418300028,-0.0166305418300032,-0.0166305418300032,-0.0166305418300028,-0.0166305418300032,-0.0166305418300032,-0.0166305418300028,-0.0578161200878693,-0.0578161200878697,-0.0578161200878693,-0.0578161200878693,-0.0578161200878693,-0.0578161200878693,-0.0578161200878697,-0.0578161200878693,-1,-1,-1,-1,-1,-1,-1,-1,-1,-1,-1,-1,-1,-1
4805,1,-0.0123424639621823,-0.0123424639621827,-0.0123424639621823,-0.0123424639621823,-0.0123424639621823,-0.0123424639621823,-0.0123424639621823,-0.0123424639621823,-0.0123424639621823,-0.0123424639621823,-0.0123424639621823,-0.0123424639621827,-0.0123424639621823,-0.0123424639621823,-0.0123424639621823,-0.0123424639621823,-0.0123424639621823,-0.0123424639621823,-0.0123424639621823,-0.0123424639621823,-0.0123424639621823,-0.0123424639621827,-0.109326950571472,-0.109326950571472,-0.109326950571472,-0.109326950571472,-0.109326950571472,-0.109326950571472,-0.109326950571472,-0.109326950571472,-1,-1,-1,-1,-1,-1,-1,-1,-1,-1,-1,-1,-1,-1
4804,1,0.0549531268622923,0.0549531268622923,0.0549531268622923,0.054953126862292,0.0549531268622923,0.0549531268622925,0.054953126862292,0.054953126862292,0.0549531268622925,0.054953126862292,0.0549531268622925,0.054953126862292,0.054953126862292,0.0549531268622925,0.054953126862292,0.0549531268622925,0.054953126862292,0.0549531268622925,0.054953126862292,0.054953126862292,0.0549531268622925,0.054953126862292,-0.0513648377483973,-0.0513648377483973,-0.0513648377483973,-0.0513648377483973,-0.0513648377483973,-0.0513648377483977,-0.0513648377483973,-0.0513648377483973,-1,-1,-1,-1,-1,-1,-1,-1,-1,-1,-1,-1,-1,-1
4808,1,0.0566773729037913,0.0566773729037915,0.0566773729037915,0.0566773729037915,0.0566773729037915,0.0566773729037915,0.0566773729037915,0.0566773729037915,0.0566773729037915,0.0566773729037915,0.056677372903791,0.0566773729037915,0.0566773729037915,0.0566773729037915,0.0566773729037915,0.0566773729037915,0.0566773729037915,0.0566773729037915,0.0566773729037915,0.0566773729037915,0.0566773729037915,0.0566773729037915,-0.0446971937497587,-0.0446971937497587,-0.0446971937497587,-0.0446971937497587,-0.0446971937497582,-0.0446971937497587,-0.0446971937497587,-0.0446971937497587,-1,-1,-1,-1,-1,-1,-1,-1,-1,-1,-1,-1,-1,-1
11291,1,-0.00134805926007342,-0.00134805926007386,-0.00134805926007386,-0.00134805926007342,-0.00134805926007386,0.0179192126143537,0.0179192126143537,-0.037601550963648,-0.037601550963648,-0.069602955292956,-0.0696029552929565,-0.0981550052086915,0.0153116145783305,-0.00352472818610439,0.230062128062209,-0.0958694301472898,-0.0800730214778098,0.11260224630473,0.0320045453500684,0.0320045453500684,0.0320045453500684,-0.0932671005285819,0.0101475289783228,0.0215088341763354,0.0215088341763359,0.0215088341763354,0.0215088341763354,0.0215088341763354,0.00719460866987243,0.00719460866987243,0.00719460866987243,0.00719460866987243,0.053671367351193,0.053671367351193,0.0536713673511935,-1,-1,-1,-1,-1,-1,-1,-1,-1
11288,1,-0.00300310246497748,-0.00300310246497748,-0.00300310246497748,-0.00300310246497748,-0.00300310246497748,-0.00300310246497792,-0.00300310246497748,-0.00300310246497748,-0.00300310246497748,-0.00300310246497748,-0.00300310246497748,-0.00300310246497748,-0.00300310246497748,-0.00300310246497748,-0.00300310246497748,-0.00300310246497748,-0.00300310246497748,-0.00300310246497748,-0.00300310246497748,-0.00300310246497748,-0.00300310246497748,-0.00300310246497748,-0.064742788512874,-0.0647427885128735,-0.0647427885128735,-0.0647427885128735,-0.0647427885128735,-0.0647427885128735,-0.0647427885128735,-0.0647427885128735,-1,-1,-1,-1,-1,-1,-1,-1,-1,-1,-1,-1,-1,-1
9056,1,0.000345405296829915,0.00944801748688562,0.0249012718881827,0.0482132316815937,0.0791381158332879,0.113277342268651,0.143001136947401,0.166570424080906,0.183985203669172,0.195245475712193,0.200351240209972,0.199302497162508,0.19072083781384,0.169704214636397,0.138806198621535,0.105465729744342,0.0749300336229914,0.0494342356980693,0.031745330893409,0.0249251448185834,0.0274061304181921,0.0318583676751611,-1,-1,-1,-1,-1,-1,-1,-1,-1,-1,-1,-1,-1,-1,-1,-1,-1,-1,-1,-1,-1,-1
9055,1,-0.00129244580342247,-0.00113790624539178,0.00130271161779638,0.00242361348528486,-0.00130863816558602,-0.00508697889312759,0.00123165767662758,0.0156732840252003,0.0158693300272186,-0.0180935950545034,-0.0693997984817742,-0.0868436180814609,-0.0359307306940617,0.0547588935344081,0.112459142973995,0.0916056869863118,0.0189763598986763,-0.0377954911122023,-0.0388461626335497,-0.000310681390922385,0.0382023031213012,0.0561271888964199,-1,-1,-1,-1,-1,-1,-1,-1,-1,-1,-1,-1,-1,-1,-1,-1,-1,-1,-1,-1,-1,-1
5726,1,-1,-1,-1,-0.000195629468152547,-0.000195629468152436,-0.000195629468152547,-0.000195629468152547,-0.000195629468152436,-0.000195629468152547,-0.000195629468152436,-0.000195629468152547,-0.000195629468152547,-0.000195629468152436,-0.000195629468152547,-0.000195629468152436,-0.000195629468152436,-0.000195629468152547,-0.000195629468152436,-0.000195629468152658,-0.000195629468152436,-0.000195629468152547,-0.000195629468152436,-0.000195629468152547,-0.193124598354462,-0.112515086338632,0.00657038979464075,0.051587034221399,0.161567631970461,-1,-1,-1,-1,-1,-1,-1,-1,-1,-1,-1,-1,-1,-1,-1,-1
5725,1,-1,-1,-1,-0.0252883218084596,-0.0252883218084596,-0.0252883218084596,-0.0252883218084597,-0.0252883218084596,-0.0252883218084596,-0.0252883218084596,-0.0252883218084597,-0.0252883218084596,-0.0252883218084596,-0.0252883218084597,-0.0252883218084595,-0.0252883218084596,-0.0252883218084596,-0.0252883218084596,-0.0252883218084597,-0.0252883218084595,-0.0252883218084597,-0.0252883218084596,-0.0252883218084596,0.0467434035423262,0.0340797895722754,-0.144492272983979,0.0734289171585335,-0.00975983728915625,-1,-1,-1,-1,-1,-1,-1,-1,-1,-1,-1,-1,-1,-1,-1,-1
11290,1,-1,-1,-1,-1,0.187469113740687,0.176542909671401,0.147726692574156,0.0994937493966668,0.0430306526259034,-0.00049579394113497,-0.012005307096671,0.0125050476515565,0.0585179302094323,0.102060625260987,0.124085396838899,0.119414263122527,0.095186679321507,0.0627132384849456,0.0306279608493751,0.00367809254623186,-0.0154398754491312,-0.0257492454697421,-0.0257750964094727,-0.0183299168055928,-0.0100870442680319,-0.00260675002701882,0.00411096591744498,0.0100661035653506,0.0149239398179684,0.0173455822803787,0.016996307853832,0.0138761165383423,0.00877411160452279,0.00484670613490268,0.00288300340008707,-1,-1,-1,-1,-1,-1,-1,-1,-1
11289,1,-1,-1,-1,-1,-1,0.104116961576143,0.0906018673182456,0.0141334832017677,0.189433610160002,0.131459281977097,0.0562921337814535,0.0562921337814535,0.0562921337814535,0.0562921337814535,0.0562921337814535,0.0562921337814535,0.0208047643650882,0.0208047643650882,0.0208047643650882,0.0208047643650877,0.0208047643650882,0.0208047643650882,0.0208047643650882,0.0208047643650877,-0.108642411445208,-0.108642411445208,-0.108642411445208,-0.108642411445208,-0.108642411445209,-0.108642411445208,-0.221494692998902,-0.221494692998902,-0.221494692998901,-1,-1,-1,-1,-1,-1,-1,-1,-1,-1,-1
2195,1,-1,-1,-1,-1,-1,-0.0430056645098702,-0.0430056645098702,-0.0430056645098702,-0.0430056645098702,-0.0430056645098702,-0.0430056645098702,-0.0430056645098702,-0.0430056645098711,-0.0430056645098702,-0.0430056645098702,-0.0430056645098702,-0.0430056645098702,-0.0430056645098702,-0.0430056645098702,-0.0430056645098702,-0.0430056645098702,-0.0430056645098702,-0.0430056645098702,-0.0430056645098702,-0.0430056645098702,-0.0430056645098702,-0.0430056645098706,-1,-1,-1,-1,-1,-1,-1,-1,-1,-1,-1,-1,-1,-1,-1,-1,-1
23415,1,-1,-1,-1,-1,-1,-1,-1,0.0276076399886427,0.0276076399886426,-0.00895484265292645,-0.0232298407184748,0.0319630480096616,0.0178085687213341,-0.030176060667615,0.157925088205506,0.083038608731373,0.083038608731373,0.083038608731373,0.083038608731373,0.0226452223188004,-0.000949362607640669,-0.000949362607640669,-0.00094936260764078,-0.000949362607640669,-0.000949362607640669,-0.000949362607640669,-0.000949362607640669,-0.000949362607640669,-0.000949362607640669,-0.000949362607640669,-0.00094936260764078,-0.000949362607640669,-0.000949362607640669,-0.000949362607640669,-0.000949362607640669,-1,-1,-1,-1,-1,-1,-1,-1,-1
11286,1,-1,-1,-1,-1,-1,-1,-1,-0.0190232373134305,0.0215784585150749,0.0215784585150749,0.0976131347479712,0.0976131347479712,0.236680552923178,0.236680552923178,0.0101275429979073,0.0101275429979069,0.0101275429979069,-0.0191984620412073,0.215919722624101,0.0218284374956728,-0.100115152883268,0.216996246821944,0.0554088762368559,0.115775048324081,0.0783884594391093,0.0456323431120422,0.0456323431120422,0.0456323431120422,0.0456323431120422,0.0456323431120422,0.0456323431120418,-0.0978045436680861,0.05372271999908,0.0587780005531862,0.0430366715588382,0.0430366715588377,0.0430366715588382,0.0430366715588382,0.0270551680960507,0.0270551680960507,0.0270551680960502,0.0270551680960507,0.0270551680960507,-1
2198,1,-1,-1,-1,-1,-1,-1,-1,0.0879274200361064,0.088859123483036,0.0898533306528781,0.0906927416146275,0.0912981708381861,0.0913528762031615,0.0909732313461467,0.0909414729339415,0.0912306234502549,0.0909505361631484,0.0895592400804581,0.0857789979654684,0.0794572353248708,0.0715080177617882,0.0632319459800841,0.0554803769457783,0.0484424315945491,0.0420712884942458,0.0364855451149828,0.0319252715141709,0.0284878755672526,0.0260862649634186,0.0246662448713941,0.0242998468185838,0.0249233312210824,0.0260273384867746,0.0268213088523606,-1,-1,-1,-1,-1,-1,-1,-1,-1,-1
4644,1,-1,-1,-1,-1,-1,-1,-1,-1,-0.116505569071437,-0.0347621062592118,-0.380211241711606,0.146128035678238,-0.0669467896306132,-0.0430042850948544,-0.0430042850948544,-0.0430042850948545,-0.0430042850948544,-0.0430042850948544,-0.0430042850948544,-0.0430042850948545,0.477121254719662,0.0624693683041501,0.06246936830415,-0.176091259055681,0.273001272063738,-0.176091259055681,-1,-1,-1,-1,-1,-1,-1,-1,-1,-1,-1,-1,-1,-1,-1,-1,-1,-1
2196,1,-1,-1,-1,-1,-1,-1,-1,-1,0.0414673485928971,0.0452724012377583,0.0548157117659236,0.0711682203552009,0.0923694223152367,0.112238504952666,0.121835277857568,0.114017160574003,0.0884160148290318,0.0528053006915994,0.0191736745581053,-0.0029584383692276,-0.0112726669915699,-0.0104595162870251,-0.00776508502452922,-1,-1,-1,-1,-1,-1,-1,-1,-1,-1,-1,-1,-1,-1,-1,-1,-1,-1,-1,-1,-1
6224,1,-1,-1,-1,-1,-1,-1,-1,-1,-1,-1,-1,-1,-0.0253397910334128,-0.00631762002146008,0.0163820853449654,0.0352934195264636,0.0368841042226573,0.0252356864486933,0.0163927317688959,0.0143090815894311,0.0184293914836839,0.0229494561252976,0.024041708613709,0.023306893233221,-1,-1,-1,-1,-1,-1,-1,-1,-1,-1,-1,-1,-1,-1,-1,-1,-1,-1,-1,-1
2197,1,-1,-1,-1,-1,-1,-1,-1,-1,-1,-1,-1,-1,-1,0.0264636225555077,0.0291657883436205,0.0310666214100972,0.0282448197547227,0.021312002165669,0.0157628568956816,0.0167130625556928,0.0233560528553132,0.0290112046997475,0.0269949475375189,0.0165395551470926,0.00305857735433213,-0.00692830458873539,-0.0106540816557805,-0.00933047547567378,-0.00495386774439854,0.00180224406190899,0.0105381485682869,0.0192658261662726,0.0248338805037558,0.0254206391339022,0.0221569040642624,0.0180927231408945,0.0157333880269084,-1,-1,-1,-1,-1,-1,-1
6223,1,-1,-1,-1,-1,-1,-1,-1,-1,-1,-1,-1,-1,-1,-1,-1,0.0462332114963453,0.0388869197092716,0.0276410277885168,0.0190219991756857,0.0152102499224784,0.018319507699414,0.0253923897296895,0.0293236950143521,0.0245409808597454,0.0116501395879252,-0.00279960696179149,-0.0112949072239843,-0.0109770844121968,-0.00533733711227358,-0.000655054406506927,-1,-1,-1,-1,-1,-1,-1,-1,-1,-1,-1,-1,-1,-1
11287,1,-1,-1,-1,-1,-1,-1,-1,-1,-1,-1,-1,-1,-1,-1,-1,-1,-1,-1,-1,-1,0.26884531229258,0.208275942427083,-0.0949755132308567,-0.0811157458248246,-0.0363807979650095,0.40046253937608,0.109578764051736,0.109578764051736,0.0241835557162036,0.024183555716204,0.024183555716204,-0.3339400970616,0.224428359553838,0.0277530685723262,0.0614285792236511,0.0614285792236511,0.0614285792236506,-0.0279385368110288,0.0556139225304011,0.0556139225304011,0.0556139225304007,0.0556139225304011,0.0556139225304011,-1
11293,1,-1,-1,-1,-1,-1,-1,-1,-1,-1,-1,-1,-1,-1,-1,-1,-1,-1,-1,-1,-1,-1,-0.101325143787575,-0.101325143787575,-0.196055232505657,-0.196055232505657,-0.0791812460476248,-0.0555173278498313,-0.138302698166281,0.0969100130080564,0.0606978403536116,-0.131278914639319,-0.0263289387223491,-1,-1,-1,-1,-1,-1,-1,-1,-1,-1,-1,-1
9813,1,-1,-1,-1,-1,-1,-1,-1,-1,-1,-1,-1,-1,-1,-1,-1,-1,-1,-1,-1,-1,-1,-0.0994770710075928,-0.0994770710075926,-0.196055232505657,-0.196055232505657,-0.0791812460476248,-0.0555173278498313,-0.111973759443932,0.0917703733556454,0.0579919469776867,-0.149762320333332,-0.0543576623225927,-1,-1,-1,-1,-1,-1,-1,-1,-1,-1,-1,-1
2222,1,0.0843207853739663,0.0843207853739663,0.0843207853739663,0.0843207853739663,0.0843207853739663,0.0253187046026264,0.0253187046026269,0.0253187046026264,0.0253187046026269,0.144258980254953,0.144258980254953,0.144258980254953,-0.0825289224306971,-0.00782533751195658,0.0377885608893997,0.0177287669604311,0.0849335749367164,-0.0288218443186343,0.0510982390297867,-0.0280287236002437,0.0887265639538555,0,-0.111796079383399,0.0774271777521358,0.0373796206690686,-0.00467245258363391,-0.00467245258363391,-0.00467245258363302,-0.00467245258363391,-0.00467245258363302,-0.00467245258363391,-0.00467245258363302,-0.00467245258363391,0.0479434697752383,0.0479434697752392,-1,-1,-1,-1,-1,-1,-1,-1,-1
9127,1,-1,-1,-1,0.0238882088915133,0.0238882088915138,0.0238882088915138,0.0238882088915138,0.0238882088915138,0.0238882088915133,0.0238882088915138,0.0238882088915138,0.0238882088915138,0.0238882088915133,0.0237123249640692,0.0237123249640692,0.0147232568207061,0.0142404391146105,0.0498514565961132,0.0498514565961132,0.0286477019772162,0.0286477019772162,0.00485250279441196,0.0457574905606752,-0.00877392430750534,0.0462004222481291,0.0417547481070013,-0.0621479067488444,-0.025807263606286,-0.0044543414262499,-1,-1,-1,-1,-1,-1,-1,-1,-1,-1,-1,-1,-1,-1,-1
2225,1,-1,-1,-1,-1,-0.0364136427219588,-0.0364136427219584,-0.0364136427219588,-0.0364136427219584,-0.0364136427219588,-0.0364136427219588,-0.0364136427219584,-0.0364136427219588,-0.0364136427219588,-0.0364136427219584,-0.0364136427219588,-0.0364136427219584,-0.0364136427219588,-0.0364136427219588,-0.0364136427219588,-0.0364136427219584,-0.0364136427219588,-0.0364136427219584,-0.0364136427219588,-0.0364136427219588,-0.0364136427219584,-1,-1,-1,-1,-1,-1,-1,-1,-1,-1,-1,-1,-1,-1,-1,-1,-1,-1,-1
9260,1,-1,-1,-1,-1,-1,-1,-1,0.066377223015333,-0.0744199432707471,0.193332693462374,0.0890373899081709,-1,-1,-1,-1,-1,-1,-1,-1,-1,-1,-1,-1,-1,-1,-1,-1,-1,-1,-1,-1,-1,-1,-1,-1,-1,-1,-1,-1,-1,-1,-1,-1,-1
2224,1,-1,-1,-1,-1,-1,-1,-1,0.0310427759562506,0.031042775956251,0.0310427759562506,0.0310427759562506,0.0310427759562506,0.0310427759562506,0.031042775956251,0.0310427759562506,0.0310427759562506,0.0310427759562506,0.0310427759562506,0.0310427759562515,0.0310427759562506,0.0310427759562506,0.0310427759562506,-0.00456628888425659,-0.0045662888842557,-0.00456628888425659,-0.00456628888425659,-0.0045662888842557,-1,-1,-1,-1,-1,-1,-1,-1,-1,-1,-1,-1,-1,-1,-1,-1,-1
9263,1,-1,-1,-1,-1,-1,-1,-1,-1,0.111710470874545,-0.0472524816476261,-0.0214889158337384,-1,-1,-1,-1,-1,-1,-1,-1,-1,-1,-1,-1,-1,-1,-1,-1,-1,-1,-1,-1,-1,-1,-1,-1,-1,-1,-1,-1,-1,-1,-1,-1,-1
2227,1,-1,-1,-1,-1,-1,-1,-1,-1,0.0537690624585156,0.0537690624585161,0.0537690624585161,0.0537690624585156,0.0537690624585165,0.0321846833714012,0.0226652659327637,0.0226652659327637,0.0226652659327637,0.0226652659327637,0.00125700371950188,0.0436321342911334,0.0436321342911326,-0.0030910769771415,0.0251107205830312,-1,-1,-1,-1,-1,-1,-1,-1,-1,-1,-1,-1,-1,-1,-1,-1,-1,-1,-1,-1,-1
2221,1,-1,-1,-1,-1,-1,-1,-1,-1,-1,-1,-1,-1,-1,-1,-1,0.0265251130549178,0.0265251130549187,0.0265251130549178,0.0265251130549187,0.0265251130549178,0.0202915281517555,0.0202915281517555,0.0202915281517555,0.0202915281517555,0.0202915281517555,-1,-1,-1,-1,-1,-1,-1,-1,-1,-1,-1,-1,-1,-1,-1,-1,-1,-1,-1
5685,1,-1,-1,-1,-1,-1,-1,-1,-1,-1,-1,-1,-1,-1,-1,-1,-1,-1,-1,-1,-1,-0.0187848780767208,-0.0187848780755946,-0.0187848780739208,-0.0187848780726996,-0.0187848780725139,-0.0187848780730868,-0.0187848780736406,-1,-1,-1,-1,-1,-1,-1,-1,-1,-1,-1,-1,-1,-1,-1,-1,-1
5081,1,-1,-1,-1,-1,-1,-1,-1,-1,-1,-1,-1,-1,-1,-1,-1,-1,-1,-1,-1,-1,0.0240016530919491,0.0240016530921294,0.0240016530923084,0.0240016530924105,0.0240016530926632,0.0240016530934208,0.024001653094766,0.0240016530962697,0.0240016530972271,-1,-1,-1,-1,-1,-1,-1,-1,-1,-1,-1,-1,-1,-1,-1
6156,1,-1,-1,-1,-1,-1,-1,-1,-1,-1,-1,-1,-1,-1,-1,-1,-1,-1,-1,-1,-1,-1,-1,0.00209502098729697,0.00209502098729697,-0.0808942766738232,0.0294549793382757,-0.10408859763518,-0.0188986012150281,-0.0395481044240049,-0.125318066252385,-0.0498073991954726,-1,-1,-1,-1,-1,-1,-1,-1,-1,-1,-1,-1,-1
2226,1,-1,-1,-1,-1,-1,-1,-1,-1,-1,-1,-1,-1,-1,-1,-1,-1,-1,-1,-1,-1,-1,-1,-1,-1,0.133538908370217,0.0595856899842442,-0.0469965626762234,0.132625565274591,-0.0234810958495228,0.0871501757189002,-1,-1,-1,-1,-1,-1,-1,-1,-1,-1,-1,-1,-1,-1
2223,1,-1,-1,-1,-1,-1,-1,-1,-1,-1,-1,-1,-1,-1,-1,-1,-1,-1,-1,-1,-1,-1,-1,-1,-1,-1,-1,-0.0876916057181556,0.019311179019474,0.0193111790194735,-1,-1,-1,-1,-1,-1,-1,-1,-1,-1,-1,-1,-1,-1,-1
22141,1,-1,-1,-1,-1,-1,-1,-1,-1,-1,-1,-1,-1,-1,-1,-1,-1,-1,-1,-1,-1,-1,-1,-1,-1,-1,-1,-1,-1,-1,-1,-1,-1,-1,-1,-0.234309530746345,-1,-1,-1,-1,-1,-1,-1,-1,-1
12358,1,-1,-1,-1,-1,-1,-1,-1,-1,-1,-1,-1,-1,-1,-1,-1,-1,-1,-1,-1,-1,-1,-1,-1,-1,-1,-1,-1,-1,-1,-1,-1,-1,-1,-1,-0.232976722678399,-1,-1,-1,-1,-1,-1,-1,-1,-1
2192,1,0,0,0,0,0,0,0,0,0,0,-1,-1,-1,-1,-1,-1,-1,-1,-1,-1,-1,-1,-1,-1,-1,-1,-1,-1,-1,-1,-1,-1,-1,-1,-1,-1,-1,-1,-1,-1,-1,-1,-1,-1
23406,1,-1,-1,-1,-1,-1,-1,-1,-1,-1,-1,-1,-1,-1,-1,-0.0029566203684448,-0.00295662036844457,-0.0029566203684448,-0.00295662036844457,-0.00295662036844457,-0.0029566203684448,-0.00295662036844457,-0.00295662036844457,-0.00295662036844457,-0.0029566203684448,-0.00295662036844457,-0.00295662036844457,-0.0029566203684448,-0.00295662036844457,0.0224691008621873,0.0224691008621871,0.0224691008621873,0.0224691008621873,0.0224691008621873,0.0224691008621871,0.0224691008621873,0.0224691008621873,0.0404257295888275,0.0404257295888277,0.0404257295888277,-1,-1,-1,-1,-1
9802,1,-1,-1,-1,-1,-1,-1,-1,-1,-1,-1,-1,-1,-1,-1,-1,-1,-1,-1,-1,-1,-1,-1,-1,-0.30707595616332,0.438963552726948,-1,-1,-1,-1,-1,-1,-1,-1,-1,-1,-1,-1,-1,-1,-1,-1,-1,-1,-1
2191,1,-1,-1,-1,-1,-1,-1,-1,-1,-1,-1,-1,-1,-1,-1,-1,-1,-1,-1,-1,-1,-1,-1,-1,-1,-0.0391802592867512,-0.038592108805148,-0.0364801881709083,-0.0323990691893425,-0.0272086238079372,-0.0223182002891478,-0.0183614513409616,-0.0149008196465954,-0.0112442021828789,-0.00713626158689706,-0.00271593194875308,0.00165322650142041,0.00526046583092032,0.00723564865074922,-1,-1,-1,-1,-1,-1
4629,1,-0.0511525224473814,0.243038048686294,-0.0669467896306131,-0.0477889418913309,0.0477889418913309,0.0347621062592118,0.0321846833714012,-0.118370830987685,0.102576563804453,0.0222425424203081,0.022242542420309,0.0222425424203081,0.0222425424203081,0.022242542420309,-0.0341814431274772,0.00897212212839626,0.00897212212839538,-0.0124295813497692,-0.0124295813497683,-0.0124295813497692,-0.0124295813497692,-0.0124295813497683,-0.820738694154812,0.45642491214055,0.45642491214055,-1,-1,-1,-1,-1,-1,-1,-1,-1,-1,-1,-1,-1,-1,-1,-1,-1,-1,-1
2200,1,0.0110613329669258,0.0110613329674312,0.0110613329676879,0.0110613329676283,0.0110613329672962,0.0110613329668352,0.0110613329663414,0.0110613329658777,0.011061332965431,0.01106133296501,0.011061332964645,0.0110613329643412,0.0110613329641023,0.0110613329639255,0.0110613329638118,0.0110613329637603,-1,-1,-1,-1,-1,-1,-1,-1,-1,-1,-1,-1,-1,-1,-1,-1,-1,-1,-1,-1,-1,-1,-1,-1,-1,-1,-1,-1
2199,1,-0.0530784434834199,0.238046103128795,-0.0619548440731137,-0.0621479067488444,0.0621479067488444,0.0455837380150879,0.0213630516155252,-0.12576675303053,0.110615408957909,0.0229071952417064,0.0229071952417064,0.0229071952417064,0.0229071952417064,0.0229071952417073,-0.0370713113755832,0.00843396264364848,0.0084339626436476,-0.0144575076199454,-0.0144575076199445,-0.0144575076199454,-0.0144575076199445,-0.0144575076199454,0.111796079383399,-0.00486919029098054,-0.00486919029098054,0.0608071420001606,0.0608071420001597,-0.0615762645335574,-0.0615762645335582,-0.0615762645335574,-0.0293288467482569,-1,-1,-1,-1,-1,-1,-1,-1,-1,-1,-1,-1,-1
23418,1,-1,-1,-1,-1,-1,-0.0177287669604316,0.00728955718530311,0.00728955718530333,0.00728955718530355,0.00728955718530333,0.0123334417837473,0.0123334417837475,0.00687698064562259,0.00687698064562259,0.00687698064562259,0.00687698064562259,0.00687698064562259,0.00687698064562259,0.00687698064562259,0.00687698064562259,0.00687698064562259,0.00687698064562259,0.00687698064562259,0.00687698064562259,0.00687698064562259,0.00687698064562237,0.00687698064562281,0.00687698064562259,0.000412632112754663,0.000412632112754663,0.000412632112754663,0.000412632112754663,0.000412632112754663,-0.0203111016528494,-0.0203111016528497,-0.0203111016528497,-0.0203111016528494,-1,-1,-1,-1,-1,-1,-1
6422,1,-1,-1,-1,-1,-1,0,0,0,0,0,0,0,0,0,0,0,0,2.12818379142145,-0.297809008227897,-1,-1,-1,-1,-1,-1,-1,-1,-1,-1,-1,-1,-1,-1,-1,-1,-1,-1,-1,-1,-1,-1,-1,-1,-1
5074,1,-1,-1,-1,-1,-1,-1,-1,-1,-1,-1,-1,-0.140618940893462,0.818769101291908,-0.301029995663981,-0.386460190988608,-0.0109197986448183,-0.0109197986448183,-0.0109197986448184,-0.0109197986448182,-0.0109197986448183,-0.0109197986448184,-0.0109197986448183,-0.0109197986448183,-0.0109197986448183,-0.0109197986448183,-0.0109197986448183,-0.0109197986448183,-0.0109197986448183,-0.0109197986448183,-0.0109197986448183,-0.0109197986448183,-0.0109197986448184,-1,-1,-1,-1,-1,-1,-1,-1,-1,-1,-1,-1
18006,1,-1,-1,-1,-1,-1,-1,-1,-1,-1,-1,-1,-1,-1,-1,-1,-1,-1,-1,-1,-1,-1,-1,-1,-1,-1,-1,-1,0.0318753818589419,0.0318753818590792,0.0318753818593897,0.0318753818598543,0.0318753818603699,0.0318753818607984,0.0318753818610424,0.0318753818611133,0.0318753818611035,0.0318753818611122,0.0318753818611639,0.0318753818612116,-1,-1,-1,-1,-1
17812,1,-1,-1,-1,-1,-1,-1,-1,-1,-1,-1,-1,-1,-1,-1,-1,-1,-1,-1,-1,-1,-1,-1,-1,-1,-1,-1,-1,-0.0186968581088908,-0.0175939170398809,-0.0150827248071748,-0.0114466047214011,-0.00761710219666956,-0.00437305014814138,-0.00140283507339478,0.00274416522648502,0.0095351551111803,0.0191068202000458,0.0299498764956382,0.0398835006769482,0.0473686013267619,0.0520685504698419,0.0544923063179685,0.0553952723797217,-1
9180,1,-1,-1,-1,-1,-1,-1,-1,-1,-1,-1,-1,-1,-1,-1,-1,-1,-1,-1,-1,-1,-1,-1,-1,-1,-1,-1,-1,0.00954531790623037,0.156786103860295,-0.0791812460476249,0.0791812460476249,0.0193051551953864,-0.0326691167533681,-1,-1,-1,-1,-1,-1,-1,-1,-1,-1,-1
5754,1,-1,-1,-1,-1,-1,-1,-1,-1,-1,-1,-1,-1,-1,-1,-1,-1,-1,-1,-1,-1,-1,-1,-1,-1,-1,-1,-1,0.0839018847202091,0.0601872059833164,-0.0373243230238123,0.0621479067488446,0.0413926851582249,-1,-1,-1,-1,-1,-1,-1,-1,-1,-1,-1,-1
9133,1,-1,-1,-1,-1,0.00405693891694714,0.0391421080098073,0.0683664459671864,0.0589830961174989,0.0267193174259082,0.00167038580821766,-0.0156080880979159,-0.03611463310163,-0.0444936606822612,-0.0164582129089794,0.0335226023759239,0.0590751858943808,0.0421882048733409,0.0157761639438201,0.0141117190680053,0.0284110727804052,0.0311090074076594,0.0211967434833427,0.0175375971971625,0.0202417803839268,0.0100760706785883,-0.0157894128098441,-0.0366263422114246,-0.04145452869981,-0.042497043638515,-0.0452080583912093,-0.0316578953697817,0.00665192719107544,0.0419384122032123,-1,-1,-1,-1,-1,-1,-1,-1,-1,-1,-1
4403,1,-1,-1,-1,-1,0.00248715316052617,0.0132926173292975,0.0222670973001506,0.0195664973273137,0.00992399976379721,0.00137118021997695,-0.00685834956420006,-0.016247680679085,-0.0182759407454571,-0.00477894697956538,0.0149966121943383,0.0216308361160509,0.0109966775651242,0.000147310442532245,0.00348736429371699,0.0142394971086039,0.0172950304201511,0.0113250375459788,0.00683885186763256,0.00721371887602706,0.00456071022501159,-0.00535875845781542,-0.0156680988279709,-0.0193235290766522,-0.0181074226951035,-0.0155352328060414,-0.00909540291643696,0.00290159525336109,0.0131893444473834,-1,-1,-1,-1,-1,-1,-1,-1,-1,-1,-1
4402,1,-1,-1,-1,-1,0.0153786358335468,0.010617521179042,0.00727738416926105,0.0105603060829065,0.0171076680553583,0.0185680181221368,0.0119995394419439,0.00379614158071551,0.00244717917235482,0.00920382628941807,0.0174291480440179,0.0202868214962044,0.0172511163745179,0.0129481103687126,0.0113275002841093,0.0122339725501619,0.0130836133495018,0.0124562962539421,0.0113621985002941,-1,-1,-1,-1,-1,-1,-1,-1,-1,-1,-1,-1,-1,-1,-1,-1,-1,-1,-1,-1,-1
6423,1,-1,-1,-1,-1,-1,0.694843566797742,0.694843566797742,-1.38968713359548,0.219806788725347,0.219806788725347,0.219806788725348,0.219806788725347,0.219806788725348,0.219806788725347,0.219806788725348,0.219806788725347,0.219806788725348,0.174566630501249,0,-1,-1,-1,-1,-1,-1,-1,-1,-1,-1,-1,-1,-1,-1,-1,-1,-1,-1,-1,-1,-1,-1,-1,-1,-1
9817,1,-1,-1,-1,-1,-1,-1,-1,-1,-1,-1,-1,-1,-1,-1,0.0206875356441143,0.0206875436470788,0.0206875659263057,0.0206876104425266,0.0206876836232752,0.020687787680878,0.0206879219179716,0.0206880870456088,0.0206882840299678,0.0206885038612585,0.0206887192667828,0.0206888929170734,0.0206889996033082,0.0206890417665746,0.0206890430375422,0.0206890279874234,0.0206890090099612,0.0206889890756929,0.0206889703579809,0.0206889567405009,0.0206889504162906,-1,-1,-1,-1,-1,-1,-1,-1,-1
9816,1,-1,-1,-1,-1,-1,-1,-1,-1,-1,-1,-1,-1,-1,-1,-0.0109848522553584,-0.00821314428611375,-0.00219585112981746,0.00623118552376045,0.0147877609588591,0.0206135311220454,0.021855136221046,0.0191724244775913,0.0154599693926574,0.0133123763310954,0.0125234407788817,0.0106317880908748,0.00638104292888908,0.00222271436666466,0.00250592974972186,0.00878563345345995,0.0173044257971746,0.0217560540213544,0.0189224060528641,0.0116659904897145,0.00613535147690536,-1,-1,-1,-1,-1,-1,-1,-1,-1
9815,1,-1,-1,-1,-1,-1,-1,-1,-1,-1,-1,-1,-1,-1,-1,-0.063648296210596,0.00194093320665689,0.0437228491579142,-0.00173406408158949,-0.0757525643380981,-0.0798368698125791,-0.0138916859177607,0.0312026417687354,0.00614400564069162,-0.035907787707864,-0.0276808431465085,0.0164936962557041,0.0336760252976338,0.00928659081355487,-0.0103893507214166,0.00425685293171862,0.026000764234418,0.0219497500640677,0.00463949989934531,0.00415674577049874,0.0166627502519492,-1,-1,-1,-1,-1,-1,-1,-1,-1
9814,1,-1,-1,-1,-1,-1,-1,-1,-1,-1,-1,-1,-1,-1,-1,-0.00880836399747653,0.00870447039860345,0.0144692913231006,-0.0166845832387863,-0.0698417225218935,-0.10199488815855,-0.087671621748783,-0.0433063370264979,-0.00555663953962293,0.00632401533272642,0.00173770148472596,-0.00135642497843547,0.00162434633320085,0.00131494214602412,-0.0108051040705708,-0.0318067825033999,-0.0496533420308193,-0.0528717195944545,-0.0390285240510138,-0.0171640126084772,-0.00180172800517309,-1,-1,-1,-1,-1,-1,-1,-1,-1
9153,1,-1,-1,-1,-1,-1,-1,-1,-1,-1,-1,-1,-1,-1,-1,-1,-1,-1,-1,-1,-1,-1,-0.0255762612236907,-0.0255762612236907,0.0233459555359183,0.0233459555359183,0.0233459555359183,0.0120591803774506,0.0120591803774501,0.0120591803774501,0.0120591803774501,0.0120591803774501,-0.018198611846556,-0.018198611846556,-0.018198611846556,-0.018198611846556,-0.0324354826600897,-0.0324354826600901,-0.0324354826600897,0.0193203197148204,0.0193203197148208,0.0193203197148208,0.0193203197148208,0.0193203197148208,0.0193203197148208
9169,1,-1,-1,-1,-1,-1,-1,-1,-1,-1,-1,-1,-1,-1,-1,-1,-1,-1,-1,-1,-1,-1,-1,-1,-1,-1,-1,0.109407179948002,0.109407179948002,0.109407179948002,0.109407179948002,0.109407179948002,-0.0515488374819193,-0.0515488374819197,-0.0515488374819197,-0.0515488374819197,-1,-1,-1,-1,-1,-1,-1,-1,-1
22094,1,-1,-1,-1,-1,-1,-1,-1,-1,-1,-1,-1,-1,-1,-1,-1,-1,-1,-1,-1,-1,-1,-1,-1,-1,-1,-1,-1,-1,-1,-1,-1,-1,-1,-1,0.0153118737158087,0.0153118737158091,-1,-1,-1,-1,-1,-1,-1,-1
22093,1,-1,-1,-1,-1,-1,-1,-1,-1,-1,-1,-1,-1,-1,-1,-1,-1,-1,-1,-1,-1,-1,-1,-1,-1,-1,-1,-1,-1,-1,-1,-1,-1,-1,-1,0.195899652409234,-1,-1,-1,-1,-1,-1,-1,-1,-1
12354,1,-1,-1,-1,-1,-1,-1,-1,-1,-1,-1,-1,-1,-1,-1,-1,-1,-1,-1,-1,-1,-1,-1,-1,-1,-1,-1,-1,-1,-1,-1,-1,-1,-1,-1,0.197966828189786,-1,-1,-1,-1,-1,-1,-1,-1,-1
2190,1,-1,-1,-1,-1,-0.0171011577380016,-0.0171011577380016,-0.0171011577380016,-0.0171011577380025,-0.0171011577380016,-0.0171011577380016,-0.0171011577380016,-0.0171011577380016,-0.0171011577380025,-0.00384097709500786,-0.00384097709500786,-0.00384097709500786,-0.00384097709500697,-0.00384097709500786,-0.00384097709500786,-0.00384097709500786,-0.00384097709500786,-0.00384097709500786,-0.00384097709500786,-0.00384097709500786,-0.00384097709500786,-0.00384097709500786,-0.00384097709500786,-0.00384097709500786,-0.00384097709500786,-0.00384097709500786,-0.00384097709500786,-0.00384097709500786,-0.00384097709500786,-0.00384097709500786,-0.00384097709500786,-1,-1,-1,-1,-1,-1,-1,-1,-1
23397,1,-1,-1,-1,-1,-1,-0.0030355466929004,-0.00303554669290174,-0.0030355466929195,-0.00303554669295192,-0.00303554669300876,-0.00303554669308825,-0.00303554669319483,-0.00303554669333028,-0.0030355466934977,-0.00303554669368378,-0.00303554669387607,-0.00303554669405814,-0.00303554669421757,-0.00303554669434591,-0.00303554669442274,-0.00303554669442541,-0.00303554669435124,-0.00303554669422557,-0.00303554669409412,-0.00303554669397288,-0.00303554669387562,-0.00303554669380279,-0.00303554669372508,-0.00303554669362427,-0.00303554669350392,-0.00303554669337203,-0.00303554669325301,-0.00303554669314732,-0.0030355466930585,-0.003035546692983,-0.00303554669292305,-0.00303554669287864,-0.003035546692848,-0.00303554669283423,-1,-1,-1,-1,-1
9808,1,-1,-1,-1,-1,-1,0.0205474599314597,0.045120130079503,0.063969781112069,0.0472068378924644,0.00370843012420874,-0.0293009050062043,-0.0301791651063867,-0.0132996830955876,-0.00466228600396867,-0.00756632566532867,-0.0113222500342354,-0.0106428087341768,-0.0112636957466363,-0.0140571523659645,-0.00902025924552996,0.00691127582371909,0.0181912466083216,0.00876224693106487,-0.0143836381115889,-0.0283178597228066,-0.0229208793119038,-0.0101100393647306,-0.00311263786804306,-1.14719330519542e-05,0.0047758315116293,0.00392000498569933,-0.0141554186631492,-0.0434477102206938,-0.0610345577554159,-0.0527028843153077,-0.0283315543916864,-0.00758246967539167,0.00118105553115688,-1,-1,-1,-1,-1,-1
4817,1,-1,-1,-1,-1,-1,0.0435898452270123,0.0310591575982513,0.0152195928574228,7.87425310564416e-05,-0.0162559848661807,-0.0245762606148507,-0.0131319773894361,0.00133678649842173,-0.0169289870124159,-0.0650350874717747,-0.0834246833536101,-0.0257935556369944,0.0724481589422381,0.130534793940964,0.116714585455436,0.0697971282517802,0.0320667694210126,0.00522070171088274,-0.0180384589424936,-0.024682804840678,-0.0110025024959297,-0.00623673670182523,-0.0301043560208987,-0.0515794817907382,-0.0319346592554588,0.00756275304487986,0.0101618300096096,-0.0279839660917265,-0.0477752321918912,-0.0181819683783662,0.0157028444919312,0.0058704548676487,-0.0243149330745123,-1,-1,-1,-1,-1,-1
6424,1,-1,-1,-1,-1,-1,0.873295774982771,0.873295774982771,-0.12235184982962,0.0596261857722767,0.0596261857722767,0.0596261857722766,0.0596261857722767,0.0596261857722766,0.0596261857722769,0.0596261857722766,0.0596261857722766,0.0596261857722766,0.181898712499698,-0.718534384450188,-1,-1,-1,-1,-1,-1,-1,-1,-1,-1,-1,-1,-1,-1,-1,-1,-1,-1,-1,-1,-1,-1,-1,-1,-1
9154,1,-1,-1,-1,-1,-1,-1,-1,-1,-1,-1,-1,-1,-1,-1,-1,-1,-1,-1,-1,-1,-1,-0.233096615295544,-0.233096615295544,0.177928358871525,0.177928358871524,0.177928358871524,-0.0520437629039128,-0.0520437629039128,-0.0520437629039128,-0.0520437629039128,-0.0520437629039137,0.0184249628793225,0.0184249628793225,0.0184249628793216,0.0184249628793225,0.00750803384174148,0.00750803384174237,0.00750803384174237,-0.0925179414286648,-0.0925179414286639,-0.0925179414286648,-0.0925179414286639,-0.0925179414286643,-0.0925179414286643
23348,1,-1,-1,-1,-1,-1,-1,-1,-1,-1,-1,-1,-1,-1,-1,-1,-1,-1,-1,-1,-1,-1,-1,-1,-1,-1,-1,-0.00355488336811405,-0.00355488336811405,-0.00355488336811405,-0.00355488336811405,-0.00355488336811405,0.00360349181392383,0.00360349181392383,0.00360349181392294,0.00360349181392383,-0.031572075553286,-0.0315720755532869,-0.031572075553286,-1,-1,-1,-1,-1,-1
9170,1,-1,-1,-1,-1,-1,-1,-1,-1,-1,-1,-1,-1,-1,-1,-1,-1,-1,-1,-1,-1,-1,-1,-1,-1,-1,-1,-0.132365979663922,-0.132365979663922,-0.132365979663922,-0.132365979663922,-0.132365979663922,0.0552651151168329,0.055265115116832,0.0552651151168329,0.0552651151168329,-1,-1,-1,-1,-1,-1,-1,-1,-1
12349,1,-1,-1,-1,-1,-1,-1,-1,-1,-1,-1,-1,-1,-1,-1,-1,-1,-1,-1,-1,-1,-1,-1,-1,-1,-1,-1,-1,-1,-1,-1,-1,-1,-1,-1,-0.141085372558857,-1,-1,-1,-1,-1,-1,-1,-1,-1
6421,1,-1,-1,-1,-1,-1,0,0,0,0,0,0,0,0,0,0,0,0,1.89166609305344,0.202024922028681,-1,-1,-1,-1,-1,-1,-1,-1,-1,-1,-1,-1,-1,-1,-1,-1,-1,-1,-1,-1,-1,-1,-1,-1,-1
12324,1,-1,-1,-1,-1,-1,-1,-1,-1,-1,-1,-1,-1,-1,-1,-1,-1,-1,-1,-0.094227396822377,-0.0940918723687652,-0.0937951786090723,-0.0933332846330652,-0.0927068251881813,-0.091910525071627,-0.0909248712100532,-0.0897589404435331,-0.0884487622839902,-0.0869963854389302,-0.085309796501555,-0.0832200025668324,-0.0805884813718758,-0.0774316423004118,-0.0739942657043304,-0.0706835646647055,-0.0678719248541628,-0.0656478284338631,-0.06404539167732,-0.0629606940292882,-0.0622195970740154,-0.0617834887089721,-0.0616233907982551,-1,-1,-1
9234,1,-1,-1,-1,-1,-1,-1,-1,-1,-1,-1,-1,-1,-1,-1,-1,-1,-1,-1,-1,0.171770469226648,0.167100125664904,0.159158721523989,0.150460298918116,0.14143180944059,0.131076554973431,0.117460971015686,0.0996658312397936,0.0792284074595453,0.0596084066043636,0.0442483204391648,0.0348444072136227,0.0309232020038881,-1,-1,-1,-1,-1,-1,-1,-1,-1,-1,-1,-1
9134,1,-1,-1,-1,-1,-1,-1,-1,-1,-1,-1,-1,-1,-1,-1,-1,-1,-1,-1,-1,-1,0.0261147589950288,0.0261147589951167,0.026114758995166,0.0261147589950044,0.0261147589945132,0.0261147589937538,0.0261147589930273,0.0261147589927972,0.0261147589934017,0.0261147589947472,0.0261147589962478,0.0261147589971729,-1,-1,-1,-1,-1,-1,-1,-1,-1,-1,-1,-1
9163,1,-1,-1,-1,-1,-1,-1,-1,-1,-1,-1,-1,-1,-1,-1,-1,-1,-1,-1,-1,-1,-1,0.0463034946544028,0.0463034946544023,0.129018497522452,0.129018497522452,0.129018497522452,-0.0562436749086173,-0.0562436749086177,-0.0562436749086173,-0.0562436749086177,-0.0562436749086173,-0.000121108345491727,-0.000121108345491727,-0.000121108345491727,-0.000121108345491727,0.00892829699206699,0.00892829699206699,0.00892829699206699,-0.0353228390926907,-0.0353228390926912,-0.0353228390926907,-0.0353228390926912,-0.0353228390926912,-0.0353228390926907
9177,1,-1,-1,-1,-1,-1,-1,-1,-1,-1,-1,-1,-1,-1,-1,-1,-1,-1,-1,-1,-1,-1,-1,-1,-1,-1,-1,0.281176928293776,0.281176928293776,0.281176928293776,0.281176928293777,0.281176928293776,0.041029784243948,0.0410297842439484,0.0410297842439484,0.0410297842439484,-1,-1,-1,-1,-1,-1,-1,-1,-1
21803,1,-1,-1,-1,-1,-1,-1,-1,-1,-1,-1,-1,-1,-1,-1,-1,-1,-1,-1,-1,-1,-1,-1,-1,-1,-1,-1,-1,-1,-1,-1,-1,-1,-1,-1,0.0495547588471061,-1,-1,-1,-1,-1,-1,-1,-1,-1
12351,1,-1,-1,-1,-1,-1,-1,-1,-1,-1,-1,-1,-1,-1,-1,-1,-1,-1,-1,-1,-1,-1,-1,-1,-1,-1,-1,-1,-1,-1,-1,-1,-1,-1,-1,0.049728467512969,-1,-1,-1,-1,-1,-1,-1,-1,-1
6420,1,-1,-1,-1,-1,-1,0.58088628081628,0.58088628081628,0.456699581800189,0.0465983202122855,0.0465983202122854,0.0465983202122855,0.0465983202122855,0.0465983202122854,0.0465983202122855,0.0465983202122855,0.0465983202122855,0.0465983202122855,0,0.325246532011359,-1,-1,-1,-1,-1,-1,-1,-1,-1,-1,-1,-1,-1,-1,-1,-1,-1,-1,-1,-1,-1,-1,-1,-1,-1
23393,1,-1,-1,-1,-1,-1,-1,-1,-1,-1,-1,-1,-1,-1,-1,-1,-1,-1,-1,-1,-1,-0.000593894448875032,-0.000593894448875254,-0.000593894448875032,-0.000593894448875254,-0.000593894448875032,-0.000593894448875254,-0.000593894448875032,-0.000593894448875254,-0.0268331152829202,-0.0268331152829204,-0.0268331152829204,-0.0268331152829204,-0.0268331152829202,-0.0268331152829206,-0.0268331152829202,-0.0268331152829204,-0.0268331152829204,-0.0268331152829204,-0.0268331152829204,-0.0268331152829203,-0.0268331152829203,-0.0268331152829204,-1,-1
9158,1,-1,-1,-1,-1,-1,-1,-1,-1,-1,-1,-1,-1,-1,-1,-1,-1,-1,-1,-1,-1,-1,-0.922315119984577,-0.922315119984577,0.630797172507907,0.630797172507907,0.630797172507906,0.0175189051818365,0.0175189051818361,0.0175189051818361,0.0175189051818365,0.0175189051818361,0.095655466076499,0.095655466076499,0.095655466076499,0.095655466076499,-0.11858177601403,-0.11858177601403,-0.11858177601403,-0.0871732080045189,-0.0871732080045193,-0.0871732080045189,-0.0871732080045193,-0.0871732080045189,-0.0871732080045193
9173,1,-1,-1,-1,-1,-1,-1,-1,-1,-1,-1,-1,-1,-1,-1,-1,-1,-1,-1,-1,-1,-1,-1,-1,-1,-1,-1,-0.048227593358003,-0.0482275933580034,-0.048227593358003,-0.0482275933580034,-0.0482275933580034,-0.466806714104737,-0.466806714104737,-0.466806714104737,-0.466806714104737,-1,-1,-1,-1,-1,-1,-1,-1,-1
23354,1,-1,-1,-1,-1,-1,-1,-1,-1,-1,-1,-1,-1,-1,-1,-1,-1,-1,-1,-1,-1,-1,-1,-1,-1,-1,-1,-1,-1,-1,-1,0.0368931070804592,0.0368931070804595,-0.2498774732166,0.178755675808215,0.178755675808215,-0.23257261500813,0.0177287669604318,0.154815083712949,0.154815083712949,-0.345842340080343,-0.379833922344815,-0.379833922344815,-1,-1
20152,1,-1,-1,-1,-1,-1,-1,-1,-1,-1,-1,-1,-1,-1,-1,-1,-1,-1,-1,-1,-1,-1,-1,-1,-1,-1,-1,-1,-1,-1,-1,-1,-1,-1,-1,-0.1249387366083,-1,-1,-1,-1,-1,-1,-1,-1,-1
12356,1,-1,-1,-1,-1,-1,-1,-1,-1,-1,-1,-1,-1,-1,-1,-1,-1,-1,-1,-1,-1,-1,-1,-1,-1,-1,-1,-1,-1,-1,-1,-1,-1,-1,-1,-0.1249387366083,-1,-1,-1,-1,-1,-1,-1,-1,-1
6415,1,-1,-1,-1,-1,-1,0,0,0,0.207514241005881,0.207514241005881,0.207514241005881,0.207514241005881,0.207514241005881,0.207514241005881,0.207514241005881,0.207514241005881,0.207514241005881,0,0.324229155329944,-1,-1,-1,-1,-1,-1,-1,-1,-1,-1,-1,-1,-1,-1,-1,-1,-1,-1,-1,-1,-1,-1,-1,-1,-1
9161,1,-1,-1,-1,-1,-1,-1,-1,-1,-1,-1,-1,-1,-1,-1,-1,-1,-1,-1,-1,-1,-1,0.151836737481623,0.151836737481622,0.0497492134322242,0.0497492134322237,0.0497492134322242,0.00229100222902012,0.00229100222902012,0.00229100222902012,0.00229100222902012,0.00229100222902012,0.0509431355648977,0.0509431355648973,0.0509431355648977,0.0509431355648977,-1,-1,-1,-1,-1,-1,-1,-1,-1
9175,1,-1,-1,-1,-1,-1,-1,-1,-1,-1,-1,-1,-1,-1,-1,-1,-1,-1,-1,-1,-1,-1,-1,-1,-1,-1,-1,0.0403054344155294,0.0403054344155289,0.0403054344155289,0.0403054344155289,0.0403054344155294,0.0219942102989443,0.0219942102989443,0.0219942102989443,0.0219942102989443,-1,-1,-1,-1,-1,-1,-1,-1,-1
20153,1,-1,-1,-1,-1,-1,-1,-1,-1,-1,-1,-1,-1,-1,-1,-1,-1,-1,-1,-1,-1,-1,-1,-1,-1,-1,-1,-1,-1,-1,-1,-1,-1,-1,-1,0.55751823875446,-1,-1,-1,-1,-1,-1,-1,-1,-1
12353,1,-1,-1,-1,-1,-1,-1,-1,-1,-1,-1,-1,-1,-1,-1,-1,-1,-1,-1,-1,-1,-1,-1,-1,-1,-1,-1,-1,-1,-1,-1,-1,-1,-1,-1,0.556910330792193,-1,-1,-1,-1,-1,-1,-1,-1,-1
2234,1,-1,-1,-1,-1,-1,0.0134186674267864,0.0132941898811714,0.0131877470673878,0.0132466822934969,0.0134711327307508,0.0138254348657272,0.0144635421903363,0.0157092216434878,0.0177445724613818,0.0203588931925793,0.0230582378741619,0.0254079233134172,0.0272414871968332,0.0285972858757937,0.0295797066710914,0.0303333232186427,0.0310493518806689,0.0318464729453769,0.0326124954976024,0.0330734876518388,-1,-1,-1,-1,-1,-1,-1,-1,-1,-1,-1,-1,-1,-1,-1,-1,-1,-1,-1
23457,1,-1,-1,-1,-1,-1,-1,0.00114439194613114,0.00114439194613158,0.00114439194613114,0.00126745391886018,0.00126745391885974,0.00126745391886018,0.00126745391885974,0.00126745391886018,0.00126745391886018,0.00126745391885974,0.00126745391886018,0,0,0,0,0,0,0,0,0,0,0,0,0,0,0,0,0,0,0,0,0,0,0,0,0,-1,-1
23459,1,-1,-1,-1,-1,-1,-1,-1,-1,-1,-1,-1,-1,-1,-1,-1,-1,-1,-1,-1,-1,0.000500342806708964,0.000500342806709408,0.000500342806709408,0.000500342806708964,0.000500342806709408,0.000500342806709408,0.000500342806708964,0.000500342806709408,-0.000285910175262583,-0.000285910175262583,-0.000285910175262138,-0.000285910175262583,-0.000285910175262138,-0.000285910175262583,-0.000285910175262583,-0.000285910175262138,-0.000285910175262583,-0.000285910175262583,-0.000285910175262138,-0.000285910175262583,-0.000285910175262583,-0.000285910175262138,-1,-1
23452,1,-1,-1,-1,-1,-1,-1,-0.00400296915767173,-0.00400296915767173,-0.00400296915767173,0,0,0,0,0,0,0,0,0,0,0,0,0,0,0,0,0,0,0,0,0,0,0,0,0,0,0,0,0,0,0,0,0,-1,-1
23453,1,-1,-1,-1,-1,-1,-1,-1,-1,-1,-1,-1,-1,-1,-1,-1,-1,-1,-1,-1,-1,0,0,0,0,0,0,0,0,0,0,0,0,0,0,0,0,0,0,0,0,0,0,-1,-1
23441,1,-1,-1,-1,-1,-1,-1,0.0579960446559724,0.0579960446559722,0.0579960446559722,0.0481378479958585,0.0481378479958581,0.0481378479958581,0.0481378479958581,0.0481378479958581,0.0481378479958585,0.0481378479958581,0.0481378479958581,-0.029977649720534,-0.0299776497205344,-0.029977649720534,-0.0299776497205344,-0.029977649720534,-0.0299776497205344,-0.029977649720534,-0.0299776497205344,-0.029977649720534,-0.029977649720534,-0.0299776497205344,0,0,0,0,0,0,0,0,0,0,0,0,0,0,-1,-1
23442,1,-1,-1,-1,-1,-1,-1,-1,-1,-1,-1,-1,-1,-1,-1,-1,-1,-1,-1,-1,-1,0,0,0,0,0,0,0,0,0,0,0,0,0,0,0,0,0,0,0,0,0,0,-1,-1
23392,1,-1,-1,-1,-1,-1,-1,-1,-1,0.0443809010091272,0.0443809010091272,0.0443809010091272,-0.106110290502411,0.0426847484816079,0.0426847484816079,0.0426847484816079,0.042684748481608,0.0426847484816079,0.0426847484816079,0.00211217450548917,0.00211217450548906,0.00211217450548906,0.00211217450548917,0.00211217450548906,8.69023548035752e-05,8.69023548035752e-05,8.69023548034642e-05,8.69023548035752e-05,8.69023548034642e-05,-0.00219907686029264,-0.00219907686029264,-0.00219907686029264,-0.00219907686029253,-0.00219907686029275,0.0258851479767673,0.0258851479767676,0.0258851479767673,0.0258851479767673,-1,-1,-1,-1,-1,-1,-1
2188,1,-1,-1,-1,-1,-1,-1,-1,-1,0.0136079988437285,0.0136079988437281,0.0136079988437285,0.0136079988437281,0.0136079988437285,0.0136079988437281,0.0136079988437285,0.0136079988437281,0.0136079988437285,0.0136079988437281,0.0136079988437285,0.0136079988437281,0.0136079988437285,0.0136079988437281,0.0136079988437285,-1,-1,-1,-1,-1,-1,-1,-1,-1,-1,-1,-1,-1,-1,-1,-1,-1,-1,-1,-1,-1
23416,1,-1,-1,-1,-1,-1,-1,-1,-1,-1,0.0305160267707234,0.030516026770723,0.0305160267707234,0.0305160267707234,0.0305160267707234,0.030516026770723,0,0,0,0,0,0,0,0,0,0,0,0,0,-1,-1,-1,-1,-1,-1,-1,-1,-1,-1,-1,-1,-1,-1,-1,-1
9131,1,-1,-1,-1,-1,-1,-1,-1,-1,-1,-1,-1,-1,-1,-1,-1,-1,-1,-1,-0.00964656199826042,-0.0098657086274061,-1.92062753917314,0.852764081649645,0.852764081649645,-0.00834562279743611,-0.00834562279743656,0.187496823307731,0.18749682330773,0.0480797493763214,0.0480797493763214,0.0413956410421465,0.041395641042147,0.041395641042147,-1,-1,-1,-1,-1,-1,-1,-1,-1,-1,-1,-1
9130,1,-1,-1,-1,-1,-1,-1,-1,-1,-1,-1,-1,-1,-1,-1,-1,-1,-1,-1,0.6232492903979,0,-0.0104654336781649,0.00523271683908266,0.00523271683908222,0.0197542706418372,0.0197542706418368,-0.0249869874809194,-0.0249869874809194,-0.0989052543744586,-0.0989052543744586,-0.0115873687530708,-0.0115873687530708,-0.0115873687530708,-1,-1,-1,-1,-1,-1,-1,-1,-1,-1,-1,-1
9129,1,-1,-1,-1,-1,-1,-1,-1,-1,-1,-1,-1,-1,-1,-1,-1,-1,-1,-1,0.1249387366083,-0.204119982655925,0.301029995663981,-0.5,-0.5,0.573064017839119,0.573064017839119,-0.0334733948153065,-0.033473394815307,0.131620717387291,0.131620717387291,0.0542424324992332,0.0542424324992332,0.0542424324992332,-1,-1,-1,-1,-1,-1,-1,-1,-1,-1,-1,-1
9132,1,-1,-1,-1,-1,-1,-1,-1,-1,-1,-1,-1,-1,-1,-1,-1,-1,-1,-1,-1,0.181420092560748,-0.107633878399829,-0.00689414224281665,-0.0068941422428167,0.150514997831991,0.150514997831991,-0.157635217389296,-0.157635217389296,0.110924374808178,0.110924374808178,-1,-1,-1,-1,-1,-1,-1,-1,-1,-1,-1,-1,-1,-1,-1
22142,1,-1,-1,-1,-1,-1,-1,-1,-1,-1,-1,-1,-1,-1,-1,-1,-1,-1,-1,-1,-1,-1,-1,-1,-1,-1,-1,-1,-1,-1,-1,-1,-1,-1,-1,0.258829616149685,-1,-1,-1,-1,-1,-1,-1,-1,-1
12347,1,-1,-1,-1,-1,-1,-1,-1,-1,-1,-1,-1,-1,-1,-1,-1,-1,-1,-1,-1,-1,-1,-1,-1,-1,-1,-1,-1,-1,-1,-1,-1,-1,-1,-1,0.257691979226719,-1,-1,-1,-1,-1,-1,-1,-1,-1
9162,1,-1,-1,-1,-1,-1,-1,-1,-1,-1,-1,-1,-1,-1,-1,-1,-1,-1,-1,-1,-1,-1,0.00600214847028901,0.00600214847028857,0.0153292166790364,0.0153292166790364,0.0153292166790364,-0.104951291575599,-0.104951291575599,-0.104951291575599,-0.104951291575599,-0.104951291575598,0.0448859826756784,0.0448859826756784,0.0448859826756784,0.0448859826756784,-0.0729703359948388,-0.0729703359948393,-0.0729703359948388,0.0337030263834843,0.0337030263834843,0.0337030263834843,0.0337030263834843,0.0337030263834843,0.0337030263834843
9176,1,-1,-1,-1,-1,-1,-1,-1,-1,-1,-1,-1,-1,-1,-1,-1,-1,-1,-1,-1,-1,-1,-1,-1,-1,-1,-1,0.377653638967486,0.377653638967485,0.377653638967485,0.377653638967486,0.377653638967485,0.0518858162331273,0.051885816233127,0.0518858162331273,0.0518858162331268,-1,-1,-1,-1,-1,-1,-1,-1,-1
9160,1,-1,-1,-1,-1,-1,-1,-1,-1,-1,-1,-1,-1,-1,-1,-1,-1,-1,-1,-1,-1,-1,0.872324262542165,0.872324262542165,0.0934091199331835,0.0934091199331835,0.0934091199331832,-0.0972442623776328,-0.0972442623776328,-0.0972442623776328,-0.0972442623776328,-0.0972442623776331,-0.0140501952746368,-0.014050195274637,-0.0140501952746368,-0.014050195274637,0.173955860628492,0.173955860628492,0.173955860628492,0.0734491033617446,0.0734491033617446,0.073449103361745,0.0734491033617446,0.0734491033617446,0.073449103361745
9174,1,-1,-1,-1,-1,-1,-1,-1,-1,-1,-1,-1,-1,-1,-1,-1,-1,-1,-1,-1,-1,-1,-1,-1,-1,-1,-1,0,0,0,0,0,0.501080343445661,0.501080343445661,0.501080343445661,0.501080343445661,-1,-1,-1,-1,-1,-1,-1,-1,-1
9159,1,-1,-1,-1,-1,-1,-1,-1,-1,-1,-1,-1,-1,-1,-1,-1,-1,-1,-1,-1,-1,-1,-1.00216068689132,-1.00216068689132,0,0,0,0,0,0,0,0,0,0,0,0,0,0,0,0,0,0,0,0,0
9156,1,-1,-1,-1,-1,-1,-1,-1,-1,-1,-1,-1,-1,-1,-1,-1,-1,-1,-1,-1,-1,-1,0.455891883974778,0.455891883974778,-0.228406921361084,-0.228406921361084,-0.228406921361084,-0.359912062167498,-0.359912062167498,-0.359912062167498,-0.359912062167498,-0.359912062167498,0.405161468251838,0.405161468251839,0.405161468251838,0.405161468251838,0.121202841181055,0.121202841181055,0.121202841181055,-0.0319411983030378,-0.0319411983030378,-0.0319411983030378,-0.0319411983030378,-0.0319411983030378,-0.0319411983030378
9171,1,-1,-1,-1,-1,-1,-1,-1,-1,-1,-1,-1,-1,-1,-1,-1,-1,-1,-1,-1,-1,-1,-1,-1,-1,-1,-1,0.0577452425933376,0.0577452425933376,0.0577452425933376,0.0577452425933371,0.0577452425933376,0.144666387899946,0.144666387899946,0.144666387899946,0.144666387899946,-1,-1,-1,-1,-1,-1,-1,-1,-1
9155,1,-1,-1,-1,-1,-1,-1,-1,-1,-1,-1,-1,-1,-1,-1,-1,-1,-1,-1,-1,-1,-1,0.00527188127979672,0.00527188127979672,-0.237363093051603,-0.237363093051603,-0.237363093051603,0.0352182518111359,0.0352182518111364,0.0352182518111364,0.0352182518111359,0.0352182518111364,-0.0586939191965881,-0.0586939191965885,-0.0586939191965881,-0.0586939191965881,0.086453337584429,0.0864533375844294,0.086453337584429,0.0486080850399304,0.0486080850399304,0.0486080850399304,0.0486080850399304,0.0486080850399304,0.0486080850399304
9152,1,-1,-1,-1,-1,-1,-1,-1,-1,-1,-1,-1,-1,-1,-1,-1,-1,-1,-1,-1,-1,-1,1.07482703203908,1.07482703203908,-0.0312780539840363,-0.0312780539840358,-0.0312780539840358,-0.41116398042521,-0.411163980425211,-0.41116398042521,-0.411163980425211,-0.41116398042521,0.466895915474327,0.466895915474327,0.466895915474328,0.466895915474328,0.0373697379715319,0.0373697379715319,0.0373697379715319,-0.0118754031731338,-0.0118754031731334,-0.0118754031731338,-0.0118754031731334,-0.0118754031731338,-0.0118754031731334
9151,1,-1,-1,-1,-1,-1,-1,-1,-1,-1,-1,-1,-1,-1,-1,-1,-1,-1,-1,-1,-1,-1,-0.0171087791655058,-0.0171087791655049,-0.0493446698098294,-0.0493446698098299,-0.0493446698098294,0.0390340029737595,0.0390340029737599,0.0390340029737599,0.0390340029737599,0.0390340029737599,-0.0430123463718939,-0.043012346371893,-0.0430123463718934,-0.0430123463718934,-0.0928654744386104,-0.0928654744386099,-0.0928654744386099,0.0456594951833855,0.0456594951833851,0.0456594951833855,0.0456594951833855,0.0456594951833855,0.0456594951833851
9168,1,-1,-1,-1,-1,-1,-1,-1,-1,-1,-1,-1,-1,-1,-1,-1,-1,-1,-1,-1,-1,-1,-1,-1,-1,-1,-1,0.00539031664950018,0.00539031664950018,0.00539031664950018,0.00539031664950018,0.00539031664950018,-0.251843266291253,-0.251843266291253,-0.251843266291254,-0.251843266291253,-1,-1,-1,-1,-1,-1,-1,-1,-1
9150,1,-1,-1,-1,-1,-1,-1,-1,-1,-1,-1,-1,-1,-1,-1,-1,-1,-1,-1,-1,-1,-1,0.0454832481253922,0.0454832481253926,0.191677207235974,0.191677207235974,0.191677207235974,-0.0685030058391947,-0.0685030058391938,-0.0685030058391947,-0.0685030058391938,-0.0685030058391947,0.115450251573997,0.115450251573997,0.115450251573998,0.115450251573997,-0.270970545669546,-0.270970545669545,-0.270970545669546,-0.25840306897372,-0.25840306897372,-0.25840306897372,-0.25840306897372,-0.25840306897372,-0.25840306897372
9167,1,-1,-1,-1,-1,-1,-1,-1,-1,-1,-1,-1,-1,-1,-1,-1,-1,-1,-1,-1,-1,-1,-1,-1,-1,-1,-1,0.080680580874708,0.080680580874708,0.080680580874708,0.080680580874708,0.080680580874708,-0.00431389833402562,-0.00431389833402518,-0.00431389833402562,-0.00431389833402518,-1,-1,-1,-1,-1,-1,-1,-1,-1
9149,1,-1,-1,-1,-1,-1,-1,-1,-1,-1,-1,-1,-1,-1,-1,-1,-1,-1,-1,-1,-1,-1,0.00390939232289256,0.003909392322893,0.343038076121565,0.343038076121566,0.343038076121565,-0.144249102419492,-0.144249102419493,-0.144249102419492,-0.144249102419493,-0.144249102419492,-0.00515384477597669,-0.00515384477597669,-0.00515384477597669,-0.00515384477597669,-0.0378370288829539,-0.0378370288829535,-0.0378370288829539,-0.0549458628522519,-0.0549458628522519,-0.0549458628522519,-0.0549458628522519,-0.0549458628522519,-0.0549458628522519
9166,1,-1,-1,-1,-1,-1,-1,-1,-1,-1,-1,-1,-1,-1,-1,-1,-1,-1,-1,-1,-1,-1,-1,-1,-1,-1,-1,0.0368565888500907,0.0368565888500902,0.0368565888500902,0.0368565888500907,0.0368565888500907,0.0202749531596145,0.0202749531596149,0.020274953159614,0.0202749531596149,-1,-1,-1,-1,-1,-1,-1,-1,-1
21681,1,-1,-1,-1,-1,-1,-1,-1,-1,-1,-1,-1,-1,-1,-1,-1,-1,-1,-1,-1,-1,-1,-1,-1,-1,-1,-1,-1,-1,-1,-1,-1,-1,-1,-1,-0.0519829439807742,-1,-1,-1,-1,-1,-1,-1,-1,-1
12350,1,-1,-1,-1,-1,-1,-1,-1,-1,-1,-1,-1,-1,-1,-1,-1,-1,-1,-1,-1,-1,-1,-1,-1,-1,-1,-1,-1,-1,-1,-1,-1,-1,-1,-1,-0.0519670066441298,-1,-1,-1,-1,-1,-1,-1,-1,-1
9148,1,-1,-1,-1,-1,-1,-1,-1,-1,-1,-1,-1,-1,-1,-1,-1,-1,-1,-1,-1,-1,-1,-0.0484945201500206,-0.0484945201500206,-0.175109199784048,-0.175109199784048,-0.175109199784048,0.108635831275851,0.10863583127585,0.108635831275851,0.10863583127585,0.108635831275851,0.0780670913691228,0.0780670913691237,0.0780670913691228,0.0780670913691237,-0.270434343561452,-0.270434343561451,-0.270434343561451,0.152196335644081,0.152196335644081,0.152196335644081,0.152196335644081,0.152196335644081,0.152196335644081
9165,1,-1,-1,-1,-1,-1,-1,-1,-1,-1,-1,-1,-1,-1,-1,-1,-1,-1,-1,-1,-1,-1,-1,-1,-1,-1,-1,-0.400864274756529,-0.400864274756529,-0.400864274756528,-0.400864274756529,-0.400864274756528,0,0,0,0,-1,-1,-1,-1,-1,-1,-1,-1,-1
9147,1,-1,-1,-1,-1,-1,-1,-1,-1,-1,-1,-1,-1,-1,-1,-1,-1,-1,-1,-1,-1,-1,-0.130495256606844,-0.130495256606844,0.243162808163923,0.243162808163922,0.243162808163922,-0.0627010897527684,-0.0627010897527693,-0.0627010897527684,-0.0627010897527693,-0.0627010897527693,-0.086065260580785,-0.0860652605807859,-0.086065260580785,-0.086065260580785,0.288747720658834,0.288747720658835,0.288747720658835,-0.0171316790934872,-0.0171316790934863,-0.0171316790934863,-0.0171316790934863,-0.0171316790934863,-0.0171316790934863
9146,1,-1,-1,-1,-1,-1,-1,-1,-1,-1,-1,-1,-1,-1,-1,-1,-1,-1,-1,-1,-1,-1,0.133432810254959,0.133432810254958,-0.0383714008466001,-0.038371400846601,-0.038371400846601,0.0168970909198096,0.0168970909198096,0.0168970909198096,0.0168970909198096,0.0168970909198096,0.0213684437633477,0.0213684437633477,0.0213684437633477,0.0213684437633477,-0.00436707915100332,-0.00436707915100332,-0.00436707915100332,0.0502702054464388,0.0502702054464388,0.0502702054464388,0.0502702054464388,0.0502702054464397,0.0502702054464388
9164,1,-1,-1,-1,-1,-1,-1,-1,-1,-1,-1,-1,-1,-1,-1,-1,-1,-1,-1,-1,-1,-1,-1,-1,-1,-1,-1,-0.246694265116286,-0.246694265116286,-0.246694265116286,-0.246694265116286,-0.246694265116286,0.428023982773476,0.428023982773476,0.428023982773476,0.428023982773476,-1,-1,-1,-1,-1,-1,-1,-1,-1
2232,1,-1,-1,-1,-1,-1,-1,-1,-1,-1,-1,-1,-1,-1,-1,-1,-1,-1,-1,-1,-1,-1,-1,-1,-1,-1,0.067215121176023,0.0672151211760235,0.067215121176023,-0.0303797560857868,-0.0303797560857868,-0.0303797560857868,-0.0303797560857868,-0.0303797560857868,-0.0303797560857868,-0.0303797560857868,-0.0303797560857868,-1,-1,-1,-1,-1,-1,-1,-1
5684,1,-1,-1,-1,-1,-1,-1,-1,-1,-1,-1,-1,-1,-1,-1,-1,-1,-1,-1,-1,-1,-1,-1,-1,-1,-1,-1,-1,-1,-1,-1,0.301029995663981,-1,-1,-1,-1,-1,-1,-1,-1,-1,-1,-1,-1,-1
