ID,min_year,max_year
1409,1951,1991
1410,1951,2010
2040,1960,2001
2041,1950,2011
2042,1971,1997
2043,1976,2008
2044,1951,1991
2045,1976,1994
2046,1959,1988
2047,1951,1991
2048,1951,1991
2049,1951,1991
2050,1970,2000
2051,1951,1991
2052,1970,2000
2053,1976,1994
2054,1976,1994
2055,1978,2007
2056,1951,1991
2057,1970,2000
2058,1968,1984
2061,1980,2000
2062,1979,1991
2063,1956,2005
2064,1980,2000
2065,1950,1981
2066,1980,2000
2067,1980,2000
2068,1964,1979
2069,1963,1982
2071,1963,1983
2072,1969,1983
2079,1950,2001
2080,1977,2010
2081,1963,1981
2082,1964,1988
2084,1980,2000
2085,1979,2010
2086,1960,2010
2087,1950,1989
2090,1976,2009
2091,1978,1990
2092,1970,2009
2093,1950,1981
2094,1977,2010
2095,1970,1989
2096,1963,1995
2097,1961,2010
2098,1950,2011
2099,1979,1990
2100,1967,1997
2101,1970,1998
2102,1995,2004
2103,1985,2010
2104,1980,2001
2105,1970,1981
2106,1977,2013
2107,1971,1989
2108,1970,2008
2109,1967,1992
4291,1980,2001
4292,1966,1995
4293,1984,2000
4477,1952,2007
4478,1952,2007
4479,1952,2007
4480,1951,2007
4481,1951,2007
4504,1965,2010
5304,1982,2010
5305,1993,2010
5700,1983,1991
5711,1961,2010
5739,1985,1988
5934,1964,2012
5935,1982,2010
5939,1960,2010
5941,1975,2010
5942,1979,2007
5943,1975,2010
5944,1980,2010
5945,1983,2010
5946,1982,2010
5947,1975,2010
7703,1954,1998
8206,1980,2007
8207,1978,2007
8273,1978,2013
8274,1988,2009
8282,1977,2010
8283,1980,2008
8284,1999,2010
8285,1983,2006
8286,1983,2006
8287,1979,2009
8288,1992,2006
8289,1999,2009
8290,1999,2009
8291,1999,2009
8292,2002,2010
8293,2002,2010
8294,2002,2010
8295,1985,2010
8296,1982,2010
8297,1982,2010
8298,1984,2010
8299,1982,2010
8300,1982,2010
8301,1991,2010
8302,1991,2010
8303,1991,2010
8304,1991,2010
8305,1991,2010
8306,2003,2009
8307,2003,2009
8308,2003,2009
8309,2003,2009
8310,2003,2009
8311,1997,2006
8312,1997,2006
8313,1997,2006
8314,1997,2006
8315,1997,2006
8423,1991,2001
9235,1994,2002
9241,1971,2000
9254,2002,2007
9255,2002,2007
9258,2002,2007
9259,2002,2007
9584,1978,2005
9681,1979,1983
9686,1979,1983
9687,1979,1983
9691,1976,1995
9692,1976,1995
9694,1976,1995
9695,1976,1995
9696,1976,1995
9697,1976,1995
9698,1976,1995
9700,1976,1995
9701,1976,1995
9702,1976,1995
9705,1976,1995
9706,1976,1995
9708,1976,1995
9709,1976,1995
9710,1976,1995
9711,1976,1995
9712,1976,1995
9713,1976,1995
9714,1976,1995
9715,1976,1995
9716,1976,1995
9717,1976,1995
9718,1976,1995
9719,1976,1995
9720,1976,1995
9721,1976,1995
9722,1976,1995
9723,1976,1995
9724,1976,1995
9797,1992,2002
9798,1992,2002
9799,1992,2002
9800,1992,2002
11116,1950,2007
12404,2001,2007
12413,2002,2007
12689,2006,2012
12799,1950,2010
12800,1950,2010
12801,1950,2010
12802,1950,2010
13113,1950,2014
13120,1980,2008
13124,1996,2008
13207,1975,2009
13209,1999,2009
13211,1967,1984
13212,1996,2004
13214,2003,2009
13220,1995,2004
13221,1984,2003
13225,1997,2005
13227,1997,2005
13229,1997,2005
13231,1967,1994
13236,1996,2006
13239,1986,1992
14549,1987,2000
14554,1950,2001
17846,1984,2003
17852,1984,2003
17853,1984,2003
17855,1984,2003
17856,1984,2003
17860,1984,2003
17861,1984,2003
17862,1984,2003
17883,1984,2003
17889,1984,2003
17902,1984,2003
17907,1984,2003
17911,1984,2003
17917,1984,2003
17922,1984,2003
17923,1984,2003
17925,1984,2003
17931,1984,2003
17932,1984,2003
17933,1984,2003
17934,1984,2003
17935,1984,2003
17936,1984,2003
17937,1984,2003
17938,1984,2003
17939,1984,2003
17940,1984,2003
17941,1984,2003
17942,1984,2003
17945,1984,2003
19136,1976,2010
19137,1977,2010
19138,1977,2013
19139,1977,2010
19140,1964,2010
19144,1979,1999
19145,1950,2007
19172,1975,2012
19177,1984,2009
19178,1977,2009
19179,1984,2010
19180,1961,2010
19181,1977,2014
19182,1982,2011
19183,1977,2009
19216,1987,2010
19217,1981,2010
19218,1987,2010
19219,1977,2010
19220,1977,2010
19234,1994,2004
19246,1966,2009
19247,1952,2004
19249,1975,2009
19250,1975,2011
19256,1950,2006
19257,1950,2009
19258,1970,2005
19259,1967,2005
19260,1963,2012
19264,1973,2009
19265,1979,2005
19266,1950,2007
19267,1950,2011
19268,1950,2011
19269,1950,2011
19270,1950,2011
19271,1950,2007
19272,1950,2010
19273,1950,2010
19274,1950,2009
19275,1964,2012
19276,1950,2008
19277,1981,2007
19278,1950,2011
19279,1950,2005
19280,1950,2005
19281,1950,2009
19282,1950,2011
19283,1950,2011
19284,1950,2011
19285,1981,2009
19286,1995,2009
19287,1982,2009
19288,1978,2009
19294,1980,2010
19295,1999,2010
19327,1960,2009
19328,1995,2005
19329,1950,2015
19343,1973,2010
19344,1977,2010
19345,1973,2010
19346,1960,2010
19347,1976,2010
19365,1956,2001
19366,1950,2009
19369,1975,2010
19385,1996,2014
19608,2000,2014
19633,2000,2013
19662,1994,2010
19848,2006,2016
19849,2009,2013
19850,2012,2016
19851,2007,2013
19852,2004,2016
19853,2006,2016
19860,2007,2016
19861,2004,2014
19885,2004,2015
19886,2007,2015
19887,2004,2016
19947,2003,2015
19948,2005,2015
19949,2004,2014
20013,2003,2015
20014,2005,2013
20015,2004,2016
20033,2003,2015
20034,2005,2015
20035,2004,2016
20036,2006,2016
20037,2012,2015
20050,2006,2016
20096,2004,2013
20097,2004,2016
20098,2006,2016
20099,2012,2015
20147,2003,2015
20148,2005,2015
20149,2004,2016
20150,2006,2016
20151,2012,2015
20154,2003,2013
20155,2008,2012
20156,2006,2016
20157,2012,2015
20158,2005,2015
20159,2007,2015
20160,2006,2016
20161,2006,2016
20167,2011,2015
20168,2006,2012
20169,2004,2015
20170,2007,2015
20171,2008,2012
20172,2006,2016
20173,2003,2015
20174,2005,2015
20175,2004,2016
20176,2006,2016
20177,2006,2010
20178,2004,2013
20179,2006,2007
20191,2003,2005
20192,2006,2016
20193,2003,2015
20194,2005,2015
20195,2004,2016
20196,2006,2016
20197,2012,2015
20221,2006,2016
20239,2003,2015
20240,2006,2014
20246,2008,2012
20247,2012,2016
20248,2007,2015
20249,2007,2012
20250,2003,2015
20251,2004,2014
20252,2006,2016
20285,2004,2015
20286,2006,2014
20287,2006,2016
20300,2004,2015
20301,2005,2015
20307,2003,2015
20308,2005,2015
20309,2004,2016
20310,2012,2015
20311,2005,2015
20339,2003,2015
20340,2005,2015
20341,2004,2016
20342,2012,2015
20347,2006,2016
20348,2006,2016
20373,2012,2015
20374,2013,2015
20413,2005,2015
20414,2004,2016
20415,2012,2015
20417,2004,2013
20418,2005,2011
20420,2005,2015
20421,2010,2016
20444,2007,2015
20445,2006,2012
20446,2006,2016
20465,2012,2014
20466,2005,2015
20467,2005,2015
20468,2008,2016
20469,2008,2014
20470,2003,2015
20471,2005,2015
20472,2004,2016
20473,2006,2016
20474,2012,2015
20475,2011,2015
20476,2009,2015
20477,2008,2016
20478,2010,2016
20479,2004,2011
20480,2010,2014
21355,2012,2015
21445,2003,2015
21446,2005,2015
21447,2004,2016
21448,2006,2016
21449,2012,2015
21450,1970,2002
21451,2003,2015
21452,2005,2015
21453,2004,2016
21454,2006,2016
21455,2012,2015
21610,2003,2015
21611,2005,2015
21612,2004,2016
21613,2006,2016
21614,2012,2015
21615,2006,2016
21618,2005,2015
21619,2003,2015
21620,2005,2011
21621,2008,2016
21628,2003,2015
21629,2007,2015
21630,2007,2016
21631,2003,2015
21632,2005,2015
21633,2004,2016
21634,2012,2015
21638,2003,2015
21639,2005,2015
21640,2004,2016
21641,2008,2010
21642,2012,2015
21656,2003,2015
21657,2005,2015
21658,2004,2016
21659,2006,2016
21660,2003,2015
21661,2005,2015
21662,2004,2016
21663,2006,2016
21664,2012,2015
21665,2011,2013
21666,2003,2015
21667,2005,2015
21668,2004,2016
21669,2012,2015
21670,2003,2013
21671,2007,2009
21672,2007,2016
21673,2007,2015
21674,2012,2016
21678,2003,2013
21679,2005,2015
21680,2006,2016
21685,1970,2001
21686,2003,2015
21687,2005,2015
21688,2004,2016
21689,2012,2015
21690,1970,2012
21709,2005,2015
21710,2012,2015
21727,2013,2015
21728,2012,2015
21729,2009,2015
21749,2007,2013
21750,2005,2015
21751,2008,2016
21752,2012,2015
21753,2006,2016
21754,2005,2015
21755,2008,2014
21756,2008,2016
21757,2003,2015
21758,2005,2015
21759,2003,2015
21760,2005,2015
21761,2004,2016
21762,2006,2016
21763,2003,2015
21764,2005,2015
21765,2004,2016
21766,2006,2016
21767,2012,2015
21768,2003,2015
21769,2005,2015
21770,2004,2016
21771,2012,2015
21772,2003,2015
21773,2005,2015
21774,2006,2007
21780,2003,2015
21781,2005,2015
21782,2004,2016
21783,2006,2016
21784,2012,2015
21786,2003,2013
21787,2005,2007
21788,2006,2016
21789,2006,2008
21790,2009,2015
21791,2009,2015
21792,2010,2016
21793,2010,2016
21886,2003,2015
21887,2005,2015
21888,2004,2016
21889,2006,2016
21890,2012,2015
21891,2003,2015
21892,2005,2015
21893,2004,2016
21894,2012,2015
21931,2003,2015
21932,2005,2015
21933,2004,2016
21934,2006,2016
21935,2012,2015
22000,2005,2015
22022,2006,2016
22023,2006,2016
22040,2003,2013
22046,2003,2015
22047,2006,2016
22058,2005,2013
22078,2004,2013
22079,2005,2015
22080,2004,2016
22088,2003,2015
22089,2005,2015
22090,2004,2016
22091,2006,2016
22092,2012,2015
22124,1970,2001
22125,2003,2015
22126,2005,2015
22127,2004,2016
22128,2006,2016
22129,2012,2015
22157,2005,2015
22158,2004,2016
22159,2012,2015
22225,2005,2015
22226,2003,2015
22227,2005,2015
22228,2004,2016
22229,2003,2013
22230,2005,2015
22248,2008,2012
22249,2012,2015
22250,2007,2015
22251,2008,2014
22252,2006,2016
22253,2004,2011
22254,2005,2015
22255,2004,2016
22256,2006,2012
22313,2009,2013
22314,2007,2011
22315,2014,2016
22381,2003,2013
22382,2003,2015
22383,2005,2015
22384,2004,2016
22385,2006,2016
22386,2012,2015
22410,2004,2016
22411,2012,2015
22414,2005,2015
22415,2005,2015
22416,2004,2016
22417,2008,2016
22418,2010,2014
22419,2007,2012
22450,2005,2009
22451,2004,2010
22452,2012,2015
22453,2003,2004
22476,2007,2013
22477,2003,2015
22478,2005,2015
22479,2004,2016
22480,2006,2016
22481,2003,2015
22482,2005,2015
22483,2004,2016
22484,2006,2016
22485,2004,2015
22486,2006,2016
22487,2006,2016
22488,2003,2015
22489,2005,2015
22490,2004,2016
22491,2006,2016
22492,2003,2015
22493,2007,2015
22494,2004,2016
22495,2006,2016
22496,2003,2015
22497,2005,2015
22498,2004,2016
22499,2006,2016
22500,2007,2013
22501,2005,2015
22502,2004,2016
22503,2012,2015
22504,2008,2016
22505,2003,2015
22506,2005,2015
22507,2004,2016
22508,2006,2016
22509,2003,2015
22510,2005,2015
22511,2004,2016
22512,2006,2016
22513,2012,2015
22514,2003,2015
22515,2005,2015
22516,2004,2016
22517,2006,2016
22518,2012,2015
22519,2005,2013
22520,2005,2015
22521,2004,2016
22522,2007,2014
22523,2003,2015
22524,2005,2015
22525,2004,2016
22526,2006,2016
22527,2003,2015
22528,2005,2015
22529,2004,2016
22530,2006,2016
22531,2003,2013
22532,2003,2015
22533,2004,2016
22534,2006,2016
22535,2003,2015
22536,2005,2011
22537,2006,2016
22538,2003,2015
22539,2005,2015
22540,2004,2016
22541,2012,2015
22542,2003,2004
22543,2005,2015
22544,2003,2015
22545,2006,2014
22546,2005,2013
22547,2008,2014
22548,2005,2013
22549,2005,2013
22550,2006,2012
22551,2007,2015
22552,2009,2013
22553,2003,2015
22554,2005,2015
22555,2004,2016
22556,2006,2016
22557,1970,2009
22558,2003,2015
22559,2005,2015
22560,2004,2016
22561,2006,2016
22562,2003,2015
22563,2005,2015
22564,2004,2016
22565,2006,2016
22566,2003,2015
22567,2009,2015
22568,2004,2016
22569,2006,2016
22570,2003,2015
22571,2005,2015
22572,2004,2016
22573,2007,2016
22574,2012,2015
22575,2006,2016
22576,2004,2015
22577,2004,2016
22578,2010,2016
22579,2003,2015
22580,2006,2016
22581,2003,2015
22582,2005,2015
22583,2006,2016
22584,2006,2016
22585,2003,2015
22586,2005,2015
22587,2004,2016
22588,2006,2016
22589,2003,2015
22590,2005,2015
22591,2004,2016
22592,2006,2016
22593,2003,2015
22594,2005,2015
22595,2004,2016
22596,2006,2016
22597,2012,2015
22598,2004,2015
22599,2004,2012
22600,2006,2016
22610,2003,2015
22611,2005,2015
22612,2004,2016
22613,2006,2016
22614,2012,2015
22615,2003,2013
22616,2008,2012
22617,2006,2016
22618,2012,2016
22650,2006,2016
22651,2007,2014
22690,2003,2015
22691,2005,2015
22692,2004,2016
22693,2012,2015
22694,2003,2007
22696,2005,2015
22697,2011,2013
22698,2011,2015
22699,2010,2016
22706,2005,2011
22727,2005,2013
22728,2007,2008
22729,2011,2015
22730,2006,2016
22731,2006,2016
22732,2004,2005
22733,2005,2013
22734,2006,2016
23387,1993,2012
23388,1992,2012
23389,1995,2005
23390,1985,2012
23391,1991,2012
23395,2003,2008
23399,1994,2010
23400,1996,2009
23401,1978,2010
23402,1975,2012
23403,2005,2008
23404,1990,2012
23408,1976,2011
23409,2003,2009
23410,2003,2012
23411,1975,2012
23412,1996,2005
23419,2005,2010
23420,1978,2010
23421,2002,2012
23422,1976,2010
23423,2002,2012
23424,2002,2012
23425,1978,2012
23426,1975,2012
23427,1983,2009
23428,1997,2012
23429,1984,2011
23430,1975,2011
23431,2002,2010
23432,1975,2011
23433,1982,2011
23435,1982,2010
23436,2000,2012
23437,1992,2010
23438,2001,2012
23439,1986,2010
23440,1985,2012
23443,1991,2010
23445,2005,2011
23446,1999,2012
23447,2005,2010
23448,1983,2011
23454,1976,2008
23461,1992,2001
23462,1978,2009
23463,1977,2011
23464,1985,2012
23465,1985,2007
23466,1985,2006
23467,1985,2010
23468,1993,2002
23469,1992,1995
23470,1993,2002
26503,2010,2017
