population_id,1970,1971,1972,1973,1974,1975,1976,1977,1978,1979,1980,1981,1982,1983,1984,1985,1986,1987,1988,1989,1990,1991,1992,1993,1994,1995,1996,1997,1998,1999,2000,2001,2002,2003,2004,2005,2006,2007,2008,2009,2010,2011,2012,2013,2014,2015,2016
8957,1,-0.0426124707682067,-0.0447912425946848,-0.0469361744490415,-0.0489902646813132,-0.0509782041825404,-0.0529370008075816,-0.0548132803337893,-0.05644120448475,-0.0576606199676264,-0.0584669617692648,-0.0590185216911281,-0.0594850735863015,-0.0599161239799995,-0.0602722560080684,-0.0605428029464621,-0.0607750475659232,-0.0609938832919017,-0.0611577050978966,-0.0612275469154806,-0.0612379715940587,-0.0612496857167235,-0.0612534270607408,-0.0611841998357234,-0.0610401874874809,-0.0609227223627418,-1,-1,-1,-1,-1,-1,-1,-1,-1,-1,-1,-1,-1,-1,-1,-1,-1,-1,-1,-1,-1
15313,1,0.069041526285671,0.0690415262855375,-1,-1,-1,-1,-1,-1,-1,-1,-1,-1,-1,-1,-1,-1,-1,-1,-1,-1,-1,-1,-1,-1,-1,-1,-1,-1,-1,-1,-1,-1,-1,-1,-1,-1,-1,-1,-1,-1,-1,-1,-1,-1,-1,-1
8551,1,-0.088525960678842,-0.0894689396281314,-0.090784027146436,-0.0924285003045764,-0.0943535918984093,-0.0964069560405463,-0.0985076701736465,-0.100484389955728,-0.102284090654581,-0.103866017683343,-0.105259726770696,-0.106624195418223,-0.107999168001318,-0.109443141679834,-0.111190105093164,-0.11329855540116,-0.115768492603821,-0.118540070238342,-0.121292646975135,-0.123641354437926,-0.125504937148349,-0.126883395106405,-0.127776728312093,-0.128197756148586,-1,-1,-1,-1,-1,-1,-1,-1,-1,-1,-1,-1,-1,-1,-1,-1,-1,-1,-1,-1,-1,-1
2028,1,0.105436865402037,0.105436865402036,0.105436865402037,0.105436865402037,0.105436865402036,0.105436865402037,0.105436865402037,0.105436865402036,0.105436865402037,0.105436865402037,0.105436865402036,0.105436865402036,0.105436865402037,0.105436865402037,0.105436865402036,-1,-1,-1,-1,-1,-1,-1,-1,-1,-1,-1,-1,-1,-1,-1,-1,-1,-1,-1,-1,-1,-1,-1,-1,-1,-1,-1,-1,-1,-1,-1
6214,1,0.100914113230537,0.100491109727214,0.0988032652083772,0.0954249366977002,0.0907351546529798,0.0849197639398045,0.0774434128012942,0.0682235176279322,0.0587666225374641,0.0510676919210646,0.0452893245570283,0.0392879587189596,0.0306552686351687,0.0186417021579151,0.00393561586525282,-0.0125492532176015,-0.0299414021706195,-0.0470494609450252,-0.0628059452297887,-0.0771811808193461,-0.0909180331239274,-0.104090017285531,-0.115463050972968,-0.123621195979049,-0.128335580990857,-0.130522137100075,-0.131272802471223,-1,-1,-1,-1,-1,-1,-1,-1,-1,-1,-1,-1,-1,-1,-1,-1,-1,-1,-1
6212,1,0.260128549762328,0.255404619623395,0.243330968623221,0.224108996828222,0.201565397203287,0.178834053060157,0.155358526256645,0.129987477431858,0.10575026257334,0.0886313079366916,0.0810681587358424,0.0787643504493918,0.0750410120007707,0.0668923937964436,0.055600957415936,0.04296815037908,0.029274683114874,0.0147721976707516,0.000948088265870339,-0.0107616798964472,-0.0204434940367166,-0.0289204728014756,-0.0361223618101674,-0.0411395404224777,-0.0436076888325987,-0.044278848876206,-0.044277234459507,-1,-1,-1,-1,-1,-1,-1,-1,-1,-1,-1,-1,-1,-1,-1,-1,-1,-1,-1
2030,1,0.119291828745149,0.118732187693588,0.116856332046269,0.113206071710784,0.108084649635723,0.101921912791546,0.0947051890460009,0.0865671194583091,0.0786378064242372,0.0724779321175264,0.0683792334472733,0.0647554577480269,0.059668409101687,0.0527051356253847,0.0449940339487487,0.0377356563911317,0.0314425880088192,0.0265867145484071,0.0239764594139111,-1,-1,-1,-1,-1,-1,-1,-1,-1,-1,-1,-1,-1,-1,-1,-1,-1,-1,-1,-1,-1,-1,-1,-1,-1,-1,-1
11248,1,-1,-1,0.145904983274506,0.144845640151849,0.142389709638768,0.138163565321173,0.131782115579886,0.123282325474277,0.113596104109115,0.104198004774542,0.095942178364278,0.0882030247472967,0.0795620333132216,0.0696289300608282,0.0582750572031188,0.0461375632520422,0.0341251284587294,0.0227256821059125,0.0119964689409411,0.00199254818060535,-0.00704141277720005,-0.0148975285393389,-0.0216022161417913,-0.0274070884333586,-0.0322259213975515,-0.0355494749244381,-0.0370855308232469,-0.0373743827532858,-0.0374070360218237,-1,-1,-1,-1,-1,-1,-1,-1,-1,-1,-1,-1,-1,-1,-1,-1,-1
15314,1,-1,-1,-1,-0.0181455244432669,-0.018164501579955,-0.0181822552106716,-0.018182688592163,-0.0181317051764698,-0.0179031056106975,-0.0172717164251852,-0.0160293180907103,-0.014094657624254,-0.011478629170651,-0.00818114864996877,-0.00422102562922433,0.000184835248004056,0.00453048740198958,0.00820227258582795,0.0107959260782284,0.0122626886623916,0.0127757391740992,0.0125122482057407,0.0115898671034542,0.0101713649157322,0.00855270019656107,0.00708208974725788,0.00594898663714805,0.00503433786760854,0.00399337923460874,0.00254972283101318,0.000760619037984078,-0.0010084374624999,-0.00240442359847926,-0.0034002233541166,-0.00428629047168227,-0.00535247203681122,-0.00658368635693685,-0.00765835234189405,-0.00823989649501056,-1,-1,-1,-1,-1,-1,-1
6213,1,-1,-1,-1,0.0933584228754158,0.094256667244411,0.0967078993373729,0.100771281638718,0.105394564982286,0.109152632775495,0.111226574785186,0.111296557920245,0.108607824532657,0.101778979998487,0.0899654461637911,0.074059427373077,0.056418401279779,0.0394027053873951,0.0242878102733579,0.0113306974479412,0.000320112296180675,-0.00914641353097956,-0.0174685301477533,-0.0245813271004343,-0.0297347620101189,-0.0322024415948508,-0.0323801777161394,-0.0318097744957657,-1,-1,-1,-1,-1,-1,-1,-1,-1,-1,-1,-1,-1,-1,-1,-1,-1,-1,-1
8946,1,-1,-1,-1,-1,-1,-1,-1,-1,0.0334380622800028,0.0341287316360468,0.035581443789777,0.0378140421016031,0.0405832195963223,0.0426205927014651,0.0425022317552166,0.0399329810859177,0.0347814440788259,0.0265728294500347,0.0156210507759758,0.0033116053415867,-0.00864864077643102,-0.0195960160081565,-0.0281925665973022,-0.0335726727062866,-0.0358728383580722,-1,-1,-1,-1,-1,-1,-1,-1,-1,-1,-1,-1,-1,-1,-1,-1,-1,-1,-1,-1,-1
2031,1,-1,-1,-1,-1,-1,-1,-1,-1,-1,-1,-1,0.0301586446503814,0.0301586446503617,0.0301586446503066,0.0301586446502202,0.0301586446501507,0.03015864465017,0.0301586446503312,0.0301586446506401,0.0301586446510518,0.0301586446514837,0.0301586446518367,0.0301586446520428,0.0301586446521096,0.0301586446521087,-1,-1,-1,-1,-1,-1,-1,-1,-1,-1,-1,-1,-1,-1,-1,-1,-1,-1,-1,-1,-1
10401,1,-1,-1,-1,-1,-1,-1,-1,-1,-1,-1,-1,-1,0.0295271170136093,0.029307819296315,0.0290425255706956,0.0289895143550447,0.0293176411387237,0.0301176955581266,0.0314797314370738,0.0334150230923984,0.0357238873642181,0.0380811676259405,0.0403164336972059,0.0425397781416568,0.0449332288430968,0.0474775718324703,0.0499560054319812,0.0521667832526502,0.0540059296913904,0.0553483625516242,0.0560323699075771,-1,-1,-1,-1,-1,-1,-1,-1,-1,-1,-1,-1,-1,-1,-1
11259,1,-1,-1,-1,-1,-1,-1,-1,-1,-1,-1,-1,-1,-1,-1,0.00282293380762022,0.0049465738936183,0.00893554348498071,0.0144690065354796,0.0217020039411375,0.0303220866276066,0.0386322402155623,0.0447458875871336,0.0487585591650019,0.0528119295407206,0.0585302180063112,0.0650030708135194,0.0699515400768713,0.0724985021874749,0.0736275453250859,-1,-1,-1,-1,-1,-1,-1,-1,-1,-1,-1,-1,-1,-1,-1,-1,-1
2260,1,-1,-1,-1,-1,-1,-1,-1,-1,-1,-1,-1,-1,-1,-1,-0.0936439682686188,-0.093861694825693,-0.0944114017011097,-0.0953684611384196,-0.096729212790017,-0.0984285723017235,-0.100362259634319,-0.102398805375448,-0.104393038482284,-0.10621412154451,-0.10777098105361,-0.109007013420674,-0.109874977015803,-0.110342108525399,-0.110444838589868,-0.110332025839595,-0.110210198706967,-1,-1,-1,-1,-1,-1,-1,-1,-1,-1,-1,-1,-1,-1,-1
2241,1,-1,-1,-1,-1,-1,-1,-1,-1,-1,-1,-1,-1,-1,-1,-0.0951405875257909,-0.0951405875259157,-0.0951405875260858,-0.0951405875261964,-0.0951405875262283,-0.0951405875262061,-0.0951405875260787,-0.0951405875257221,-0.095140587525119,-0.0951405875244862,-0.0951405875241376,-1,-1,-1,-1,-1,-1,-1,-1,-1,-1,-1,-1,-1,-1,-1,-1,-1,-1,-1,-1,-1
6387,1,-1,-1,-1,-1,-1,-1,-1,-1,-1,-1,-1,-1,-1,-1,-1,-1,-0.0370087449233767,-0.0228280502096316,-0.000162038466707481,0.021137653335937,0.0386074499392511,0.0519000422295077,0.063160545747822,0.0738994285835347,0.0835054273593664,0.0910436761106426,0.0965848746405091,0.0998728406300897,0.0983409161730771,0.0878138008330498,0.0661483366401934,0.0363956633688765,0.00608293439816077,-0.017155997169455,-0.0300000200761574,-0.0344425143218716,-1,-1,-1,-1,-1,-1,-1,-1,-1,-1
2371,1,-1,-1,-1,-1,-1,-1,-1,-1,-1,-1,-1,-1,-1,-1,-1,-1,-0.166769099017984,-0.136983639355362,-0.0968961039868865,-0.0656799032983505,-0.0359278644315902,0.01481178121061,0.0903395447835983,0.165518945860065,0.210948838088868,0.219660820055962,0.205486153289603,0.182503069662911,0.155086763099268,0.126039352702814,0.10353296630916,0.0940656533938069,0.0936944186441675,-1,-1,-1,-1,-1,-1,-1,-1,-1,-1,-1,-1,-1
15308,1,-1,-1,-1,-1,-1,-1,-1,-1,-1,-1,-1,-1,-1,-1,-1,-1,-1,-1,-0.0162823964541687,-0.0153429461442067,-0.0126414182868035,-0.00713041910765155,0.00192154677894218,0.0141575931844988,0.0278710066138899,0.0409687831307626,0.0523922596493014,0.062402650991547,0.0713883992881377,0.0787447263317953,0.0833449150466949,0.0850348278700763,0.0851387327662356,-1,-1,-1,-1,-1,-1,-1,-1,-1,-1,-1,-1,-1
2029,1,-1,-1,-1,-1,-1,-1,-1,-1,-1,-1,-1,-1,-1,-1,-1,-1,-1,-1,-1,-0.0800660066166543,-0.0800660066165224,-0.0800660066159695,-0.0800660066148016,-0.0800660066131171,-0.0800660066111134,-0.0800660066088517,-0.080066006606291,-0.080066006603619,-0.0800660066013617,-0.0800660066000467,-0.0800660065997021,-0.080066006599798,-1,-1,-1,-1,-1,-1,-1,-1,-1,-1,-1,-1,-1,-1
9178,1,-1,-1,-1,-1,-1,-1,-1,-1,-1,-1,-1,-1,-1,-1,-1,-1,-1,-1,-1,-1,-0.392110465011314,-0.0880456295278407,-0.0880456295278407,-0.5,-0.5,0.66110964736696,0.66110964736696,0.128782150941446,0.128782150941445,-0.237360915794604,-0.263241434774582,0.151267675330649,-0.189056236220049,-1,-1,-1,-1,-1,-1,-1,-1,-1,-1,-1,-1,-1
8790,1,-1,-1,-1,-1,-1,-1,-1,-1,-1,-1,-1,-1,-1,-1,-1,-1,-1,-1,-1,-1,-0.0791812460476251,-0.0268721464003012,0.172467740681531,0.172467740681531,0.2571245099649,-0.371067862271736,0.449092531119419,-1,-1,-1,-1,-1,-1,-1,-1,-1,-1,-1,-1,-1,-1,-1,-1,-1,-1,-1
11618,1,-1,-1,-1,-1,-1,-1,-1,-1,-1,-1,-1,-1,-1,-1,-1,-1,-1,-1,-1,-1,-1,-1,0.152629870872693,0.121006776899851,0.0705533259332687,0.0252314955261381,0.00156232935942802,-0.00193005819705716,0.00156000905610476,-1,-1,-1,-1,-1,-1,-1,-1,-1,-1,-1,-1,-1,-1,-1,-1,-1
11607,1,-1,-1,-1,-1,-1,-1,-1,-1,-1,-1,-1,-1,-1,-1,-1,-1,-1,-1,-1,-1,-1,-1,-1,0.0386256700584404,0.0314411561724794,0.00784572387669513,-0.0330293900533953,-0.0724781416547291,-0.0846437804192135,-0.0649561160404284,-0.0223794355275091,0.0181200513637898,0.0318276220385316,0.0138265997610412,-0.0179128445458385,-0.0400688216719969,-0.0478959229569855,-0.0441326986056789,-0.0378495597165904,-0.036163357337188,-0.0389769683622148,-0.0419141689337561,-1,-1,-1,-1
11596,1,-1,-1,-1,-1,-1,-1,-1,-1,-1,-1,-1,-1,-1,-1,-1,-1,-1,-1,-1,-1,-1,-1,-1,0.0374872255778054,0.0295011129734157,0.00646435527268219,-0.0311644101069022,-0.0680488097431051,-0.0837306568426097,-0.073312279481847,-0.0372267382701508,0.0121524196229847,0.0557105112171947,0.0791009226526627,-1,-1,-1,-1,-1,-1,-1,-1,-1,-1,-1,-1
11605,1,-1,-1,-1,-1,-1,-1,-1,-1,-1,-1,-1,-1,-1,-1,-1,-1,-1,-1,-1,-1,-1,-1,-1,-1,-1,-0.00261674364056796,-0.00456358383834932,-0.00764220481598743,-0.0107592947409225,-0.0135989222963029,-0.0161154440041318,-0.0173060402382941,-0.0153488012285048,-0.00926072952578361,-0.000101974238503111,0.00973541239759834,0.0182732221840669,0.0248174217972372,0.0294479955090976,0.032298933659721,0.0335780959073664,0.0338763690903114,-1,-1,-1,-1
11604,1,-1,-1,-1,-1,-1,-1,-1,-1,-1,-1,-1,-1,-1,-1,-1,-1,-1,-1,-1,-1,-1,-1,-1,-1,-1,-0.02904118696231,-0.0281888104569457,-0.0272157106365412,-0.0273972445040083,-0.0297406421010309,-0.0344487212395013,-0.0409616499458694,-0.0483005933316227,-0.0553956286490367,-0.0613306122652397,-0.0655762632742616,-0.0681538506912216,-0.069546745749379,-0.0703366858607004,-0.0708461500358113,-0.0711097393821372,-1,-1,-1,-1,-1
11252,1,-1,-1,-1,-1,-1,-1,-1,-1,-1,-1,-1,-1,-1,-1,-1,-1,-1,-1,-1,-1,-1,-1,-1,-1,-1,0.0813636487488498,0.0813636487488498,0.574031267727719,0.45229767099463,-1,-1,-1,-1,-1,-1,-1,-1,-1,-1,-1,-1,-1,-1,-1,-1,-1
5716,1,-1,-1,-1,-1,-1,-1,-1,-1,-1,-1,-1,-1,-1,-1,-1,-1,-1,-1,-1,-1,-1,-1,-1,-1,-1,-0.00739809008238002,-0.00739809008199455,-0.00739809008140613,-0.0073980900809878,-0.00739809008103576,-0.00739809008154113,-0.00739809008219439,-0.00739809008261183,-1,-1,-1,-1,-1,-1,-1,-1,-1,-1,-1,-1,-1
11609,1,-1,-1,-1,-1,-1,-1,-1,-1,-1,-1,-1,-1,-1,-1,-1,-1,-1,-1,-1,-1,-1,-1,-1,-1,-1,-1,-1,-1,0.136453363251793,0.136453363250814,0.136453363249282,0.136453363247973,0.136453363247393,0.136453363247448,0.136453363247656,-1,-1,-1,-1,-1,-1,-1,-1,-1,-1,-1
11606,1,-1,-1,-1,-1,-1,-1,-1,-1,-1,-1,-1,-1,-1,-1,-1,-1,-1,-1,-1,-1,-1,-1,-1,-1,-1,-1,-1,-1,0.14157486396676,0.105760570756675,-0.151163390426341,-0.072496954393376,0.0367982839943255,-1,-1,-1,-1,-1,-1,-1,-1,-1,-1,-1,-1,-1
12490,1,-1,-1,-1,-1,-1,-1,-1,-1,-1,-1,-1,-1,-1,-1,-1,-1,-1,-1,-1,-1,-1,-1,-1,-1,-1,-1,-1,-1,-1,0.257497530665702,0.233339050288304,0.186709876056378,0.12650173879786,0.0656459454579625,0.0176121118285659,-0.00759664357050949,-1,-1,-1,-1,-1,-1,-1,-1,-1,-1
11266,1,-1,-1,-1,-1,-1,-1,-1,-1,-1,-1,-1,-1,-1,-1,-1,-1,-1,-1,-1,-1,-1,-1,-1,-1,-1,-1,-1,-1,-1,0.273001272063738,0.263241434774581,-0.263241434774581,-1,-1,-1,-1,-1,-1,-1,-1,-1,-1,-1,-1,-1,-1
15315,1,-1,-1,-1,-1,-1,-1,-1,-1,-1,-1,-1,-1,-1,-1,-1,-1,-1,-1,-1,-1,-1,-1,-1,-1,-1,-1,-1,-1,-1,-1,-1,0.0427092728540599,0.0427092728540004,0.0427092728540264,0.0427092728542837,0.0427092728547565,0.0427092728552851,0.0427092728557108,0.0427092728559733,0.0427092728560998,0.042709272856142,-1,-1,-1,-1,-1
11231,1,-1,-1,-1,-1,-1,-1,-1,-1,-1,-1,-1,-1,-1,-1,-1,-1,-1,-1,-1,-1,-1,-1,-1,-1,-1,-1,-1,-1,-1,-1,-1,0.396452697348871,-0.561548572103089,-0.0935302723566758,0.114719571426614,0.202825512302926,-1,-1,-1,-1,-1,-1,-1,-1,-1,-1
11617,1,-1,-1,-1,-1,-1,-1,-1,-1,-1,-1,-1,-1,-1,-1,-1,-1,-1,-1,-1,-1,-1,-1,-1,-1,-1,-1,-1,-1,-1,-1,-1,-1,-1,-0.0159229660971691,-1,-1,-1,-1,-1,-1,-1,-1,-1,-1,-1,-1
4871,1,-1,-1,-1,-1,-1,-1,-1,-1,-1,-1,-1,-1,-1,-1,-1,-1,-1,-1,-1,-1,-1,-1,-1,-1,-1,-1,-1,-1,-1,-1,-1,-1,-1,-0.477121254719662,-0.352182518111362,-1,-1,-1,-1,-1,-1,-1,-1,-1,-1,-1
23324,1,-1,-1,-1,-1,-1,-1,-1,-1,-1,-1,-1,-1,-1,-1,-1,-1,-1,-1,-1,-1,-1,-1,-1,-1,-1,-1,-1,-1,-1,-1,-1,-1,-1,-1,0.349000859325173,0.17419477358827,-0.000951357405415632,-0.176091259055681,-0.352539815113748,-0.528273777167044,-1,-1,-1,-1,-1,-1
18839,1,-1,-1,-1,-1,-1,-1,-1,-1,-1,-1,-1,-1,-1,-1,-1,-1,-1,-1,-1,-1,-1,-1,-1,-1,-1,-1,-1,-1,-1,-1,-1,-1,-1,-1,-0.0426770335759052,0.162752276905504,0.0551940832578308,-1,-1,-1,-1,-1,-1,-1,-1,-1
18836,1,-1,-1,-1,-1,-1,-1,-1,-1,-1,-1,-1,-1,-1,-1,-1,-1,-1,-1,-1,-1,-1,-1,-1,-1,-1,-1,-1,-1,-1,-1,-1,-1,-1,-1,0.0730370770191895,0.512793247361708,0.191302915291238,-1,-1,-1,-1,-1,-1,-1,-1,-1
15317,1,-1,-1,-1,-1,-1,-1,-1,-1,-1,-1,-1,-1,-1,-1,-1,-1,-1,-1,-1,-1,-1,-1,-1,-1,-1,-1,-1,-1,-1,-1,-1,-1,-1,-1,0.636500636031869,0.636500636031869,-1.17609125905568,-1,-1,-1,-1,-1,-1,-1,-1,-1
11529,1,-1,-1,-1,-1,-1,-1,-1,-1,-1,-1,-1,-1,-1,-1,-1,-1,-1,-1,-1,-1,-1,-1,-1,-1,-1,-1,-1,-1,-1,-1,-1,-1,-1,-1,0.18518676389021,-0.573750079966583,-1,-1,-1,-1,-1,-1,-1,-1,-1,-1
18866,1,-1,-1,-1,-1,-1,-1,-1,-1,-1,-1,-1,-1,-1,-1,-1,-1,-1,-1,-1,-1,-1,-1,-1,-1,-1,-1,-1,-1,-1,-1,-1,-1,-1,-1,-1,-1,0.0862667346443051,-1,-1,-1,-1,-1,-1,-1,-1,-1
18865,1,-1,-1,-1,-1,-1,-1,-1,-1,-1,-1,-1,-1,-1,-1,-1,-1,-1,-1,-1,-1,-1,-1,-1,-1,-1,-1,-1,-1,-1,-1,-1,-1,-1,-1,-1,-1,0.142860251789126,-1,-1,-1,-1,-1,-1,-1,-1,-1
18863,1,-1,-1,-1,-1,-1,-1,-1,-1,-1,-1,-1,-1,-1,-1,-1,-1,-1,-1,-1,-1,-1,-1,-1,-1,-1,-1,-1,-1,-1,-1,-1,-1,-1,-1,-1,-1,-0.442834473743145,-1,-1,-1,-1,-1,-1,-1,-1,-1
18861,1,-1,-1,-1,-1,-1,-1,-1,-1,-1,-1,-1,-1,-1,-1,-1,-1,-1,-1,-1,-1,-1,-1,-1,-1,-1,-1,-1,-1,-1,-1,-1,-1,-1,-1,-1,-1,0.197418014838874,-1,-1,-1,-1,-1,-1,-1,-1,-1
11520,1,-1,-1,-1,-1,-1,-1,-1,-1,-1,-1,-1,-1,-1,-1,-1,-1,-1,-1,-1,-1,-1,-1,-1,-1,-1,-1,-1,-1,-1,-1,-1,-1,-1,-1,-1,-1,0.961795647329771,-0.24491405368505,0.332744408841188,-0.20127480507393,-1,-1,-1,-1,-1,-1
11526,1,-1,-1,-1,-1,-1,-1,-1,-1,-1,-1,-1,-1,-1,-1,-1,-1,-1,-1,-1,-1,-1,-1,-1,-1,-1,-1,-1,-1,-1,-1,-1,-1,-1,-1,-1,-1,-1,0.301029995663981,0.740362689494244,-0.196294645143968,-1,-1,-1,-1,-1,-1
15321,1,0.047136011284552,0.0471360112838717,-1,-1,-1,-1,-1,-1,-1,-1,-1,-1,-1,-1,-1,-1,-1,-1,-1,-1,-1,-1,-1,-1,-1,-1,-1,-1,-1,-1,-1,-1,-1,-1,-1,-1,-1,-1,-1,-1,-1,-1,-1,-1,-1,-1
15327,1,0.0277445351523422,0.025813344300889,0.0216992827953346,0.0160330059775351,0.00998570462488368,0.00408112457499321,-0.00181284829922168,-0.00762640114471269,-0.0128469086902121,-0.017175551256186,-0.0209359761441252,-0.0246157510734815,-0.028283375825771,-0.0316252844356995,-0.0342706452782426,-0.0358096795949163,-0.0356925047943046,-0.0334939016101852,-0.0293524045355964,-0.0239908754200178,-0.0182993717955018,-0.0130161100597808,-0.00870145597899841,-0.00565713591984496,-0.00366036108884416,-0.00193438887067465,0.000364906451513214,0.00356494557569187,0.00738452436719861,0.0112920691226952,0.014782604395204,0.0173725220162551,0.0186814328763738,-1,-1,-1,-1,-1,-1,-1,-1,-1,-1,-1,-1,-1
15320,1,-1,-1,-1,-0.00390219413316162,-0.00385374771416958,-0.00367943320966102,-0.00332060394731259,-0.00278846397878141,-0.00211947924961864,-0.00131469064943435,-0.000350994969703144,0.000769332196635997,0.00201559092972126,0.0033648095470209,0.00480569861807245,0.00630786011990869,0.0078176061108004,0.00928002180741938,0.010623423794422,0.0117204031322617,0.0124339765427561,0.012763718526736,0.0129247648294557,0.013221832546694,0.013832476979009,0.0147382537319509,0.0158472035604165,0.0171136370008615,0.018514670560847,0.0199742554083771,0.0213746648414226,0.0226241114527053,0.0236651459936441,0.0244378683656423,0.0249052449397866,0.0251269843589377,0.0252445762209446,0.025354270751512,0.0254356465062058,-1,-1,-1,-1,-1,-1,-1
8748,1,-1,-1,-1,-1,0.0062648011405908,0.00626480114163686,0.00626480114418371,0.00626480114827999,0.00626480115327999,0.00626480115808636,0.00626480116170636,0.00626480116374539,0.00626480116449257,-1,-1,-1,-1,-1,-1,-1,-1,-1,-1,-1,-1,-1,-1,-1,-1,-1,-1,-1,-1,-1,-1,-1,-1,-1,-1,-1,-1,-1,-1,-1,-1,-1
2237,1,-1,-1,-1,-1,-1,-1,-1,-0.0636169966301781,-0.0632115329328258,-0.0625039067986704,-0.0616865319515028,-0.0608183696766864,-0.0597797319812443,-0.0584405765030049,-0.0567984608238579,-0.0549336924944872,-0.0528805582398628,-0.0506055791413189,-0.0481156772065696,-0.0455201185589507,-0.0430510314617962,-0.0409795728557838,-0.0394952089811531,-0.0386390598670583,-0.0383139996643223,-0.0383393990647565,-0.0385163028077926,-0.0386865505161849,-0.0387728884002432,-1,-1,-1,-1,-1,-1,-1,-1,-1,-1,-1,-1,-1,-1,-1,-1,-1
5471,1,-1,-1,-1,-1,-1,-1,-1,-1,-1,-0.036271202956685,-0.036271202956685,-0.036271202956685,-0.0362712029566854,-0.036271202956685,-0.036271202956685,-0.036271202956685,-0.036271202956685,-0.036271202956685,-0.0362712029566854,-0.036271202956685,-0.0362712029566852,-0.036271202956685,-0.036271202956685,-0.036271202956685,0.176091259055681,0.176091259055681,0.040617850908264,0.360151447782638,0.201290692637061,0.0470329525109174,-1,-1,-1,-1,-1,-1,-1,-1,-1,-1,-1,-1,-1,-1,-1,-1
5469,1,-1,-1,-1,-1,-1,-1,-1,-1,-1,-0.0272327545984732,-0.0272327545984732,-0.0272327545984732,-0.0272327545984732,-0.0272327545984736,-0.0272327545984732,-0.0272327545984732,-0.0272327545984732,-0.0272327545984732,-0.0272327545984732,-0.0272327545984732,-0.0738001130008143,-0.0738001130008143,-0.0738001130008143,-0.0738001130008143,0.152309643988771,0.152309643988771,0.152309643988771,0.152309643988771,-1,-1,-1,-1,-1,-1,-1,-1,-1,-1,-1,-1,-1,-1,-1,-1,-1,-1
5464,1,-1,-1,-1,-1,-1,-1,-1,-1,-1,-0.0205628609100179,-0.0203368523146583,-0.0198848351239436,-0.0192068093378692,-0.0183027749564384,-0.0171727319796489,-0.0158166804075024,-0.0142346202399963,-0.0123907297940256,-0.0101600337722996,-0.00762774674825595,-0.00503211607686449,-0.00251826337310534,-2.06754669740405e-06,0.00271519134108145,0.00568390946435038,0.00873424561417302,0.0117309119886766,0.0142781108686889,0.0161565023550416,0.0174643579394735,0.0184440179813659,0.0192931168224906,0.0201221038333901,0.0210070306752481,0.0220045456066891,0.0231122730778841,0.0242647066647521,0.0253972741773283,0.0264979661046234,0.0275788326456761,0.0286155663111991,0.0295433427426408,0.0303064976483807,0.0308840950077731,0.0312663206783852,0.0314465586444217
11240,1,-1,-1,-1,-1,-1,-1,-1,-1,-1,-1,-1,0.0120878448572745,0.01208784485737,0.0120878448575041,0.0120878448575636,0.0120878448574939,0.0120878448571702,0.0120878448565658,0.0120878448558139,0.0120878448551007,0.0120878448544768,0.0120878448539763,0.0120878448535562,0.0120878448531396,0.0120878448527217,0.0120878448523758,0.0120878448521875,-1,-1,-1,-1,-1,-1,-1,-1,-1,-1,-1,-1,-1,-1,-1,-1,-1,-1,-1
2018,1,-1,-1,-1,-1,-1,-1,-1,-1,-1,-1,-1,-1,0.0161994529678875,0.0161994529679007,0.0161994529678623,0.0161994529677372,0.0161994529676145,0.0161994529675963,0.0161994529675966,0.0161994529673315,0.0161994529666276,0.0161994529657086,0.0161994529650846,-1,-1,-1,-1,-1,-1,-1,-1,-1,-1,-1,-1,-1,-1,-1,-1,-1,-1,-1,-1,-1,-1,-1
9072,1,-1,-1,-1,-1,-1,-1,-1,-1,-1,-1,-1,-1,-1,-1,-0.00108837038401099,-0.00108837038439669,-0.0010883703852278,-0.0010883703865523,-0.00108837038840015,-0.00108837039067322,-0.00108837039309839,-0.00108837039542964,-0.00108837039762499,-0.0010883703996929,-0.00108837040145415,-0.00108837040255305,-0.00108837040282128,-0.00108837040247955,-0.00108837040196197,-0.00108837040157983,-0.00108837040139242,-0.00108837040133225,-1,-1,-1,-1,-1,-1,-1,-1,-1,-1,-1,-1,-1,-1
9071,1,-1,-1,-1,-1,-1,-1,-1,-1,-1,-1,-1,-1,-1,-1,-0.00732443230481516,-0.00732443230499547,-0.00732443230531565,-0.00732443230568514,-0.00732443230604884,-0.00732443230638413,-0.00732443230666435,-0.00732443230689483,-0.00732443230712931,-0.00732443230745616,-0.00732443230790603,-0.00732443230842561,-0.00732443230894031,-0.00732443230941948,-0.00732443230987245,-0.00732443231028812,-0.00732443231060653,-0.00732443231077085,-1,-1,-1,-1,-1,-1,-1,-1,-1,-1,-1,-1,-1,-1
9070,1,-1,-1,-1,-1,-1,-1,-1,-1,-1,-1,-1,-1,-1,-1,0.0036522999503914,0.00365229995027816,0.0036522999500006,0.00365229994955563,0.00365229994904048,0.0036522999485733,0.00365229994819183,0.00365229994781835,0.00365229994733962,0.00365229994673122,0.00365229994610194,0.00365229994558591,0.00365229994523553,0.00365229994500016,0.00365229994480432,0.00365229994462801,0.00365229994449479,0.00365229994443039,-1,-1,-1,-1,-1,-1,-1,-1,-1,-1,-1,-1,-1,-1
9069,1,-1,-1,-1,-1,-1,-1,-1,-1,-1,-1,-1,-1,-1,-1,-0.00647993081129039,-0.00647993081132547,-0.00647993081142317,-0.00647993081160481,-0.00647993081188636,-0.00647993081222831,-0.0064799308125556,-0.00647993081281717,-0.00647993081300346,-0.00647993081309228,-0.00647993081301723,-0.00647993081272324,-0.00647993081225229,-0.00647993081176268,-0.00647993081139875,-0.00647993081119713,-0.00647993081110876,-0.00647993081107656,-1,-1,-1,-1,-1,-1,-1,-1,-1,-1,-1,-1,-1,-1
9068,1,-1,-1,-1,-1,-1,-1,-1,-1,-1,-1,-1,-1,-1,-1,0.11157395777238,-0.000421235140799947,-0.0640885175968946,-0.00606626024026413,0.0325433199423455,-0.0509703855994479,-0.116481062294192,0.000693997948060687,0.190886336022472,0.198025137713737,-0.000307402220595776,-0.15369906980678,-0.100189317824415,0.0308061271018811,0.0522285910015428,-0.0167416014898674,-0.0461760368718012,-0.0225814287774444,-1,-1,-1,-1,-1,-1,-1,-1,-1,-1,-1,-1,-1,-1
9067,1,-1,-1,-1,-1,-1,-1,-1,-1,-1,-1,-1,-1,-1,-1,0.0292019309958687,0.0287733184352359,0.0278240136796704,0.0263715065437564,0.0245716452155529,0.0226590835018259,0.0207497050013807,0.0186263796326087,0.0158442739869042,0.0122097754208039,0.00815386302687493,0.00451524299128181,0.00190961363619069,0.000351173076050593,-0.000542338245081542,-0.00111158615405715,-0.00147355710819097,-0.00163945098316232,-1,-1,-1,-1,-1,-1,-1,-1,-1,-1,-1,-1,-1,-1
5708,1,-1,-1,-1,-1,-1,-1,-1,-1,-1,-1,-1,-1,-1,-1,0.0348442864498049,0.0300598343138243,0.0196447066913232,0.00591500471650708,-0.00503458130072554,-0.00665501215299713,0.00325214089152626,0.0205647003704246,0.0377949670523692,0.0492787881243411,0.0540271687027767,-1,-1,-1,-1,-1,-1,-1,-1,-1,-1,-1,-1,-1,-1,-1,-1,-1,-1,-1,-1,-1
2370,1,-1,-1,-1,-1,-1,-1,-1,-1,-1,-1,-1,-1,-1,-1,-1,0.0197694545571641,0.0200299533348343,0.0203674060896946,0.0202828817995888,0.0192375593458562,0.0171535145207637,0.0145087993172801,0.0118337275108655,0.00926977043529709,0.00676139034370937,0.00445948812196484,0.00261245558738343,0.00113200090574184,-0.000361016772101763,-0.0019636180036775,-0.00326889918130036,-0.00389772770300612,-0.00400810609886726,-1,-1,-1,-1,-1,-1,-1,-1,-1,-1,-1,-1,-1
2236,1,-1,-1,-1,-1,-1,-1,-1,-1,-1,-1,-1,-1,-1,-1,-1,-0.00830955044870096,-0.00864279547810742,-0.0093202401069501,-0.0102590935016682,-0.0112796667744575,-0.0121343483628391,-0.0126001148788486,-1,-1,-1,-1,-1,-1,-1,-1,-1,-1,-1,-1,-1,-1,-1,-1,-1,-1,-1,-1,-1,-1,-1,-1
11970,1,-1,-1,-1,-1,-1,-1,-1,-1,-1,-1,-1,-1,-1,-1,-1,-1,0.101368020494728,0.101368020494549,0.101368020494313,0.101368020494206,0.101368020494322,0.101368020494566,0.101368020494748,-1,-1,-1,-1,-1,-1,-1,-1,-1,-1,-1,-1,-1,-1,-1,-1,-1,-1,-1,-1,-1,-1,-1
11968,1,-1,-1,-1,-1,-1,-1,-1,-1,-1,-1,-1,-1,-1,-1,-1,-1,2.00432137378264,-2.00432137378264,-1,-1,-1,-1,-1,-1,-1,-1,-1,-1,-1,-1,-1,-1,-1,-1,-1,-1,-1,-1,-1,-1,-1,-1,-1,-1,-1,-1
17781,1,-1,-1,-1,-1,-1,-1,-1,-1,-1,-1,-1,-1,-1,-1,-1,-1,-1,-1,0.215058113478732,0.138417269544644,0.0369958400847938,-0.0170031634064109,-0.000798242827797058,0.0454011894686297,0.0681691872366157,0.0515301567758848,0.0194216094955073,0.000219853932636127,-0.000816153844007239,0.0039012769934077,0.0055318860249165,-1,-1,-1,-1,-1,-1,-1,-1,-1,-1,-1,-1,-1,-1,-1
8908,1,-1,-1,-1,-1,-1,-1,-1,-1,-1,-1,-1,-1,-1,-1,-1,-1,-1,-1,0.0135147653067849,0.0135929080258497,0.0138418062194745,0.014319266666984,0.014970537352279,0.0156655013931064,0.0162993773167135,0.0168444997839492,0.0173131073582109,0.0177018666615458,0.0179921558969252,0.0181874937237838,0.0183198082325409,0.0184131949235127,0.0184637518103981,-1,-1,-1,-1,-1,-1,-1,-1,-1,-1,-1,-1,-1
8907,1,-1,-1,-1,-1,-1,-1,-1,-1,-1,-1,-1,-1,-1,-1,-1,-1,-1,-1,0.0678168221444664,0.0710450878476498,0.0749805076339833,0.075109656919758,0.0678561888242841,0.0519431652390345,0.0290922268127924,0.00592401989884372,-0.00627861016400066,0.00159173012474723,0.0268164291818582,0.053709885942367,0.0659812484251692,0.0616157839755496,0.0533485862894776,-1,-1,-1,-1,-1,-1,-1,-1,-1,-1,-1,-1,-1
5465,1,-1,-1,-1,-1,-1,-1,-1,-1,-1,-1,-1,-1,-1,-1,-1,-1,-1,-1,-0.210368931932926,0.00489475387664018,0.00489475387664018,0.00489475387664018,0.00489475387663996,0.00489475387664018,-0.00611844234580006,-0.00611844234580028,-0.00611844234580006,-0.00611844234580028,-1,-1,-1,-1,-1,-1,-1,-1,-1,-1,-1,-1,-1,-1,-1,-1,-1,-1
2017,1,-1,-1,-1,-1,-1,-1,-1,-1,-1,-1,-1,-1,-1,-1,-1,-1,-1,-1,0.138324449323606,0.138324449323606,0.138324449323606,-0.118795855101249,-0.0982718764694064,-0.0982718764694064,-0.0982718764694064,-0.0982718764694064,-1,-1,-1,-1,-1,-1,-1,-1,-1,-1,-1,-1,-1,-1,-1,-1,-1,-1,-1,-1
11239,1,-1,-1,-1,-1,-1,-1,-1,-1,-1,-1,-1,-1,-1,-1,-1,-1,-1,-1,-1,-0.00604203182986351,-0.0060420318299923,-0.00604203183016594,-0.0060420318302743,-0.00604203183027652,-0.00604203183022722,-0.00604203183021168,-0.00604203183025476,-0.00604203183030494,-1,-1,-1,-1,-1,-1,-1,-1,-1,-1,-1,-1,-1,-1,-1,-1,-1,-1
7660,1,-1,-1,-1,-1,-1,-1,-1,-1,-1,-1,-1,-1,-1,-1,-1,-1,-1,-1,-1,-0.000851895082882859,-0.000851895083374909,-0.000851895084082344,-0.00085189508478134,-0.00085189508559802,-0.000851895086687371,-0.000851895087851329,-0.000851895088832322,-0.00085189508981065,-0.000851895091212196,-0.000851895093018307,-0.00085189509459882,-0.000851895095416833,-0.000851895095604238,-1,-1,-1,-1,-1,-1,-1,-1,-1,-1,-1,-1,-1
5467,1,-1,-1,-1,-1,-1,-1,-1,-1,-1,-1,-1,-1,-1,-1,-1,-1,-1,-1,-1,-0.0492293319527359,-0.0489357868545839,-0.0458410142361894,-0.0387925235574178,-0.0257839703673872,-0.00739244941234363,0.0134104098978045,0.0349444858721253,0.0528373851304111,0.0640550159724551,0.0686949024426453,-1,-1,-1,-1,-1,-1,-1,-1,-1,-1,-1,-1,-1,-1,-1,-1
4861,1,-1,-1,-1,-1,-1,-1,-1,-1,-1,-1,-1,-1,-1,-1,-1,-1,-1,-1,-1,-0.00793473292584013,-0.00793473292591163,-0.00793473292598357,-0.0079347329259809,-0.00793473292591118,-0.00793473292582947,-0.00793473292575575,-0.00793473292567537,-0.00793473292558566,-0.0079347329255115,-0.00793473292545466,-0.0079347329253836,-0.0079347329252899,-0.00793473292522018,-1,-1,-1,-1,-1,-1,-1,-1,-1,-1,-1,-1,-1
27289,1,-1,-1,-1,-1,-1,-1,-1,-1,-1,-1,-1,-1,-1,-1,-1,-1,-1,-1,-1,-1,-0.00143636541721914,-0.00153690834579745,-0.00257693508205836,-0.00514583673901514,-0.00878325342989816,-0.0124005572124126,-0.0152857606410048,-0.0174630692061508,-0.0192074998194807,-0.0205671367627578,-0.0214490439501893,-0.0219019950690935,-0.0221044681401268,-0.022182750162743,-1,-1,-1,-1,-1,-1,-1,-1,-1,-1,-1,-1
11257,1,-1,-1,-1,-1,-1,-1,-1,-1,-1,-1,-1,-1,-1,-1,-1,-1,-1,-1,-1,-1,-0.0222096852779869,-0.0187471310029912,-0.012716416565218,-0.00537951447634888,0.00302008665826703,0.0130193756890773,0.0242920991883622,0.0345152136516496,0.0404417285606886,-1,-1,-1,-1,-1,-1,-1,-1,-1,-1,-1,-1,-1,-1,-1,-1,-1
11238,1,-1,-1,-1,-1,-1,-1,-1,-1,-1,-1,-1,-1,-1,-1,-1,-1,-1,-1,-1,-1,0.0285583338993756,0.0286308482745882,0.0288626103850437,0.0292960973189818,0.0298551462340664,0.0303766221253318,0.0307176655820424,0.0308509577682121,0.0308655993222242,-1,-1,-1,-1,-1,-1,-1,-1,-1,-1,-1,-1,-1,-1,-1,-1,-1
9066,1,-1,-1,-1,-1,-1,-1,-1,-1,-1,-1,-1,-1,-1,-1,-1,-1,-1,-1,-1,-1,0.0591214521186567,0.183916596567638,0.048848567537817,-0.180736164101445,0.0271522460436149,-1,-1,-1,-1,-1,-1,-1,-1,-1,-1,-1,-1,-1,-1,-1,-1,-1,-1,-1,-1,-1
5732,1,-1,-1,-1,-1,-1,-1,-1,-1,-1,-1,-1,-1,-1,-1,-1,-1,-1,-1,-1,-1,0.105146964559899,0.0978431793512056,0.0318713661163676,-0.113193396008061,-0.262651628269368,-0.297602848607977,-0.178293812552909,0.0033844605783091,0.112573384023715,0.106294182647269,0.0600066303709297,-1,-1,-1,-1,-1,-1,-1,-1,-1,-1,-1,-1,-1,-1,-1
5474,1,-1,-1,-1,-1,-1,-1,-1,-1,-1,-1,-1,-1,-1,-1,-1,-1,-1,-1,-1,-1,0.0906780073917126,0.0906780073917126,0.0906780073917126,0.0906780073917126,0.0906780073917127,0.0906780073917125,-1,-1,-1,-1,-1,-1,-1,-1,-1,-1,-1,-1,-1,-1,-1,-1,-1,-1,-1,-1
5473,1,-1,-1,-1,-1,-1,-1,-1,-1,-1,-1,-1,-1,-1,-1,-1,-1,-1,-1,-1,-1,0.0314204388945201,0.0314204388945205,0.0314204388945201,0.0314204388945201,-0.00909650241300941,-0.00909650241300941,-1,-1,-1,-1,-1,-1,-1,-1,-1,-1,-1,-1,-1,-1,-1,-1,-1,-1,-1,-1
5472,1,-1,-1,-1,-1,-1,-1,-1,-1,-1,-1,-1,-1,-1,-1,-1,-1,-1,-1,-1,-1,-0.114091508282261,-0.114091508282261,-0.114091508282261,-0.114091508282261,0.198970004336019,0.198970004336019,-0.0634862575211064,0.397940008672037,-1,-1,-1,-1,-1,-1,-1,-1,-1,-1,-1,-1,-1,-1,-1,-1,-1,-1
6368,1,-1,-1,-1,-1,-1,-1,-1,-1,-1,-1,-1,-1,-1,-1,-1,-1,-1,-1,-1,-1,-1,-1,-0.0488996794347374,-0.0254674088531348,0.0105014813742268,0.0389228683450886,0.0451779613139038,0.029229326450757,0.00303766960709595,-0.0189254370707119,-0.0285746479748967,-0.027462208380113,-0.0234902010777156,-1,-1,-1,-1,-1,-1,-1,-1,-1,-1,-1,-1,-1
8628,1,-1,-1,-1,-1,-1,-1,-1,-1,-1,-1,-1,-1,-1,-1,-1,-1,-1,-1,-1,-1,-1,-1,-1,-0.0125556076581321,-0.01255560765854,-0.0125556076590481,-0.0125556076592408,-0.0125556076589648,-0.0125556076583622,-0.0125556076576356,-0.0125556076569153,-0.0125556076563211,-0.0125556076559945,-1,-1,-1,-1,-1,-1,-1,-1,-1,-1,-1,-1,-1
5706,1,-1,-1,-1,-1,-1,-1,-1,-1,-1,-1,-1,-1,-1,-1,-1,-1,-1,-1,-1,-1,-1,-1,-1,0.334785743983775,0.180095992962366,-0.0341046776199545,-0.152643240973744,-0.0959543553240312,0.0698844580330975,0.199353256729372,-1,-1,-1,-1,-1,-1,-1,-1,-1,-1,-1,-1,-1,-1,-1,-1
5503,1,-1,-1,-1,-1,-1,-1,-1,-1,-1,-1,-1,-1,-1,-1,-1,-1,-1,-1,-1,-1,-1,-1,-1,-0.0234306665143706,-0.0236848378615631,-0.0237707878917313,-0.0232498855220076,-0.0221416098553719,-0.0208289966867437,-0.0195687478872777,-0.0182242798896959,-0.0164474480286965,-0.0139912862385991,-0.0108330003644188,-0.00714057951332103,-0.00322867522571135,0.000534629786048235,0.00394059318684237,0.00710537729886296,0.0103375702828301,0.0137670431299093,0.0171154275066423,0.0198634161422764,0.0216435565261863,0.0224836158427091,0.022727467870804
5466,1,-1,-1,-1,-1,-1,-1,-1,-1,-1,-1,-1,-1,-1,-1,-1,-1,-1,-1,-1,-1,-1,-1,-1,-0.0231675916588001,-0.0234165403036042,-0.0234143707601802,-0.0226416066370136,-0.0211281365043927,-0.0193863538964658,-0.0178452599780994,-0.0164645890084054,-0.0148637315190983,-0.0126906851161031,-0.0098389601452582,-0.00644710827400496,-0.00281708383102108,0.000711193046136094,0.00395130312544123,0.00700186485722254,0.0101271591762944,0.0134342102494047,0.0166631054014987,0.0193241150174035,0.0210560471945174,0.0218724749119561,0.0221057230739543
5475,1,-1,-1,-1,-1,-1,-1,-1,-1,-1,-1,-1,-1,-1,-1,-1,-1,-1,-1,-1,-1,-1,-1,-1,-1,-0.442303290648965,-0.442303290648965,-1,-1,-1,-1,-1,-1,-1,-1,-1,-1,-1,-1,-1,-1,-1,-1,-1,-1,-1,-1
5470,1,-1,-1,-1,-1,-1,-1,-1,-1,-1,-1,-1,-1,-1,-1,-1,-1,-1,-1,-1,-1,-1,-1,-1,-1,-0.113074417748658,-0.113074417748658,-0.113074417748658,-0.113074417748658,-1,-1,-1,-1,-1,-1,-1,-1,-1,-1,-1,-1,-1,-1,-1,-1,-1,-1
5468,1,-1,-1,-1,-1,-1,-1,-1,-1,-1,-1,-1,-1,-1,-1,-1,-1,-1,-1,-1,-1,-1,-1,-1,-1,0.111590472728531,0.111590472728531,0.111590472728531,0.111590472728531,-1,-1,-1,-1,-1,-1,-1,-1,-1,-1,-1,-1,-1,-1,-1,-1,-1,-1
11268,1,-1,-1,-1,-1,-1,-1,-1,-1,-1,-1,-1,-1,-1,-1,-1,-1,-1,-1,-1,-1,-1,-1,-1,-1,-1,0.000194031768941283,0.000194031768773639,0.000194031768344427,0.000194031767591918,0.000194031766610037,0.000194031765683222,0.000194031765143432,-1,-1,-1,-1,-1,-1,-1,-1,-1,-1,-1,-1,-1,-1
7718,1,-1,-1,-1,-1,-1,-1,-1,-1,-1,-1,-1,-1,-1,-1,-1,-1,-1,-1,-1,-1,-1,-1,-1,-1,-1,0.0543576623225928,0.048304679574555,0.0421011075973476,0.0421011075973476,0.0421011075973474,0.0421011075973476,0.0299632233774432,0.0142404391146103,-1,-1,-1,-1,-1,-1,-1,-1,-1,-1,-1,-1,-1
17782,1,-1,-1,-1,-1,-1,-1,-1,-1,-1,-1,-1,-1,-1,-1,-1,-1,-1,-1,-1,-1,-1,-1,-1,-1,-1,-1,-1,-1,-0.020959189199923,-0.02589015505847,-0.0407042865419586,-0.0584405867479332,-0.0567396665921693,-0.0133464806210515,0.0714955488805007,0.165946891421038,0.225233515729663,-1,-1,-1,-1,-1,-1,-1,-1,-1
2020,1,-1,-1,-1,-1,-1,-1,-1,-1,-1,-1,-1,-1,-1,-1,-1,-1,-1,-1,-1,-1,-1,-1,-1,-1,-1,-1,-1,-1,-1,0.142667503568732,0.0334237554869496,-0.352182518111362,0.412180447786648,-1,-1,-1,-1,-1,-1,-1,-1,-1,-1,-1,-1,-1
27180,1,-1,-1,-1,-1,-1,-1,-1,-1,-1,-1,-1,-1,-1,-1,-1,-1,-1,-1,-1,-1,-1,-1,-1,-1,-1,-1,-1,-1,-1,-1,-0.0349486989503328,-1,-1,-1,-1,-1,-1,-1,-1,-1,-1,-1,-1,-1,-1,-1
27178,1,-1,-1,-1,-1,-1,-1,-1,-1,-1,-1,-1,-1,-1,-1,-1,-1,-1,-1,-1,-1,-1,-1,-1,-1,-1,-1,-1,-1,-1,-1,-1,0.189151727531318,0.0503893994369921,0.0503893994369923,-0.245229615062268,0.248134605705675,-0.00502096914707018,-0.0050209691470704,-1,-1,-1,-1,-1,-1,-1,-1
11230,1,-1,-1,-1,-1,-1,-1,-1,-1,-1,-1,-1,-1,-1,-1,-1,-1,-1,-1,-1,-1,-1,-1,-1,-1,-1,-1,-1,-1,-1,-1,-1,-0.582464435264582,-0.0401172232079823,-0.412180447786648,0.533602610672111,0.135404170286465,-1,-1,-1,-1,-1,-1,-1,-1,-1,-1
27288,1,-1,-1,-1,-1,-1,-1,-1,-1,-1,-1,-1,-1,-1,-1,-1,-1,-1,-1,-1,-1,-1,-1,-1,-1,-1,-1,-1,-1,-1,-1,-1,-1,-0.242637592704114,-1,-1,-1,-1,-1,-1,-1,-1,-1,-1,-1,-1,-1
23129,1,-1,-1,-1,-1,-1,-1,-1,-1,-1,-1,-1,-1,-1,-1,-1,-1,-1,-1,-1,-1,-1,-1,-1,-1,-1,-1,-1,-1,-1,-1,-1,-1,-0.0354929631673477,-0.0351568301602998,-0.0340463989586983,-0.0322853075143141,-0.0308498306057108,-0.0306594785761234,-0.0305847384410194,-0.0263555339746979,-0.0131724263208775,0.00888076113077818,0.0325047746788323,0.0482971850871687,0.0531162192856818,0.0522342598834042
15318,1,-1,-1,-1,-1,-1,-1,-1,-1,-1,-1,-1,-1,-1,-1,-1,-1,-1,-1,-1,-1,-1,-1,-1,-1,-1,-1,-1,-1,-1,-1,-1,-1,-1,-0.360309344342059,0.0986402790628096,0.0986402790628096,1.17193529928452,-1,-1,-1,-1,-1,-1,-1,-1,-1
11420,1,-1,-1,-1,-1,-1,-1,-1,-1,-1,-1,-1,-1,-1,-1,-1,-1,-1,-1,-1,-1,-1,-1,-1,-1,-1,-1,-1,-1,-1,-1,-1,-1,-1,-1,-1,-1,-1,-0.0717964479497706,0.222600743877458,-1,-1,-1,-1,-1,-1,-1
27179,1,-1,-1,-1,-1,-1,-1,-1,-1,-1,-1,-1,-1,-1,-1,-1,-1,-1,-1,-1,-1,-1,-1,-1,-1,-1,-1,-1,-1,-1,-1,-1,-1,-1,-1,-1,-1,-1,-1,-1,-1,0.082405124322996,0.082405124322996,0.145401790555984,-0.0883632895856197,-1,-1
2037,1,-0.0923520929165429,-0.0839756925888557,-0.0729982586403439,-0.0626125305045377,-0.0533933138135927,-0.0443960679096049,-0.0357595734865437,-0.0289638354335926,-0.0247706769996352,-0.022194142409977,-0.019853005745857,-0.0173950290223974,-0.015003979468946,-0.0122065835479264,-0.00806750292176872,-0.0025084247194247,0.00315611495484402,0.00725738060631498,0.00939654155538072,0.0112323958117746,0.0156079102477662,0.0243306307763533,0.0364507050854028,0.0490921115342009,0.060245354578512,0.0701103515838479,0.0791508422009222,0.085766924194866,0.087458489603379,0.0842939342865532,0.079656627109804,0.0768566838148561,0.0761764507343403,-1,-1,-1,-1,-1,-1,-1,-1,-1,-1,-1,-1,-1
11952,1,-1,-1,-1,-1,-1,-1,-1,-1,-1,-1,-1,-1,-1,-1,-1,-1,0,1.00216068689132,1.00216068689132,-1,-1,-1,-1,-1,-1,-1,-1,-1,-1,-1,-1,-1,-1,-1,-1,-1,-1,-1,-1,-1,-1,-1,-1,-1,-1,-1
11969,1,-1,-1,-1,-1,-1,-1,-1,-1,-1,-1,-1,-1,-1,-1,-1,-1,-1,0.280463675856093,-0.0683616771091549,0.0336421398243978,-0.198372949201483,0.380790047534447,-0.34111576674153,-1,-1,-1,-1,-1,-1,-1,-1,-1,-1,-1,-1,-1,-1,-1,-1,-1,-1,-1,-1,-1,-1,-1
4733,1,-1,-1,-1,-1,-1,-1,-1,-1,-1,-1,-1,-1,-1,-1,-1,-1,-1,-1,0.268265793483395,0.26974544081628,0.267280341748206,0.255640761850319,0.235899119243506,0.214974059890909,0.199441344527209,0.190593717217643,0.185525161726441,0.181768841744943,0.179474930856041,-1,-1,-1,-1,-1,-1,-1,-1,-1,-1,-1,-1,-1,-1,-1,-1,-1
2038,1,-1,-1,-1,-1,-1,-1,-1,-1,-1,-1,-1,-1,-1,-1,-1,-1,-1,-1,0.887377618891364,0.667851020556816,0.343193732454854,0.094586565472607,0.0113843586081281,0.0402168830998018,0.0731035179711954,0.0534870787834794,-0.00179606843813485,-0.0527533567479352,-0.079078930333091,-1,-1,-1,-1,-1,-1,-1,-1,-1,-1,-1,-1,-1,-1,-1,-1,-1
17783,1,-1,-1,-1,-1,-1,-1,-1,-1,-1,-1,-1,-1,-1,-1,-1,-1,-1,-1,-1,0.0438039557203838,-0.686931895687541,-1,-1,-1,-1,-1,-1,-1,-1,-1,-1,-1,-1,-1,-1,-1,-1,-1,-1,-1,-1,-1,-1,-1,-1,-1
9074,1,-1,-1,-1,-1,-1,-1,-1,-1,-1,-1,-1,-1,-1,-1,-1,-1,-1,-1,-1,-1,0.0784274793747297,0.078428298742216,0.0784296802499025,0.0784311441927814,0.078432384027324,0.0784333463693194,0.0784339942093557,0.0784341780522464,0.0784338032181608,0.07843304762764,0.0784323035317436,0.0784318694922468,0.0784317392879994,-1,-1,-1,-1,-1,-1,-1,-1,-1,-1,-1,-1,-1
9073,1,-1,-1,-1,-1,-1,-1,-1,-1,-1,-1,-1,-1,-1,-1,-1,-1,-1,-1,-1,-1,-1,0.100088247384724,0.108992213703844,0.125631114456209,0.143013764602593,0.14829929394476,0.130147946330297,0.0901481560230395,0.0471440634834885,0.0263361071346764,0.0393402585831426,0.0727548174173482,0.0986214668716259,-1,-1,-1,-1,-1,-1,-1,-1,-1,-1,-1,-1,-1
9075,1,-1,-1,-1,-1,-1,-1,-1,-1,-1,-1,-1,-1,-1,-1,-1,-1,-1,-1,-1,-1,-1,-1,0.602059991327962,0.138302698166281,-0.196294645143968,0,0.196294645143968,-0.263241434774581,-1,-1,-1,-1,-1,-1,-1,-1,-1,-1,-1,-1,-1,-1,-1,-1,-1,-1
9076,1,-1,-1,-1,-1,-1,-1,-1,-1,-1,-1,-1,-1,-1,-1,-1,-1,-1,-1,-1,-1,-1,-1,-1,0.544068044350276,0,-0.0487093452260794,-0.0487093452260793,-0.0487093452260793,-1,-1,-1,-1,-1,-1,-1,-1,-1,-1,-1,-1,-1,-1,-1,-1,-1,-1
7725,1,-1,-1,-1,-1,-1,-1,-1,-1,-1,-1,-1,-1,-1,-1,-1,-1,-1,-1,-1,-1,-1,-1,-1,-1,-1,0.698970004336019,0.301029995663981,0.109833173457566,0.109833173457566,0.109833173457566,0.109833173457565,0.072550667148612,-0.511883360978874,-1,-1,-1,-1,-1,-1,-1,-1,-1,-1,-1,-1,-1
15285,1,-0.0792249871716875,-0.0714950166685551,-0.0480032737618741,-0.0182254000034465,-0.00163114541385045,-0.00672237446594615,-0.0203440041984302,-0.0206293718904011,0.000304380532828663,0.0274332079614572,0.0357108730534432,0.0122243349591273,-0.0317914098511967,-0.0692433953331255,-0.078801762809201,-0.060746155963213,-0.0329473595209882,-0.0128405544215937,-0.00492293329828053,-1,-1,-1,-1,-1,-1,-1,-1,-1,-1,-1,-1,-1,-1,-1,-1,-1,-1,-1,-1,-1,-1,-1,-1,-1,-1,-1
2039,1,-0.0388699623622526,-0.0388699623622526,-0.0388699623622526,-0.0388699623622526,-0.0388699623622526,-0.0388699623622526,-0.0388699623622526,-0.0388699623622526,-0.038869962362253,-0.0388699623622526,-0.0388699623622526,-0.0388699623622526,-0.0388699623622526,-0.0388699623622526,-0.237145224465659,-0.0102321049555885,-0.0102321049555889,-0.0102321049555889,-0.0102321049555885,-0.0102321049555889,-0.0102321049555885,-0.0102321049555889,-0.0102321049555889,-0.0102321049555885,-0.0102321049555889,-1,-1,-1,-1,-1,-1,-1,-1,-1,-1,-1,-1,-1,-1,-1,-1,-1,-1,-1,-1,-1
2242,1,-1,-1,-1,-0.023965122259503,-0.0286727354007343,-0.0425123721379563,-0.0597041813145625,-0.0632599390057953,-0.0449231481998029,-0.0186724661530047,-0.00490466061065797,-0.00546372516347926,-0.00560913330127111,0.000584943570245411,0.00110812485517719,-0.011598488141193,-0.0210945881901479,-0.002815146383222,0.0443884470252587,0.0950225097461139,0.12551677366435,0.134077644567364,0.128648592816972,0.108676193245779,0.07130073125923,0.0293413545398025,0.00738948621161573,0.0164091990569064,0.0419543796232542,0.0621884482847808,0.0697651739034146,-1,-1,-1,-1,-1,-1,-1,-1,-1,-1,-1,-1,-1,-1,-1
15286,1,-1,-1,-1,-1,-1,-1,-1,0.51295967994837,-0.485807433904755,-0.740362689494244,0.156308682208526,0.156308682208526,0.156308682208526,0.156308682208526,0.156308682208526,0.156308682208526,0.964332169779764,-1,-1,-1,-1,-1,-1,-1,-1,-1,-1,-1,-1,-1,-1,-1,-1,-1,-1,-1,-1,-1,-1,-1,-1,-1,-1,-1,-1,-1
23320,1,-1,-1,-1,-1,-1,-1,-1,-1,-1,-0.0762162929014214,-0.0694358545032596,-0.0643670290962377,-0.0677380861198298,-0.0736925711889271,-0.0698796757922098,-0.0542464204888271,-0.041189521403918,-0.0480619214405158,-0.0768094275070659,-0.111765271945877,-0.136296860680422,-0.147103723171167,-0.144202956024937,-0.127594559241728,-0.097278532821547,-0.0532548767643899,-0.00370260167787995,0.0176730251268181,0.00303469348767393,-0.0271013548968511,-0.0502098892637031,-0.0594520374970884,-1,-1,-1,-1,-1,-1,-1,-1,-1,-1,-1,-1,-1,-1
23325,1,-1,-1,-1,-1,-1,-1,-1,-1,-1,-1,0.0103813584363249,0.0103813584389505,0.0103813584432038,0.0103813584476434,0.0103813584519806,0.0103813584570124,0.0103813584632741,0.0103813584704132,0.0103813584777729,0.0103813584850032,0.0103813584918614,0.010381358497805,0.0103813585021979,0.0103813585049056,0.0103813585064487,0.0103813585075075,0.0103813585083711,0.0103813585088952,-1,-1,-1,-1,-1,-1,-1,-1,-1,-1,-1,-1,-1,-1,-1,-1,-1,-1
8965,1,-1,-1,-1,-1,-1,-1,-1,-1,-1,-1,0.0255541044723882,-0.243038048686294,-0.576754126063192,0.545237074617127,-0.101908372290787,-0.101908372290787,-0.101908372290787,-0.0447097349694814,-0.0382645000952826,0.0280674050648984,0.0280674050648986,0.0280674050648984,0.0280674050648984,0.0280674050648984,0.0280674050648984,-0.333214679035382,-1,-1,-1,-1,-1,-1,-1,-1,-1,-1,-1,-1,-1,-1,-1,-1,-1,-1,-1,-1
2263,1,-1,-1,-1,-1,-1,-1,-1,-1,-1,-1,0.109167563241896,0.0842883122048836,0.0452936945459084,0.00547978605760635,-0.0337197021800506,-0.0722257027129465,-0.0934612837466524,-0.0744729681389575,-0.0188957582408067,0.0312548294602046,0.0294553867742917,-0.0277429884982858,-0.0925046598577839,-0.10814858935171,-0.059502744027244,0.0167165107338221,0.0678015701407344,-1,-1,-1,-1,-1,-1,-1,-1,-1,-1,-1,-1,-1,-1,-1,-1,-1,-1,-1
23326,1,-1,-1,-1,-1,-1,-1,-1,-1,-1,-1,-1,-1,-1,0.301029995663981,0.544068044350276,0.0579919469776866,-0.380211241711606,0,0.342422680822206,0.428429330819938,-0.0149771559696528,0.178623595571076,0.0477727817960008,0.0746336182969043,0.178623595571076,0.14648859566732,-0.0702631815191141,-1,-1,-1,-1,-1,-1,-1,-1,-1,-1,-1,-1,-1,-1,-1,-1,-1,-1,-1
2264,1,-1,-1,-1,-1,-1,-1,-1,-1,-1,-1,-1,-1,-1,-1,0.0481867293338696,0.0261077296716925,-0.0180328756820072,-0.0729911300756942,-0.119942052906915,-0.1445225441007,-0.146348954464178,-0.137281300655856,-0.130220972453388,-0.130035767247657,-0.134562527478737,-0.141256645929632,-0.149881848357344,-0.15933102837507,-0.165675751645321,-1,-1,-1,-1,-1,-1,-1,-1,-1,-1,-1,-1,-1,-1,-1,-1,-1
11234,1,-1,-1,-1,-1,-1,-1,-1,-1,-1,-1,-1,-1,-1,-1,-1,-1,-1,-0.00663449910843611,-0.00499156703898129,-0.00168647379439224,0.00311170342891154,0.0094637078732388,0.0179661533873959,0.0294883148794968,0.0443195578514775,0.0626697181962346,0.0833935805396012,0.103472373083909,0.118868803315675,0.126656334283816,-1,-1,-1,-1,-1,-1,-1,-1,-1,-1,-1,-1,-1,-1,-1,-1
23321,1,-1,-1,-1,-1,-1,-1,-1,-1,-1,-1,-1,-1,-1,-1,-1,-1,-1,-1,-1,0.075239215489655,0.0781992731854139,0.0887094964591351,0.0849020591343805,0.0147462599405201,-0.130148572732938,-0.250561631852651,-0.209452158856864,0.00656893311394213,0.231650942525999,0.273531480635947,0.118144517296143,-0.0606335110081033,-0.112348200152359,-0.0549370728829004,0.0573915755949259,-1,-1,-1,-1,-1,-1,-1,-1,-1,-1,-1
15223,1,-1,-1,-1,-1,-1,-1,-1,-1,-1,-1,-1,-1,-1,-1,-1,-1,-1,-1,-1,-1,-1,0.0961912306505321,-1,-1,-1,-1,-1,-1,-1,-1,-1,-1,-1,-1,-1,-1,-1,-1,-1,-1,-1,-1,-1,-1,-1,-1
23328,1,-1,-1,-1,-1,-1,-1,-1,-1,-1,-1,-1,-1,-1,-1,-1,-1,-1,-1,-1,-1,-1,-1,-1,0.113271586542714,0.0455298149125358,-0.0473612135740753,-0.0879257499855532,-0.0396979713287099,0.0421152097793121,0.0584745236920538,-0.0231804801236089,-0.119931752889831,-0.117922448127151,-0.00410213858129951,0.113036991414245,0.126301803214153,0.0495304078984427,-0.0122593995178074,0.00122412419806905,0.0430441081026277,-1,-1,-1,-1,-1,-1
23327,1,-1,-1,-1,-1,-1,-1,-1,-1,-1,-1,-1,-1,-1,-1,-1,-1,-1,-1,-1,-1,-1,-1,-1,0.500602350569185,0,0.183644396946127,-1,-1,-1,-1,-1,-1,-1,-1,-1,-1,-1,-1,-1,-1,-1,-1,-1,-1,-1,-1
15284,1,-1,-1,-1,-1,-1,-1,-1,-1,-1,-1,-1,-1,-1,-1,-1,-1,-1,-1,-1,-1,-1,-1,-1,-0.56194276811998,-1,-1,-1,-1,-1,-1,-1,-1,-1,-1,-1,-1,-1,-1,-1,-1,-1,-1,-1,-1,-1,-1
23329,1,-1,-1,-1,-1,-1,-1,-1,-1,-1,-1,-1,-1,-1,-1,-1,-1,-1,-1,-1,-1,-1,-1,-1,-1,-1,-1,-1,-1,0.323976513171639,0.247423190388997,0.124120606647332,0.0189352576968478,-0.0134667318471235,0.0324641895256379,0.112186522807171,0.167014875042946,-1,-1,-1,-1,-1,-1,-1,-1,-1,-1
11236,1,-1,-1,-1,-1,-1,-1,-1,-1,-1,-1,-1,-1,-1,-1,-1,-1,-1,-1,-1,-1,-1,-1,-1,-1,-1,-1,-1,-1,-1,-1,-1,-1,0.0620566987358595,0.0620566987358431,0.0620566987359394,0.0620566987363333,0.0620566987371145,0.0620566987381466,0.0620566987391009,0.06205669873964,-1,-1,-1,-1,-1,-1
9101,1,-1,-1,-1,-1,-1,-1,-1,-1,-1,-1,-1,-1,-1,-1,-1,-1,-1,-1,-1,-1,-1,-1,-1,-1,-1,-1,-1,-1,-1,-1,-1,-1,-0.109144469425068,0.0579919469776867,-0.0280287236002434,-1,-1,-1,-1,-1,-1,-1,-1,-1,-1,-1
4870,1,-1,-1,-1,-1,-1,-1,-1,-1,-1,-1,-1,-1,-1,-1,-1,-1,-1,-1,-1,-1,-1,-1,-1,-1,-1,-1,-1,-1,-1,-1,-1,-1,-1,0.134146738395124,-0.0761547914174372,-1,-1,-1,-1,-1,-1,-1,-1,-1,-1,-1
23323,1,-1,-1,-1,-1,-1,-1,-1,-1,-1,-1,-1,-1,-1,-1,-1,-1,-1,-1,-1,-1,-1,-1,-1,-1,-1,-1,-1,-1,-1,-1,-1,-1,-1,-1,-0.0547054357637382,-0.054864916982444,-0.0540382106848694,-0.0555173278498313,-0.0537822744512937,-0.0550098262064496,-1,-1,-1,-1,-1,-1
18841,1,-1,-1,-1,-1,-1,-1,-1,-1,-1,-1,-1,-1,-1,-1,-1,-1,-1,-1,-1,-1,-1,-1,-1,-1,-1,-1,-1,-1,-1,-1,-1,-1,-1,-1,-0.0556264059571241,0.048904270419833,-0.218902063852224,-1,-1,-1,-1,-1,-1,-1,-1,-1
18840,1,-1,-1,-1,-1,-1,-1,-1,-1,-1,-1,-1,-1,-1,-1,-1,-1,-1,-1,-1,-1,-1,-1,-1,-1,-1,-1,-1,-1,-1,-1,-1,-1,-1,-1,-0.131466914129388,-0.0150340665970174,0.0150340665970174,-1,-1,-1,-1,-1,-1,-1,-1,-1
18870,1,-1,-1,-1,-1,-1,-1,-1,-1,-1,-1,-1,-1,-1,-1,-1,-1,-1,-1,-1,-1,-1,-1,-1,-1,-1,-1,-1,-1,-1,-1,-1,-1,-1,-1,-1,-1,-0.43781129782825,-1,-1,-1,-1,-1,-1,-1,-1,-1
18869,1,-1,-1,-1,-1,-1,-1,-1,-1,-1,-1,-1,-1,-1,-1,-1,-1,-1,-1,-1,-1,-1,-1,-1,-1,-1,-1,-1,-1,-1,-1,-1,-1,-1,-1,-1,-1,0.291793706298401,-1,-1,-1,-1,-1,-1,-1,-1,-1
18867,1,-1,-1,-1,-1,-1,-1,-1,-1,-1,-1,-1,-1,-1,-1,-1,-1,-1,-1,-1,-1,-1,-1,-1,-1,-1,-1,-1,-1,-1,-1,-1,-1,-1,-1,-1,-1,0.132785239703304,-1,-1,-1,-1,-1,-1,-1,-1,-1
18864,1,-1,-1,-1,-1,-1,-1,-1,-1,-1,-1,-1,-1,-1,-1,-1,-1,-1,-1,-1,-1,-1,-1,-1,-1,-1,-1,-1,-1,-1,-1,-1,-1,-1,-1,-1,-1,0.171291024776657,-1,-1,-1,-1,-1,-1,-1,-1,-1
17795,1,-1,-1,-1,-1,-1,-1,-1,-1,-1,-1,-1,-1,-1,-1,-1,-1,-1,-1,-1,-1,-1,-1,-1,-1,-1,-1,-1,-1,-1,-1,-1,-1,-1,-1,-1,-1,0.103036895160471,-0.397005036336965,0.349580386408826,0.125981460955315,0.109838230725798,0.167102717509865,-1,-1,-1,-1
17794,1,-1,-1,-1,-1,-1,-1,-1,-1,-1,-1,-1,-1,-1,-1,-1,-1,-1,-1,-1,-1,-1,-1,-1,-1,-1,-1,-1,-1,-1,-1,-1,-1,-1,-1,-1,-1,0.0263289387223491,-0.306169635316392,0.196294645143968,0.229674087128313,-0.210368931932926,0.261521454380308,-1,-1,-1,-1
17792,1,-1,-1,-1,-1,-1,-1,-1,-1,-1,-1,-1,-1,-1,-1,-1,-1,-1,-1,-1,-1,-1,-1,-1,-1,-1,-1,-1,-1,-1,-1,-1,-1,-1,-1,-1,-1,0.269715932995579,-0.987991092526985,0.381853188778583,0.0610539654099782,-0.0693264913759679,0.0621479067488444,-1,-1,-1,-1
17790,1,-1,-1,-1,-1,-1,-1,-1,-1,-1,-1,-1,-1,-1,-1,-1,-1,-1,-1,-1,-1,-1,-1,-1,-1,-1,-1,-1,-1,-1,-1,-1,-1,-1,-1,-1,-1,0.325030272067748,-0.205054954990998,0.0427519804209497,-0.226396377367077,0.56943551603857,-0.144897738872737,-1,-1,-1,-1
15282,1,-1,-1,-1,-1,-1,-1,-1,-1,-1,-1,-1,-1,-1,-1,-1,-1,-1,-1,-1,-1,-1,-1,-1,-1,-1,-1,-1,-1,-1,-1,-1,-1,-1,-1,-1,-1,-1,-1,-1,-0.100806393329389,-1,-1,-1,-1,-1,-1
2036,1,0.0293659820804095,0.0287431030932153,0.0277828008900551,0.0265024567003291,0.024953779863037,0.023263807977852,0.0216085253520168,0.0200953165406317,0.0186796462138072,0.0172445737257696,0.0157750524521503,0.0143399429057449,0.0130477922911767,0.0119533546468655,0.011038392384993,0.0102877980422484,0.009747210856202,0.0094791749472487,0.00947217429615388,0.00961647168398083,0.00977328732745741,0.00985819737067084,-1,-1,-1,-1,-1,-1,-1,-1,-1,-1,-1,-1,-1,-1,-1,-1,-1,-1,-1,-1,-1,-1,-1,-1
15287,1,-1,0.0307520362585414,0.0307520362583869,0.0307520362581433,0.0307520362579221,0.030752036257788,0.0307520362577596,0.0307520362578622,0.0307520362581568,0.0307520362586637,0.0307520362593334,0.0307520362600628,0.030752036260794,0.0307520362615259,0.0307520362622529,0.0307520362629234,0.0307520362634683,0.0307520362638676,0.03075203626415,0.0307520362643392,0.0307520362644338,-1,-1,-1,-1,-1,-1,-1,-1,-1,-1,-1,-1,-1,-1,-1,-1,-1,-1,-1,-1,-1,-1,-1,-1,-1
10412,1,-1,-1,-0.158577046031615,-0.0693522744984612,0.0778803685394227,0.170420740492556,0.095492284274773,-0.107795805497938,-0.240245495061433,-0.157103137280499,0.0388448962197112,0.1065305284694,-0.0274347409577562,-0.167181589658182,-0.101884043550874,0.114574859693296,0.228181469221327,0.0967810469046742,-0.164581537889036,-0.359430688789157,-0.428225027098269,-1,-1,-1,-1,-1,-1,-1,-1,-1,-1,-1,-1,-1,-1,-1,-1,-1,-1,-1,-1,-1,-1,-1,-1,-1
2035,1,-1,-1,-1,-1,-0.0346220294712976,-0.0346220294712976,-0.0346220294712976,-0.0346220294712976,-0.0346220294712976,-0.0346220294712976,-0.0346220294712976,-0.0346220294712976,-0.0346220294712976,-0.0346220294712976,-0.0346220294712973,-0.0346220294712976,-0.0129649771643676,-0.0486919238997245,0.329518533475419,0.191885526238913,0.0490736612859921,0.0490736612859921,0.0490736612859921,0.0490736612859921,-0.292651064091211,0.353103609616554,0.127690347599079,0.0532806760746891,-1,-1,-1,-1,-1,-1,-1,-1,-1,-1,-1,-1,-1,-1,-1,-1,-1,-1
2262,1,-1,-1,-1,-1,-1,-1,-1,-1,-1,-0.0209509703876156,-0.021263901587798,-0.0263120879474088,-0.0369008197268066,-0.044410608223628,-0.0358621353417798,-0.00627454862468957,0.0342604101169135,0.0666892901584588,0.0768778459250195,0.0644724509004164,0.0398841014807423,0.0143957599736457,-0.0065166041471878,-0.0221554608792385,-0.0320258557226993,-0.0342503296925103,-0.0284523986837262,-0.0187149213424109,-0.0117966631615896,-1,-1,-1,-1,-1,-1,-1,-1,-1,-1,-1,-1,-1,-1,-1,-1,-1
23358,1,-1,-1,-1,-1,-1,-1,-1,-1,-1,-1,-0.0835696169711722,-0.08356961697115,-0.0835696169711031,-0.0835696169710481,-0.0835696169710175,-0.0835696169710287,-0.0835696169710703,-0.0835696169711181,-0.0835696169711545,-0.0835696169711543,-0.0835696169710727,-0.0835696169708832,-0.0835696169706181,-0.083569616970348,-0.0835696169701149,-0.0835696169699144,-0.0835696169697459,-0.0835696169696469,-1,-1,-1,-1,-1,-1,-1,-1,-1,-1,-1,-1,-1,-1,-1,-1,-1,-1
23356,1,-1,-1,-1,-1,-1,-1,-1,-1,-1,-1,-1,-1,-1,1.05554223402368,0.629654719359626,0.099510443880843,-0.135153763243108,-0.0139813252430612,0.174174843414594,0.155654956013286,-0.0470680160367276,-0.199802908501873,-0.149085083892397,0.0247448161853825,0.130311542068297,0.0884908487006244,0.000836383468208246,-1,-1,-1,-1,-1,-1,-1,-1,-1,-1,-1,-1,-1,-1,-1,-1,-1,-1,-1
2261,1,-1,-1,-1,-1,-1,-1,-1,-1,-1,-1,-1,-1,-1,-1,0.0911954511037334,0.0761852952203053,0.050000590062663,0.0215052224264849,-0.00252806564765518,-0.0211409182127438,-0.0363417603619176,-0.048573952919682,-0.0555575749277051,-0.0549421661906795,-0.047234090199517,-0.0359525484777155,-0.025349544964538,-0.0181218568621873,-0.0146818151457726,-0.0137549077993315,-1,-1,-1,-1,-1,-1,-1,-1,-1,-1,-1,-1,-1,-1,-1,-1
11237,1,-1,-1,-1,-1,-1,-1,-1,-1,-1,-1,-1,-1,-1,-1,-1,-1,-1,0.0054298339993204,0.00511682398485225,0.00480303710948737,0.00485716943463799,0.00535063725948004,0.00615583653788287,0.00733772293411183,0.00926629755518138,0.0122678821805808,0.016238850965218,0.0206767166771766,0.0250450789255283,0.0290213963424382,0.0324235805842044,0.0350634063849675,0.0368033570863089,0.0377242880514324,0.0381196482130621,0.0382830509722238,0.0383508734826303,-1,-1,-1,-1,-1,-1,-1,-1,-1
2033,1,-1,-1,-1,-1,-1,-1,-1,-1,-1,-1,-1,-1,-1,-1,-1,-1,-1,-0.00689866672706163,-0.00689866672710693,-0.00689866672715045,-0.0068986667271469,-0.00689866672711537,-0.00689866672712114,-0.00689866672717487,-0.00689866672720107,-0.00689866672712025,-0.00689866672695549,-0.00689866672682626,-1,-1,-1,-1,-1,-1,-1,-1,-1,-1,-1,-1,-1,-1,-1,-1,-1,-1
2032,1,-1,-1,-1,-1,-1,-1,-1,-1,-1,-1,-1,-1,-1,-1,-1,-1,-1,0.00711548356142178,0.00711548356086333,0.00711548356006797,0.00711548355946379,0.00711548355911251,0.00711548355869551,0.00711548355794234,0.00711548355696312,0.00711548355612157,0.00711548355566016,0.00711548355551583,-1,-1,-1,-1,-1,-1,-1,-1,-1,-1,-1,-1,-1,-1,-1,-1,-1,-1
11243,1,-1,-1,-1,-1,-1,-1,-1,-1,-1,-1,-1,-1,-1,-1,-1,-1,-1,-1,-1,-0.0766570520633847,-0.0203213044714312,0.0690705420057194,0.141865688223149,0.156990147905065,0.111853525546435,0.042803878739389,-0.00339118163701402,-1,-1,-1,-1,-1,-1,-1,-1,-1,-1,-1,-1,-1,-1,-1,-1,-1,-1,-1
5080,1,-1,-1,-1,-1,-1,-1,-1,-1,-1,-1,-1,-1,-1,-1,-1,-1,-1,-1,-1,-1,0.0257663637824526,0.0219281141745973,0.0155740145225876,0.00911973859812187,0.00415727425896106,0.000647656636223903,-0.002232081263569,-0.00477861656162215,-0.00637908145841859,-1,-1,-1,-1,-1,-1,-1,-1,-1,-1,-1,-1,-1,-1,-1,-1,-1
15298,1,-1,-1,-1,-1,-1,-1,-1,-1,-1,-1,-1,-1,-1,-1,-1,-1,-1,-1,-1,-1,-1,0.0367487303160345,0.0362687275746909,0.037179104949201,0.041567479535713,0.0498646125750328,0.0605917582782505,0.0712687296261434,0.0792223050179368,0.0822815313065677,0.079890348320939,0.0738985030901902,0.0676288856467373,0.063580725052653,0.0620401751701718,-1,-1,-1,-1,-1,-1,-1,-1,-1,-1,-1
2034,1,-1,-1,-1,-1,-1,-1,-1,-1,-1,-1,-1,-1,-1,-1,-1,-1,-1,-1,-1,-1,-1,-0.0708558572634939,0.0778047172188217,0.0267342532472448,0.0622919274704108,0.0219018414478294,0.0053071269209366,-1,-1,-1,-1,-1,-1,-1,-1,-1,-1,-1,-1,-1,-1,-1,-1,-1,-1,-1
8905,1,-1,-1,-1,-1,-1,-1,-1,-1,-1,-1,-1,-1,-1,-1,-1,-1,-1,-1,-1,-1,-1,-1,-0.0330002601029253,-0.237360915794604,0.397940008672038,-0.0776048578126698,-1,-1,-1,-1,-1,-1,-1,-1,-1,-1,-1,-1,-1,-1,-1,-1,-1,-1,-1,-1
5724,1,-1,-1,-1,-1,-1,-1,-1,-1,-1,-1,-1,-1,-1,-1,-1,-1,-1,-1,-1,-1,-1,-1,0.346761271534325,0.265210231125875,0.13120369143065,0.0100640347646339,-0.0416392670133832,-0.0150508892611954,0.0494153884682014,0.0963002641098585,-1,-1,-1,-1,-1,-1,-1,-1,-1,-1,-1,-1,-1,-1,-1,-1
23357,1,-1,-1,-1,-1,-1,-1,-1,-1,-1,-1,-1,-1,-1,-1,-1,-1,-1,-1,-1,-1,-1,-1,-1,0.602059991327962,-0.0579919469776867,0.516629796003336,-1,-1,-1,-1,-1,-1,-1,-1,-1,-1,-1,-1,-1,-1,-1,-1,-1,-1,-1,-1
15300,1,-1,-1,-1,-1,-1,-1,-1,-1,-1,-1,-1,-1,-1,-1,-1,-1,-1,-1,-1,-1,-1,-1,-1,-0.522878745280337,-1,-1,-1,-1,-1,-1,-1,-1,-1,-1,-1,-1,-1,-1,-1,-1,-1,-1,-1,-1,-1,-1
8906,1,-1,-1,-1,-1,-1,-1,-1,-1,-1,-1,-1,-1,-1,-1,-1,-1,-1,-1,-1,-1,-1,-1,-1,-1,-1,-1,-1,0.0916829168371212,0.0916829168520921,0.091682916875953,0.0916829168973341,0.0916829169084137,0.0916829169099334,0.0916829169081992,-1,-1,-1,-1,-1,-1,-1,-1,-1,-1,-1,-1
15304,1,-1,-1,-1,-1,-1,-1,-1,-1,-1,-1,-1,-1,-1,-1,-1,-1,-1,-1,-1,-1,-1,-1,-1,-1,-1,-1,-1,-1,0.301029995663981,-0.243038048686294,-0.425968732272281,0.425968732272281,-1,-1,-1,-1,-1,-1,-1,-1,-1,-1,-1,-1,-1,-1
15289,1,-1,-1,-1,-1,-1,-1,-1,-1,-1,-1,-1,-1,-1,-1,-1,-1,-1,-1,-1,-1,-1,-1,-1,-1,-1,-1,-1,-1,-1,-0.0791812460476249,0.13917917572291,0.107975439158216,-0.0167056935028524,-0.116505569071437,0.0252358234160734,-1,-1,-1,-1,-1,-1,-1,-1,-1,-1,-1
15294,1,-1,-1,-1,-1,-1,-1,-1,-1,-1,-1,-1,-1,-1,-1,-1,-1,-1,-1,-1,-1,-1,-1,-1,-1,-1,-1,-1,-1,-1,-1,0.125403438445532,0.125403438445512,0.125403438445525,0.125403438445656,0.125403438445943,0.125403438446343,0.125403438446718,0.125403438446931,-1,-1,-1,-1,-1,-1,-1,-1
11919,1,-1,-1,-1,-1,-1,-1,-1,-1,-1,-1,-1,-1,-1,-1,-1,-1,-1,-1,-1,-1,-1,-1,-1,-1,-1,-1,-1,-1,-1,-1,-1,0.150514997831991,-1,-1,-1,-1,-1,-1,-1,-1,-1,-1,-1,-1,-1,-1
15297,1,-1,-1,-1,-1,-1,-1,-1,-1,-1,-1,-1,-1,-1,-1,-1,-1,-1,-1,-1,-1,-1,-1,-1,-1,-1,-1,-1,-1,-1,-1,-1,0.15380613664923,0.130618136450696,-0.080319836773294,0.0450729005430999,-1,-1,-1,-1,-1,-1,-1,-1,-1,-1,-1
15302,1,-1,-1,-1,-1,-1,-1,-1,-1,-1,-1,-1,-1,-1,-1,-1,-1,-1,-1,-1,-1,-1,-1,-1,-1,-1,-1,-1,-1,-1,-1,-1,-1,-1,-0.0236417599957488,-0.0236417599957761,-0.0236417599958705,-0.0236417599960819,-0.0236417599964216,-0.023641759996833,-0.0236417599971959,-0.0236417599973968,-1,-1,-1,-1,-1
15291,1,-1,-1,-1,-1,-1,-1,-1,-1,-1,-1,-1,-1,-1,-1,-1,-1,-1,-1,-1,-1,-1,-1,-1,-1,-1,-1,-1,-1,-1,-1,-1,-1,-1,-1,-0.0161684976948875,0.0247403775782304,0.015288744507246,-0.015288744507246,-0.0446586064127379,-1,-1,-1,-1,-1,-1,-1
15288,1,-1,-1,-1,-1,-1,-1,-1,-1,-1,-1,-1,-1,-1,-1,-1,-1,-1,-1,-1,-1,-1,-1,-1,-1,-1,-1,-1,-1,-1,-1,-1,-1,-1,-1,-1,-1,0.0541315261644488,-0.0280287236002437,-1,-1,-1,-1,-1,-1,-1,-1
11522,1,-1,-1,-1,-1,-1,-1,-1,-1,-1,-1,-1,-1,-1,-1,-1,-1,-1,-1,-1,-1,-1,-1,-1,-1,-1,-1,-1,-1,-1,-1,-1,-1,-1,-1,-1,-1,-0.082974235064764,-0.048304679574555,-0.385350881364017,0.0579919469776867,-1,-1,-1,-1,-1,-1
11525,1,-1,-1,-1,-1,-1,-1,-1,-1,-1,-1,-1,-1,-1,-1,-1,-1,-1,-1,-1,-1,-1,-1,-1,-1,-1,-1,-1,-1,-1,-1,-1,-1,-1,-1,-1,-1,-1,0.0311935201829441,-0.0358384252287076,0.0768400302327226,-1,-1,-1,-1,-1,-1
2022,1,0.00812870090572204,0.00812870090503726,0.00812870090394568,0.00812870090263296,0.0081287009012887,0.00812870089997864,0.00812870089871165,0.00812870089754192,0.00812870089657958,0.00812870089587481,0.0081287008954174,0.00812870089513096,0.00812870089496665,0.00812870089489959,0.00812870089490181,0.00812870089494933,0.00812870089501905,0.00812870089508255,0.00812870089512474,-1,-1,-1,-1,-1,-1,-1,-1,-1,-1,-1,-1,-1,-1,-1,-1,-1,-1,-1,-1,-1,-1,-1,-1,-1,-1,-1
2258,1,-0.00332603442198875,-0.00332403720599972,-0.00331856282331211,-0.00330524117818198,-0.00327739978008523,-0.00323060325048719,-0.00316525339932072,-0.00308337195385633,-0.00298506378123431,-0.00287088699056914,-0.00274619862126135,-0.00261883207989344,-0.00249089920532652,-0.00235519358573377,-0.00220150308209144,-0.00202553080708423,-0.00183119156023936,-0.00162688412364886,-0.0014222584837289,-0.00122711575603285,-0.00104911425097809,-0.00089044771607627,-0.000748257435676525,-0.000619888618752285,-0.000507200536692398,-0.000414960214295323,-0.000345911124182141,-0.00029849664012449,-0.00026867335791847,-0.000252364520412662,-0.000245880699796697,-1,-1,-1,-1,-1,-1,-1,-1,-1,-1,-1,-1,-1,-1,-1
2257,1,-0.0302791908324944,-0.0307146129260518,-0.0315854571131697,-0.0325119221813783,-0.0320475755389769,-0.0304886931185897,-0.0294479996282178,-0.0292194364204605,-0.029191107020424,-0.0281049026934808,-0.0249400748214428,-0.0192237199967433,-0.0107976261637752,0.00031503873389882,0.0140344619504922,0.0303541855282554,0.0487532673282525,0.0668702918584638,0.0802434796691163,0.0846257131909391,0.0791885436198538,0.0670411016510308,0.0523125408343934,0.0372960732439362,0.0228310256101887,0.0104335800783235,0.00236222021248578,-0.000753534525495869,-0.00103228327211013,-1,-1,-1,-1,-1,-1,-1,-1,-1,-1,-1,-1,-1,-1,-1,-1,-1
2027,1,-1,0.0214806577380173,0.0214806577380218,0.0214806577380253,0.0214806577380431,0.0214806577380502,0.0214806577380688,0.0214806577380919,0.0214806577381212,0.0214806577381523,0.0214806577381745,0.0214806577381861,0.0214806577381825,0.0214806577381736,0.0214806577381585,0.0214806577381452,0.0214806577381346,0.0214806577381346,0.0214806577381497,0.0214806577381754,0.0214806577382189,0.0214806577382696,0.0214806577383184,0.0214806577383788,0.0214806577384392,0.0214806577385014,0.0214806577385618,0.0214806577386168,0.0214806577386657,0.0214806577387039,0.021480657738735,0.0214806577387501,0.0214806577387563,0.0214806577387678,0.0214806577387687,-1,-1,-1,-1,-1,-1,-1,-1,-1,-1,-1
2019,1,-1,0.0225109714539355,0.0225109714539107,0.0225109714538565,0.022510971453781,0.0225109714537188,0.0225109714536886,0.0225109714536638,0.0225109714536025,0.0225109714535128,0.0225109714534426,-1,-1,-1,-1,-1,-1,-1,-1,-1,-1,-1,-1,-1,-1,-1,-1,-1,-1,-1,-1,-1,-1,-1,-1,-1,-1,-1,-1,-1,-1,-1,-1,-1,-1,-1
6370,1,-1,-1,-1,0.0255952002025355,0.0255952002025541,0.0255952002025968,0.0255952002026651,0.0255952002027566,0.025595200202873,0.0255952002030089,0.0255952002031528,0.02559520020331,0.0255952002034681,0.0255952002036297,0.0255952002037958,0.0255952002039557,0.025595200204096,0.0255952002042186,0.0255952002043198,0.0255952002043935,0.0255952002044468,0.0255952002044806,0.0255952002045117,0.0255952002045383,0.0255952002045658,0.0255952002045996,0.0255952002046351,0.0255952002046751,0.0255952002047231,0.0255952002047719,0.0255952002048181,0.0255952002048554,0.0255952002048838,0.0255952002048971,-1,-1,-1,-1,-1,-1,-1,-1,-1,-1,-1,-1
6369,1,-1,-1,-1,0.0247093156854368,0.0247093156854441,0.024709315685459,0.024709315685485,0.0247093156855196,0.0247093156855664,0.0247093156856166,0.0247093156856681,0.0247093156857259,0.0247093156857841,0.0247093156858449,0.0247093156859028,0.0247093156859592,0.0247093156860072,0.0247093156860445,0.0247093156860712,0.0247093156860876,0.0247093156860951,0.0247093156860991,0.0247093156860996,0.024709315686104,0.024709315686108,0.024709315686116,0.0247093156861271,0.0247093156861409,0.0247093156861582,0.0247093156861782,0.0247093156861964,0.0247093156862128,0.0247093156862253,0.024709315686231,-1,-1,-1,-1,-1,-1,-1,-1,-1,-1,-1,-1
2238,1,-1,-1,-1,0.0247449810871518,0.0247449810871634,0.0247449810871994,0.0247449810872749,0.0247449810873883,0.024744981087528,0.0247449810876896,0.0247449810878733,0.0247449810880735,0.0247449810882805,0.0247449810884901,0.0247449810886917,0.0247449810888778,0.0247449810890319,0.0247449810891549,0.0247449810892473,0.0247449810893148,0.024744981089365,0.0247449810894023,0.0247449810894369,0.0247449810894689,0.0247449810894942,0.0247449810895124,0.0247449810895324,0.0247449810895675,0.0247449810896212,0.0247449810896758,0.0247449810897118,0.0247449810897264,-1,-1,-1,-1,-1,-1,-1,-1,-1,-1,-1,-1,-1,-1
11223,1,-1,-1,-1,-1,0.0153857421159871,0.0153857421160009,0.0153857421160151,0.0153857421160124,0.0153857421159889,0.01538574211594,0.0153857421158814,0.0153857421158188,0.0153857421157557,0.0153857421156953,0.0153857421156358,0.0153857421155723,0.0153857421155013,0.0153857421154253,0.015385742115344,0.0153857421152601,0.0153857421151744,0.0153857421150838,0.0153857421149901,0.0153857421148924,0.0153857421148014,0.0153857421147148,0.0153857421146402,0.0153857421145838,0.0153857421145536,0.0153857421145487,0.0153857421145598,0.01538574211457,-1,-1,-1,-1,-1,-1,-1,-1,-1,-1,-1,-1,-1,-1
11222,1,-1,-1,-1,-1,-1,-1,0.0650370344828568,0.0651302190908045,0.065126895736253,0.0646876278269559,0.063471822751354,0.0612984825860199,0.0582179912830387,0.0544047999216919,0.0499332893536728,0.0449549932662578,0.0395835294682834,0.0338774586511552,0.027895536115357,0.0217677653768558,0.0156862719715698,0.00975065950723941,0.00420067103175459,-0.000882877968775286,-0.00563026962669211,-0.0101230114873379,-0.0141300442751056,-0.0171663005929164,-0.0188919704140305,-0.0194738284998279,-0.0195045219035661,-1,-1,-1,-1,-1,-1,-1,-1,-1,-1,-1,-1,-1,-1,-1
4822,1,-1,-1,-1,-1,-1,-1,-1,-0.221848749616357,-0.0780277353444556,-0.0780277353444561,-0.0780277353444561,0.0299632233774432,0.0156173420760375,0.0156173420760375,0.0156173420760375,0.0156173420760375,0.0156173420760375,0.0156173420760375,0.0156173420760375,0.0156173420760375,0.0680870951910815,0.0680870951910819,0.0680870951910819,0.0680870951910815,0.0680870951910819,0.0680870951910815,0.0680870951910819,0.0680870951910815,0.0680870951910819,-0.0107238653917729,-0.323306390375134,0.43724974268197,-0.539912084579118,0.531478917042255,-1,-1,-1,-1,-1,-1,-1,-1,-1,-1,-1,-1
2259,1,-1,-1,-1,-1,-1,-1,-1,0.397940008672037,0.146128035678238,-0.0669467896306131,0,-1,-1,-1,-1,-1,-1,-1,-1,-1,-1,-1,-1,-1,-1,-1,-1,-1,-1,-1,-1,-1,-1,-1,-1,-1,-1,-1,-1,-1,-1,-1,-1,-1,-1,-1
11221,1,-1,-1,-1,-1,-1,-1,-1,-1,-1,0.0352206447868286,0.0352063698176228,0.0350895917419329,0.0347689045617856,0.0342049832086446,0.0334280528585023,0.0324912268572191,0.0314396084875299,0.0303284605374028,0.0292485992753821,0.0283037058179989,0.0275476303439648,0.0269468068064747,0.0264127941359673,0.0258786048591526,0.0253511991895108,0.0248994389653587,0.0245951398311117,0.0244577801806427,0.0244419050834512,0.0244703592674163,0.0244844191053737,0.0244722833694708,0.0244561781359578,-1,-1,-1,-1,-1,-1,-1,-1,-1,-1,-1,-1,-1
7726,1,-1,-1,-1,-1,-1,-1,-1,-1,-1,0.196996601312702,0.185122684113435,0.159370982087565,0.120769508685478,0.0769936045747248,0.0366398699705988,0.00439953093781043,-0.0204197664200674,-0.0415785689793933,-0.0614386809711158,-0.0779938561602638,-0.0860580594390865,-0.081708618093022,-0.0660354856116978,-0.0447194934279869,-0.0237581632799919,-0.00572373847583241,0.00984005229104512,0.0262174310452665,0.043223136003339,0.0564833470571262,0.0643034075650042,-1,-1,-1,-1,-1,-1,-1,-1,-1,-1,-1,-1,-1,-1,-1
2255,1,-1,-1,-1,-1,-1,-1,-1,-1,-1,-1,0.147218212467227,0.136821057532552,0.115320296739155,0.084137021568587,0.0453181728286316,0.00137727954935718,-0.0438118375795402,-0.0858668441156953,-0.121897445698783,-0.150772500191493,-0.171252716941978,-0.181133466984425,-0.179489152897799,-0.169473849000743,-0.157560938633263,-0.14928299919997,-0.145955977548428,-1,-1,-1,-1,-1,-1,-1,-1,-1,-1,-1,-1,-1,-1,-1,-1,-1,-1,-1
2026,1,-1,-1,-1,-1,-1,-1,-1,-1,-1,-1,-0.0319136081991203,-0.0319136081991203,-0.0319136081991207,-0.0319136081991203,-0.0319136081991203,-0.0319136081991203,-0.0319136081991203,-0.0319136081991207,-0.0319136081991203,-0.0319136081991203,-0.0319136081991203,-0.0319136081991207,-0.0319136081991203,-0.0319136081991203,-0.0319136081991203,-0.0319136081991207,-0.0319136081991203,-0.0319136081991203,-0.0319136081991203,-0.0319136081991203,-1,-1,-1,-1,-1,-1,-1,-1,-1,-1,-1,-1,-1,-1,-1,-1
2254,1,-1,-1,-1,-1,-1,-1,-1,-1,-1,-1,-1,0.0118516071542709,0.0557791901399014,0.0360613811936386,-0.130468379017985,-1,-1,-1,-1,-1,-1,-1,-1,-1,-1,-1,-1,-1,-1,-1,-1,-1,-1,-1,-1,-1,-1,-1,-1,-1,-1,-1,-1,-1,-1,-1
2253,1,-1,-1,-1,-1,-1,-1,-1,-1,-1,-1,-1,0.0184834056940133,0.052364789757616,0.0515894553685561,-0.153063025063567,-1,-1,-1,-1,-1,-1,-1,-1,-1,-1,-1,-1,-1,-1,-1,-1,-1,-1,-1,-1,-1,-1,-1,-1,-1,-1,-1,-1,-1,-1,-1
2239,1,-1,-1,-1,-1,-1,-1,-1,-1,-1,-1,-1,-0.337706130426199,-0.266581252932089,-0.14866182740303,-0.0445713356314648,-0.00307277597525646,-0.0145308391295345,-0.0278799575647097,-0.0153612606929343,0.000351121224103856,-0.00529727886476783,-0.0100130112774788,0.0237666929735858,0.0808855651717959,0.0972901046099159,0.0398762234007108,-0.0502410571704059,-0.111141320199992,-0.129387414587911,-1,-1,-1,-1,-1,-1,-1,-1,-1,-1,-1,-1,-1,-1,-1,-1,-1
11224,1,-1,-1,-1,-1,-1,-1,-1,-1,-1,-1,-1,-1,0.0514546946530188,0.0514546946530061,0.0514546946529693,0.0514546946529033,0.0514546946528136,0.0514546946527119,0.0514546946525991,0.0514546946524801,0.0514546946523553,0.0514546946522398,0.0514546946521506,0.0514546946520973,0.0514546946520813,0.0514546946521031,0.0514546946521648,0.0514546946522647,0.0514546946524028,0.05145469465256,0.0514546946527181,0.0514546946528571,0.0514546946529633,0.0514546946530285,0.0514546946530565,-1,-1,-1,-1,-1,-1,-1,-1,-1,-1,-1
2025,1,-1,-1,-1,-1,-1,-1,-1,-1,-1,-1,-1,-1,0.0709884303662516,0.0709884303661008,0.0709884303655823,0.0709884303645305,0.0709884303630457,0.0709884303614046,0.0709884303597637,0.0709884303580735,0.0709884303563029,0.0709884303547281,0.0709884303538231,-1,-1,-1,-1,-1,-1,-1,-1,-1,-1,-1,-1,-1,-1,-1,-1,-1,-1,-1,-1,-1,-1,-1
2256,1,-1,-1,-1,-1,-1,-1,-1,-1,-1,-1,-1,-1,-1,-1,-0.00584667741393208,-0.00584667741391964,-0.00584667741390321,-0.00584667741388545,-0.00584667741387612,-0.00584667741387612,-0.00584667741388589,-0.00584667741390499,-0.00584667741393385,-0.00584667741396805,-0.0058466774140018,-0.00584667741402889,-0.00584667741405331,-0.00584667741407641,-0.00584667741409595,-0.00584667741410572,-1,-1,-1,-1,-1,-1,-1,-1,-1,-1,-1,-1,-1,-1,-1,-1
6193,1,-1,-1,-1,-1,-1,-1,-1,-1,-1,-1,-1,-1,-1,-1,-1,0.0142449328270005,0.0142449328270082,0.0142449328270209,0.0142449328270253,0.0142449328270138,0.014244932826984,0.0142449328269336,0.014244932826863,0.0142449328267733,0.0142449328266743,0.0142449328265792,0.0142449328265011,0.0142449328264471,0.0142449328264176,0.014244932826408,0.0142449328264056,0.0142449328264078,0.01424493282641,-1,-1,-1,-1,-1,-1,-1,-1,-1,-1,-1,-1,-1
2240,1,-1,-1,-1,-1,-1,-1,-1,-1,-1,-1,-1,-1,-1,-1,-1,0.0415480680380185,0.0415480680388312,0.0415480680400941,0.0415480680411564,0.0415480680415947,0.041548068041505,0.0415480680413056,-1,-1,-1,-1,-1,-1,-1,-1,-1,-1,-1,-1,-1,-1,-1,-1,-1,-1,-1,-1,-1,-1,-1,-1
11971,1,-1,-1,-1,-1,-1,-1,-1,-1,-1,-1,-1,-1,-1,-1,-1,-1,-0.0435886325422161,-0.0435886325428045,-0.0435886325437975,-0.0435886325448038,-0.0435886325455157,-0.0435886325458705,-0.0435886325459811,-1,-1,-1,-1,-1,-1,-1,-1,-1,-1,-1,-1,-1,-1,-1,-1,-1,-1,-1,-1,-1,-1,-1
11930,1,-1,-1,-1,-1,-1,-1,-1,-1,-1,-1,-1,-1,-1,-1,-1,-1,0.371639106485622,-2.15154486668657,-1,-1,-1,-1,-1,-1,-1,-1,-1,-1,-1,-1,-1,-1,-1,-1,-1,-1,-1,-1,-1,-1,-1,-1,-1,-1,-1,-1
23140,1,-1,-1,-1,-1,-1,-1,-1,-1,-1,-1,-1,-1,-1,-1,-1,-1,-1,-1,0.0212437282260778,0.0210806953705984,0.0207546296596397,0.0202533318392866,0.0195237940721116,0.0185369738171657,0.0173026715558491,0.015897524282082,0.0144404357680386,0.0130604225675452,0.0118619053323701,0.0108976143408657,0.0101619700052109,0.00957917965872124,0.00905879225744677,0.00858174036745085,0.00814802398873171,0.0077576431212889,0.00741701424023766,0.00715554485782643,0.00699254547112993,0.00691708086343645,0.00689520077352324,-1,-1,-1,-1,-1
23139,1,-1,-1,-1,-1,-1,-1,-1,-1,-1,-1,-1,-1,-1,-1,-1,-1,-1,-1,-0.156305934106898,-0.156305934106898,0.125426982694391,0.125426982694391,0.125426982694391,0.0889410833367807,-0.113621890751531,-0.113621890751531,-0.0154717477153028,-0.0154717477153028,-0.0154717477153028,-0.0154717477153024,0.0896459658636606,0.089645965863661,0.089645965863661,0.0896459658636606,0.089645965863661,0.089645965863661,-0.325520199099438,0.30461428958729,0.188215530394872,-0.328904467981515,0.319547671981954,-1,-1,-1,-1,-1
5484,1,-1,-1,-1,-1,-1,-1,-1,-1,-1,-1,-1,-1,-1,-1,-1,-1,-1,-1,0.0936571280199967,0.0936571280199965,0.0936571280199967,0.0936571280199967,0.0936571280199967,0.0936571280199967,-0.224984504338024,-0.224984504338024,-1,-1,-1,-1,-1,-1,-1,-1,-1,-1,-1,-1,-1,-1,-1,-1,-1,-1,-1,-1
5483,1,-1,-1,-1,-1,-1,-1,-1,-1,-1,-1,-1,-1,-1,-1,-1,-1,-1,-1,-0.0220114073819602,-0.0220114073819602,-0.0220114073819602,-0.0220114073819602,-0.0220114073819601,-0.0220114073819601,-0.0220114073819602,-0.0220114073819602,-1,-1,-1,-1,-1,-1,-1,-1,-1,-1,-1,-1,-1,-1,-1,-1,-1,-1,-1,-1
5482,1,-1,-1,-1,-1,-1,-1,-1,-1,-1,-1,-1,-1,-1,-1,-1,-1,-1,-1,0.0156173420760374,0.0156173420760376,0.0156173420760374,0.0156173420760376,0.0156173420760375,0.0156173420760375,0.0156173420760375,0.0156173420760375,-1,-1,-1,-1,-1,-1,-1,-1,-1,-1,-1,-1,-1,-1,-1,-1,-1,-1,-1,-1
5481,1,-1,-1,-1,-1,-1,-1,-1,-1,-1,-1,-1,-1,-1,-1,-1,-1,-1,-1,0.0376287494579977,0.0376287494579977,0.0376287494579977,0.0376287494579977,0.0376287494579975,0.0376287494579977,0.0376287494579977,0.0376287494579977,-1,-1,-1,-1,-1,-1,-1,-1,-1,-1,-1,-1,-1,-1,-1,-1,-1,-1,-1,-1
5480,1,-1,-1,-1,-1,-1,-1,-1,-1,-1,-1,-1,-1,-1,-1,-1,-1,-1,-1,0.0863014656049303,0.0863014656049299,-0.0586970863518941,-0.0586970863518936,-0.0586970863518936,0.241032065988696,-0.113621890751531,-0.113621890751531,-1,-1,-1,-1,-1,-1,-1,-1,-1,-1,-1,-1,-1,-1,-1,-1,-1,-1,-1,-1
2024,1,-1,-1,-1,-1,-1,-1,-1,-1,-1,-1,-1,-1,-1,-1,-1,-1,-1,-1,0.738515282454363,0.738515282454363,0.738515282454363,-0.153770352655274,-0.163852284090548,-0.163852284090548,-0.163852284090548,-0.163852284090548,0.294544872870694,0.294544872870694,-1,-1,-1,-1,-1,-1,-1,-1,-1,-1,-1,-1,-1,-1,-1,-1,-1,-1
2023,1,-1,-1,-1,-1,-1,-1,-1,-1,-1,-1,-1,-1,-1,-1,-1,-1,-1,-1,0.0144979867444217,0.0144979867444217,0.0144979867444213,0.0144979867444217,0.308150215221286,0.308150215221286,0.00694885995532779,-0.449577505465632,0.110758948912251,-1,-1,-1,-1,-1,-1,-1,-1,-1,-1,-1,-1,-1,-1,-1,-1,-1,-1,-1
7729,1,-1,-1,-1,-1,-1,-1,-1,-1,-1,-1,-1,-1,-1,-1,-1,-1,-1,-1,-1,-1,-0.00302522104452119,-0.00302522104378955,-0.00302522104218994,-0.0030252210397248,-0.00302522103650893,-0.00302522103270553,-0.00302522102852465,-0.0030252210242836,-0.00302522102046021,-0.00302522101764069,-0.00302522101623692,-1,-1,-1,-1,-1,-1,-1,-1,-1,-1,-1,-1,-1,-1,-1
5479,1,-1,-1,-1,-1,-1,-1,-1,-1,-1,-1,-1,-1,-1,-1,-1,-1,-1,-1,-1,-1,-0.0596401568399578,-0.0596401568399578,-0.0596401568399578,-0.0596401568399578,-0.0596401568399577,-0.0596401568399579,-0.0596401568399578,-0.0596401568399578,-1,-1,-1,-1,-1,-1,-1,-1,-1,-1,-1,-1,-1,-1,-1,-1,-1,-1
8559,1,-1,-1,-1,-1,-1,-1,-1,-1,-1,-1,-1,-1,-1,-1,-1,-1,-1,-1,-1,-1,-1,-1,-0.0173187276066855,-0.0173187276067605,-0.0173187276069312,-0.0173187276071903,-0.0173187276074882,-0.0173187276077238,-0.0173187276077933,-0.0173187276076884,-0.0173187276075176,-0.0173187276074112,-0.0173187276073895,-0.017318727607372,-0.0173187276073021,-0.0173187276072321,-1,-1,-1,-1,-1,-1,-1,-1,-1,-1
23138,1,-1,-1,-1,-1,-1,-1,-1,-1,-1,-1,-1,-1,-1,-1,-1,-1,-1,-1,-1,-1,-1,-1,-1,-0.143252122080364,-0.127762104829057,-0.0903295525168391,-0.0278826736085145,0.0509982572703993,0.124073562276072,0.166213949663475,-1,-1,-1,-1,-1,-1,-1,-1,-1,-1,-1,-1,-1,-1,-1,-1
23137,1,-1,-1,-1,-1,-1,-1,-1,-1,-1,-1,-1,-1,-1,-1,-1,-1,-1,-1,-1,-1,-1,-1,-1,-0.108577730723536,-0.105715748419695,-0.0878030115809103,-0.0414680985667963,0.0312819844661301,0.106484875554216,0.152183162591007,-1,-1,-1,-1,-1,-1,-1,-1,-1,-1,-1,-1,-1,-1,-1,-1
23136,1,-1,-1,-1,-1,-1,-1,-1,-1,-1,-1,-1,-1,-1,-1,-1,-1,-1,-1,-1,-1,-1,-1,-1,-0.0263679204042333,-0.0263679204014007,-0.0263679203956491,-0.0263679203876899,-0.0263679203790494,-0.0263679203718208,-0.0263679203678846,-1,-1,-1,-1,-1,-1,-1,-1,-1,-1,-1,-1,-1,-1,-1,-1
23135,1,-1,-1,-1,-1,-1,-1,-1,-1,-1,-1,-1,-1,-1,-1,-1,-1,-1,-1,-1,-1,-1,-1,-1,0.0392253771319986,0.039225377132172,0.039225377132484,0.0392253771328466,0.0392253771331668,0.0392253771333888,0.0392253771334938,-1,-1,-1,-1,-1,-1,-1,-1,-1,-1,-1,-1,-1,-1,-1,-1
23134,1,-1,-1,-1,-1,-1,-1,-1,-1,-1,-1,-1,-1,-1,-1,-1,-1,-1,-1,-1,-1,-1,-1,-1,-0.0510314569638255,-0.0403301925504902,-0.0186089662480753,0.0114351023708317,0.0440330582914856,0.071293245628345,0.0861360353331455,-1,-1,-1,-1,-1,-1,-1,-1,-1,-1,-1,-1,-1,-1,-1,-1
23133,1,-1,-1,-1,-1,-1,-1,-1,-1,-1,-1,-1,-1,-1,-1,-1,-1,-1,-1,-1,-1,-1,-1,-1,-0.0383637996235349,-0.0326774010676985,-0.0213910067620151,-0.00623558584008244,0.00973318293335468,0.0227835948031074,0.029788963344606,-1,-1,-1,-1,-1,-1,-1,-1,-1,-1,-1,-1,-1,-1,-1,-1
23132,1,-1,-1,-1,-1,-1,-1,-1,-1,-1,-1,-1,-1,-1,-1,-1,-1,-1,-1,-1,-1,-1,-1,-1,0.111150452122667,-0.315270434778591,0.271066772286538,-0.367976785294594,0.383216751851331,-0.11997531707675,-1,-1,-1,-1,-1,-1,-1,-1,-1,-1,-1,-1,-1,-1,-1,-1,-1
23131,1,-1,-1,-1,-1,-1,-1,-1,-1,-1,-1,-1,-1,-1,-1,-1,-1,-1,-1,-1,-1,-1,-1,-1,0.176091259055681,0.243038048686294,-0.367976785294594,-0.477121254719662,0.920818753952375,-0.698970004336019,-1,-1,-1,-1,-1,-1,-1,-1,-1,-1,-1,-1,-1,-1,-1,-1,-1
23130,1,-1,-1,-1,-1,-1,-1,-1,-1,-1,-1,-1,-1,-1,-1,-1,-1,-1,-1,-1,-1,-1,-1,-1,0.0662138605246999,0.153579562481841,-0.297950641890289,-0.675090979433945,1.118285816349,-2.29302833369363,-1,-1,-1,-1,-1,-1,-1,-1,-1,-1,-1,-1,-1,-1,-1,-1,-1
11652,1,-1,-1,-1,-1,-1,-1,-1,-1,-1,-1,-1,-1,-1,-1,-1,-1,-1,-1,-1,-1,-1,-1,-1,0.232976722678399,-0.132764074120256,-0.180057446273283,0.122441349151943,-0.0818397335965826,-0.0818397335965826,-0.0818397335965826,-0.0818397335965826,0.130456386227999,0.130456386227999,0.349058083902213,-0.293260656409069,0.248720896016658,-0.0120544317991036,-0.0120544317991036,-1,-1,-1,-1,-1,-1,-1,-1
8627,1,-1,-1,-1,-1,-1,-1,-1,-1,-1,-1,-1,-1,-1,-1,-1,-1,-1,-1,-1,-1,-1,-1,-1,-0.0131987258349193,-0.0131987258348141,-0.013198725834604,-0.0131987258343182,-0.0131987258340001,-0.013198725833689,-0.0131987258334192,-0.013198725833218,-0.0131987258330972,-0.0131987258330468,-1,-1,-1,-1,-1,-1,-1,-1,-1,-1,-1,-1,-1
5701,1,-1,-1,-1,-1,-1,-1,-1,-1,-1,-1,-1,-1,-1,-1,-1,-1,-1,-1,-1,-1,-1,-1,-1,-0.0200786326960753,-0.018519039924916,-0.0153983312067176,-0.0111618890172334,-0.00664875304375356,-0.00292794106846483,-0.000919646311269728,-1,-1,-1,-1,-1,-1,-1,-1,-1,-1,-1,-1,-1,-1,-1,-1
5478,1,-1,-1,-1,-1,-1,-1,-1,-1,-1,-1,-1,-1,-1,-1,-1,-1,-1,-1,-1,-1,-1,-1,-1,-1,0.0752574989159953,0.0752574989159953,0.0752574989159952,0.0752574989159953,-0.602059991327962,0.602059991327962,-1,-1,-1,-1,-1,-1,-1,-1,-1,-1,-1,-1,-1,-1,-1,-1
15324,1,-1,-1,-1,-1,-1,-1,-1,-1,-1,-1,-1,-1,-1,-1,-1,-1,-1,-1,-1,-1,-1,-1,-1,-1,-1,0.0178917070972391,0.0178917070975917,0.017891707098423,0.0178917070998414,0.0178917071019518,0.0178917071047868,0.0178917071082001,0.0178917071117946,0.0178917071150257,0.0178917071174354,0.0178917071188467,0.0178917071194098,-1,-1,-1,-1,-1,-1,-1,-1,-1
7723,1,-1,-1,-1,-1,-1,-1,-1,-1,-1,-1,-1,-1,-1,-1,-1,-1,-1,-1,-1,-1,-1,-1,-1,-1,-1,-0.0901766303490881,-0.335792101923193,0.0919941963236486,0.0919941963236486,0.0919941963236484,0.0919941963236486,0.0713559085356683,0.0129649771643676,-1,-1,-1,-1,-1,-1,-1,-1,-1,-1,-1,-1,-1
8560,1,-1,-1,-1,-1,-1,-1,-1,-1,-1,-1,-1,-1,-1,-1,-1,-1,-1,-1,-1,-1,-1,-1,-1,-1,-1,-1,-1,0.00389959788224181,0.00389959788319838,0.00389959788465821,0.00389959788599714,0.00389959788703009,0.00389959788793226,0.00389959788872429,0.00389959788916616,0.00389959788916638,0.00389959788900607,-1,-1,-1,-1,-1,-1,-1,-1,-1
15326,1,-1,-1,-1,-1,-1,-1,-1,-1,-1,-1,-1,-1,-1,-1,-1,-1,-1,-1,-1,-1,-1,-1,-1,-1,-1,-1,-1,-1,0.602059991327963,-0.373580662812593,-0.643452676486187,0.819543935541869,-1,-1,-1,-1,-1,-1,-1,-1,-1,-1,-1,-1,-1,-1
15322,1,-1,-1,-1,-1,-1,-1,-1,-1,-1,-1,-1,-1,-1,-1,-1,-1,-1,-1,-1,-1,-1,-1,-1,-1,-1,-1,-1,-1,0.019563846830462,0.0195638468303287,0.019563846830065,0.0195638468297137,0.0195638468293442,0.0195638468290431,0.0195638468288828,-1,-1,-1,-1,-1,-1,-1,-1,-1,-1,-1
2021,1,-1,-1,-1,-1,-1,-1,-1,-1,-1,-1,-1,-1,-1,-1,-1,-1,-1,-1,-1,-1,-1,-1,-1,-1,-1,-1,-1,-1,0,0,-0.477121254719662,0.425968732272281,-0.301029995663981,-1,-1,-1,-1,-1,-1,-1,-1,-1,-1,-1,-1,-1
15281,1,-1,-1,-1,-1,-1,-1,-1,-1,-1,-1,-1,-1,-1,-1,-1,-1,-1,-1,-1,-1,-1,-1,-1,-1,-1,-1,-1,-1,-1,1.25527250510331,-0.954242509439325,1.33243845991561,-0.37819595047628,-1,-1,-1,-1,-1,-1,-1,-1,-1,-1,-1,-1,-1
11916,1,-1,-1,-1,-1,-1,-1,-1,-1,-1,-1,-1,-1,-1,-1,-1,-1,-1,-1,-1,-1,-1,-1,-1,-1,-1,-1,-1,-1,-1,-1,-0.219666346915131,-0.219666346915131,-1,-1,-1,-1,-1,-1,-1,-1,-1,-1,-1,-1,-1,-1
11915,1,-1,-1,-1,-1,-1,-1,-1,-1,-1,-1,-1,-1,-1,-1,-1,-1,-1,-1,-1,-1,-1,-1,-1,-1,-1,-1,-1,-1,-1,-1,-0.312770543588743,-0.312770543588743,-1,-1,-1,-1,-1,-1,-1,-1,-1,-1,-1,-1,-1,-1
11913,1,-1,-1,-1,-1,-1,-1,-1,-1,-1,-1,-1,-1,-1,-1,-1,-1,-1,-1,-1,-1,-1,-1,-1,-1,-1,-1,-1,-1,-1,-1,-0.0981473225719841,-0.0981473225719841,-1,-1,-1,-1,-1,-1,-1,-1,-1,-1,-1,-1,-1,-1
11911,1,-1,-1,-1,-1,-1,-1,-1,-1,-1,-1,-1,-1,-1,-1,-1,-1,-1,-1,-1,-1,-1,-1,-1,-1,-1,-1,-1,-1,-1,-1,-0.0774509799928716,-0.0774509799928716,-1,-1,-1,-1,-1,-1,-1,-1,-1,-1,-1,-1,-1,-1
11910,1,-1,-1,-1,-1,-1,-1,-1,-1,-1,-1,-1,-1,-1,-1,-1,-1,-1,-1,-1,-1,-1,-1,-1,-1,-1,-1,-1,-1,-1,-1,-0.115224460689137,-0.115224460689137,-1,-1,-1,-1,-1,-1,-1,-1,-1,-1,-1,-1,-1,-1
11908,1,-1,-1,-1,-1,-1,-1,-1,-1,-1,-1,-1,-1,-1,-1,-1,-1,-1,-1,-1,-1,-1,-1,-1,-1,-1,-1,-1,-1,-1,-1,-0.227422430004255,-0.227422430004255,-1,-1,-1,-1,-1,-1,-1,-1,-1,-1,-1,-1,-1,-1
9641,1,-1,-1,-1,-1,-1,-1,-1,-1,-1,-1,-1,-1,-1,-1,-1,-1,-1,-1,-1,-1,-1,-1,-1,-1,-1,-1,-1,-1,-1,-1,-1,-0.104915667932569,-0.354714854626758,-1,-1,-1,-1,-1,-1,-1,-1,-1,-1,-1,-1,-1
9102,1,-1,-1,-1,-1,-1,-1,-1,-1,-1,-1,-1,-1,-1,-1,-1,-1,-1,-1,-1,-1,-1,-1,-1,-1,-1,-1,-1,-1,-1,-1,-1,-1,0,-0.1249387366083,-0.176091259055681,-1,-1,-1,-1,-1,-1,-1,-1,-1,-1,-1
23302,1,-1,-1,-1,-1,-1,-1,-1,-1,-1,-1,-1,-1,-1,-1,-1,-1,-1,-1,-1,-1,-1,-1,-1,-1,-1,-1,-1,-1,-1,-1,-1,-1,-1,-1,-1,-1,-0.84312397078854,0.844112127032606,0.149638923690393,-0.383158476845285,0.443156406520571,-1,-1,-1,-1,-1
11528,1,-1,-1,-1,-1,-1,-1,-1,-1,-1,-1,-1,-1,-1,-1,-1,-1,-1,-1,-1,-1,-1,-1,-1,-1,-1,-1,-1,-1,-1,-1,-1,-1,-1,-1,-1,-1,-1,0.301029995663981,-1.14612803567824,1.07918124604762,-1,-1,-1,-1,-1,-1
18289,1,-1,-1,-1,-1,-1,-1,-1,-1,-1,-1,-1,-1,-1,-1,-1,-1,-1,-1,-1,-1,-1,-1,-1,-1,-1,-1,-1,-1,-1,-1,-1,-1,-1,-1,-1,-1,-1,-1,-1,-1,-1,-1,0,-1,-1,-1
7730,1,0.000271678725387359,0.000271678725392244,0.000271678725386137,0.000271678725373925,0.0002716787253636,0.000271678725341951,0.000271678725290103,0.000271678725205171,0.000271678725098368,0.000271678724978575,0.000271678724847679,0.000271678724708457,0.000271678724572899,0.000271678724448443,0.000271678724335533,0.000271678724235613,0.0002716787241549,0.000271678724101165,0.000271678724073077,0.000271678724065749,0.000271678724072633,0.000271678724089175,0.000271678724108271,0.000271678724124702,0.000271678724137803,0.00027167872414624,0.000271678724147906,0.000271678724142466,0.000271678724136692,-1,-1,-1,-1,-1,-1,-1,-1,-1,-1,-1,-1,-1,-1,-1,-1,-1
11255,1,-0.048848567537817,0.00841341265979079,0.00841341265979101,0.00841341265979101,0.00841341265979079,0.00841341265979101,0.00841341265979079,0.00841341265979101,0.00841341265979079,0.00841341265979101,0.0909217939723863,0.0909217939723863,-0.0119051840888449,-0.0119051840888449,-0.0119051840888447,-0.0602059991327963,-0.0602059991327963,-0.0602059991327961,-0.0602059991327963,-0.0602059991327961,0.117041603016684,0.117041603016684,-0.176091259055681,0.102059991327963,0.102059991327962,-0.0427519804209497,0.0147232568207063,0.0731070983354316,-0.271474752102265,-1,-1,-1,-1,-1,-1,-1,-1,-1,-1,-1,-1,-1,-1,-1,-1,-1
11253,1,-1,-1,-1,-1,-1,-1,-1,-1,-1,-1,-1,-0.000703648132014845,-0.000703648132001522,-0.000703648131985535,-0.000703648131976209,-0.000703648131975099,-0.000703648131972878,-0.000703648131972656,-0.000703648131990642,-0.000703648132050594,-0.000703648132164947,-0.00070364813233148,-0.00070364813253021,-0.000703648132734935,-0.000703648132919676,-0.000703648133070445,-0.00070364813317858,-0.00070364813324364,-0.000703648133271617,-1,-1,-1,-1,-1,-1,-1,-1,-1,-1,-1,-1,-1,-1,-1,-1,-1
23310,1,-1,-1,-1,-1,-1,-1,-1,-1,-1,-1,-1,-1,-1,-1,-1,-1,-1,-1,-1,-1,-1,-1,-1,-1,-1,-1,-1,-1,-1,-1,-1,-1,-1,-0.0269899564548717,-0.0277939071554485,-0.0265038968285931,-0.0207475523704481,-0.0117017127029815,-0.00306387929471041,0.00241582388396777,0.0047183895527132,0.00533605737916032,0.00542832866267284,-1,-1,-1
23318,1,-1,-1,-1,-1,-1,-1,-1,-1,-1,-1,-1,-1,-1,-1,-1,-1,-1,-1,-1,-1,-1,-1,-1,-1,-1,-1,-1,-1,-1,-1,-1,-1,-1,-1,-1,-1,0.57978359661681,-0.224395938630236,0.101989538537331,-0.51952510327275,0.417535564735418,-1,-1,-1,-1,-1
11938,1,-1,-1,-1,-1,-1,-1,-1,-1,-1,-1,-1,-1,-1,-1,-1,-1,-1,-1,-1,-1,-1,-1,-1,-1,0.0569716761534185,0.0569716761534182,0.0621479067488446,-0.0546002544127477,-0.0546002544127475,-0.0546002544127475,-0.0546002544127474,-0.0546002544127476,0.150514997831991,0.150514997831991,-0.225772496747986,-0.225772496747986,-0.225772496747986,-0.225772496747986,-1,-1,-1,-1,-1,-1,-1,-1
