ID,min_year,max_year
2162,1977,2002
2167,1982,1996
2275,1952,1999
2276,1962,1990
2277,1967,2003
2278,1962,1987
2279,1967,2003
2280,1979,2003
2281,1965,2003
2282,1970,1980
2283,1970,1980
2284,1963,2000
2285,1977,1991
2288,1983,1998
2289,1960,1995
2290,1977,1991
2291,1966,1995
2292,1961,2002
2293,1971,1993
2294,1966,1995
2295,1968,1995
2296,1975,2003
2297,1977,1990
2298,1979,1996
2299,1979,1996
2300,1980,2009
2301,1968,1989
2302,1961,1989
2303,1961,1989
2304,1961,1989
2305,1965,1997
2306,1961,1989
2307,1961,1990
2308,1961,1989
2309,1961,1989
2310,1961,1990
2311,1961,1990
2312,1961,1989
2313,1959,1989
2314,1988,1996
2315,1980,2001
2316,1987,2000
2317,1953,2001
2318,1985,2000
4596,1952,1987
4613,1987,1999
4614,1984,2008
4615,1984,1999
4616,1984,1999
4617,1996,1999
4664,1990,1998
4666,1990,1998
4667,1991,1998
4668,1993,1998
4669,1993,1998
4670,1993,1998
4671,1993,1997
4672,1992,1995
4673,1991,1995
4674,1991,1995
4675,1991,1995
4676,1993,1995
4677,1990,1995
4678,1989,1995
4679,1991,1995
4680,1993,1996
4681,1993,1995
4682,1997,1998
4862,1985,1999
4863,1964,1999
4864,1985,1999
4865,1985,1999
4867,1969,1997
4868,1966,1998
5142,1962,2001
5160,1976,2002
5164,1976,2002
5425,1959,2013
5637,1997,2000
5638,1997,2000
5639,1997,2000
5640,1997,2000
6155,1986,2005
6455,1999,2009
6485,1983,2003
7815,1979,2005
7816,1980,2005
7817,1980,2005
7818,1980,2005
7822,1965,2005
8157,1978,2008
8729,1989,1990
8730,1988,1990
8731,1988,1991
8909,1992,1994
8969,1969,2004
8970,1969,2004
8971,1969,2004
8972,1969,2004
8973,1969,2004
8990,1980,2008
8991,1980,2008
8992,1983,2008
9087,1987,1996
9088,1987,1997
9089,1991,1997
9090,1991,1997
9099,2001,2003
9543,2000,2007
10103,1997,2011
10104,1980,2014
10105,1985,2016
10106,1987,2010
10107,1986,2011
10108,1999,2016
10109,1987,2016
10110,1983,2017
10111,1986,2017
10112,1996,2016
10113,1979,1980
10114,1980,2013
10115,1983,2016
10116,1983,2006
10117,1979,1980
10118,2005,2011
10119,2007,2016
10120,1992,2016
10121,1983,1990
10122,1980,1988
10123,2004,2015
10124,1991,1998
10125,1989,2016
10126,1979,2004
10127,2007,2013
10128,1983,2009
10129,1980,2005
10130,1982,2013
10131,1984,2012
10132,1990,2016
10133,2003,2012
10134,2004,2008
10135,1983,2012
10136,1979,2013
10137,1979,2006
10138,1979,2010
10139,2006,2009
10140,1982,2015
10141,1983,2012
10142,1979,1989
10144,2004,2007
10145,1980,2013
10146,2001,2010
10147,1982,2013
10148,1999,2015
10149,1995,2015
10150,1980,2005
10151,2006,2015
10152,1984,2012
10153,1982,2014
10154,1999,2015
10155,1985,2015
10156,2006,2015
10157,1996,2010
10158,1988,2015
10159,1982,2015
10160,1992,2015
10161,2004,2015
10162,1988,2015
10163,1982,2012
10164,1987,2004
10165,1996,2015
10166,1982,2014
10167,1982,2015
10168,1979,1993
10169,1982,2012
10170,1995,2015
10171,2005,2014
10172,1984,2013
10173,1999,2015
10174,1999,2015
10175,1993,2006
10176,1982,2014
10177,1982,2015
10178,1979,2002
10179,2008,2009
10180,1988,2015
10181,2007,2015
10182,1986,2015
10183,1980,1988
10184,2004,2015
10185,1999,2014
10186,1997,2015
10187,1983,1994
10188,2003,2013
10189,1999,2015
10190,1962,2005
10191,1963,2001
10192,2001,2006
10193,2001,2006
10194,1990,1998
10195,1958,1997
10196,1986,1997
10198,2001,2008
10199,1994,2008
10200,1983,2008
10201,1983,2008
10202,2001,2008
10203,1994,2008
10204,2001,2008
10205,1979,2004
10206,1979,2004
10207,1979,2004
10208,1983,2004
10209,1983,2004
10210,1980,2008
10211,1982,2009
10212,1979,2008
10213,1979,2008
10214,1979,2008
10215,1971,1993
10216,1971,1993
10217,1977,2004
10218,1977,2004
10219,1972,2004
10220,1961,2004
10221,1977,2004
10222,1967,2004
10223,2001,2004
10224,1982,2004
10225,1981,2004
10226,1982,2004
10227,1994,2004
10228,1981,2004
10230,1975,2000
10231,1976,2000
10232,1994,2000
10234,1983,2005
10235,1983,2005
10236,1983,1996
10237,1983,2005
10238,1983,2005
10239,1983,2005
10240,1953,1980
10241,1989,1992
10242,1995,2005
10243,1995,2005
10244,1995,2005
10245,1995,2005
10246,1995,2005
10247,1995,2005
10248,1995,2005
10249,1995,2005
10250,1995,2005
10251,1995,2005
10252,1995,2005
10253,1995,2005
10254,1995,2005
10255,1995,2005
10256,1995,2005
10257,1995,2005
10258,1995,2005
10259,1995,2005
10260,1995,2005
10261,1995,2005
10262,1995,2005
10263,1995,2005
10264,1995,2005
10265,1995,2005
10266,1995,2005
10267,1995,2005
10268,1995,2005
10269,1995,2005
10270,1995,2005
10271,1995,2005
10272,1995,2005
10273,1995,2005
10274,1995,2005
10275,1995,2005
10276,1995,2005
10277,1992,2005
10278,1968,2000
10279,1979,1986
10280,1979,1986
10281,1994,1998
10282,1979,2011
10283,1979,2008
10284,1979,1986
10285,1977,1985
10286,1964,1995
10287,1965,2014
10288,1954,2014
10289,1957,1995
10290,1971,1982
10291,1965,1965
10292,1994,2006
10293,1995,2005
10294,1978,2005
10295,1978,2005
10296,1978,2005
10297,1978,2005
10298,1978,2005
10299,1978,2005
10300,1978,2005
10301,1978,2005
10302,1995,2005
10303,1978,2005
10304,1978,2005
10305,1978,2005
10306,1978,2005
10307,1978,2005
10308,1978,2005
10309,1978,2005
10310,1978,2005
10311,1978,2005
10312,1978,2005
10313,1978,2005
10314,1978,2005
10315,1978,2005
10316,1978,2005
10317,1978,2005
10318,1978,2005
10319,1978,2005
10320,1978,2005
10321,1978,2005
10322,1987,2004
10323,1987,2002
10324,1987,2002
10981,1987,2006
10987,1987,1987
11303,1983,2007
11396,1990,1992
11397,1985,1987
11398,1992,1994
11399,1992,1994
11400,1992,1994
11401,1993,1994
11402,1991,1994
11403,1991,1994
11404,1991,1994
11406,1993,1994
11407,1992,1994
11408,1991,1994
11421,1963,2001
11442,1991,2008
11674,1979,2004
11675,1980,2010
11676,1977,1996
11677,1977,1996
11678,2010,2016
11679,1979,2004
11680,1989,2010
11681,2006,2010
11682,1986,2011
11683,1985,2011
11684,1988,2016
11685,1978,1996
11686,1988,2013
11687,1986,2012
11688,1986,2011
11689,1986,2013
11690,2010,2012
11691,1965,2010
11692,1977,1996
11693,1986,2010
11694,1986,2010
11695,1978,1996
11696,1977,1996
11697,2011,2015
11698,2011,2015
11699,1997,2010
11700,2012,2016
11701,2010,2016
11702,1978,1996
11703,1980,2003
11704,1986,2010
11705,2010,2013
11706,1965,2010
11707,1979,2013
11708,1987,2013
11709,1977,1996
11710,2012,2014
11711,1998,2010
11712,1986,2010
12269,1981,2011
12290,1981,2011
12323,1994,2003
12325,1994,2003
12329,1994,2003
12364,1981,2011
12382,1981,2011
12395,1994,2005
12399,1994,2003
12425,1982,2011
12427,1982,2011
12431,1982,2011
12432,1982,2011
12437,1982,2011
12440,1982,2011
12444,1982,2011
12447,1982,2011
12451,1982,2011
12452,1995,2012
12476,1993,2012
12491,1981,2008
12506,1985,2006
12507,1990,2005
12525,1981,2008
15015,2001,2010
15016,2000,2011
15017,2000,2011
15018,2001,2011
15028,1987,2006
15101,1991,1992
15102,1991,1992
15104,1991,1992
15126,2005,2011
17847,2000,2013
17848,1995,2011
17849,1995,2011
17850,1984,2012
17858,1983,2004
17863,1983,2004
17864,1993,2004
17865,1983,2004
17866,1993,2004
17867,1983,2004
17872,1983,2013
17876,1986,2013
17877,1981,2013
17880,1981,2013
17885,1987,2013
17886,1983,2013
17888,1984,2005
17890,1983,2013
17891,1983,2013
17892,1983,2013
17893,1983,2013
17903,1982,2013
17904,1986,2010
17905,1981,2006
17906,1984,2013
17908,1987,2013
17909,1984,2013
17910,1981,2013
17912,1983,2013
17913,1983,2013
17915,1982,2013
17918,1983,2013
17919,1985,2013
17920,1985,2013
17921,1981,2013
17924,1992,2011
17926,1992,2011
17927,1998,2010
17928,1997,2008
17929,1997,2008
17943,1978,2010
17944,1986,2003
17946,1986,2003
17947,1986,2003
17948,1986,2003
17949,1986,2003
17950,1986,2003
17951,1986,2003
17952,1986,2003
17953,1986,2003
17954,1986,2003
17955,1986,2003
17956,1986,2003
17957,1986,2003
17958,1986,2003
17959,1986,2003
18012,1980,1994
18013,1978,1994
18014,1983,1994
18015,1983,1994
18016,1983,1994
18017,1983,1994
18018,1983,1994
18020,1988,1993
18021,1973,1990
18022,1996,1996
18328,1998,2009
19104,1991,2009
19109,1967,2010
19121,1978,2015
19122,1978,2015
19123,1978,2015
22864,1985,2011
22867,1996,2014
23362,1959,2014
23368,1989,2001
23373,1969,2015
23376,2004,2015
23377,2004,2015
23379,2001,2008
27114,1981,2008
27115,1981,2008
27116,1981,2006
27117,1981,2008
27118,1981,2008
27119,1981,2008
27120,1981,2008
27121,1981,2008
27122,1987,2008
27123,1981,2008
27124,1981,2008
27125,1981,2008
27126,1981,2008
27127,1987,2008
