population_id,1970,1971,1972,1973,1974,1975,1976,1977,1978,1979,1980,1981,1982,1983,1984,1985,1986,1987,1988,1989,1990,1991,1992,1993,1994,1995,1996,1997,1998,1999,2000,2001,2002,2003,2004,2005,2006,2007,2008,2009,2010,2011,2012,2013,2014,2015
12054,1,0.00278555174264961,0.00278555174264961,0.00278555174264938,0.00278555174264961,0.00278555174264961,0.00278555174264961,0.00278555174264983,-0.698970004336019,0.110101699035099,0.110101699035099,0.110101699035099,0.110101699035099,0.110101699035099,0.110101699035099,0.110101699035099,0.110101699035099,0.0108664234452727,0.0108664234452727,0.0108664234452724,0.0108664234452727,-1,-1,-1,-1,-1,-1,-1,-1,-1,-1,-1,-1,-1,-1,-1,-1,-1,-1,-1,-1,-1,-1,-1,-1,-1
12017,1,0.209699860036761,0.0253633896901608,0.0253633896901611,0.0253633896901611,0.0713559085356683,-0.138302698166282,0.439332693830263,0.059987658538375,0.059987658538375,0.0541904242977393,0.0541904242977393,0.0541904242977393,0.0265843541443118,0.0265843541443118,0.0265843541443123,0.0402147094285517,0.0402147094285517,0.0402147094285517,0.0402147094285517,0.0402147094285517,0.14277538941748,0.0586331774523901,0.0586331774523896,0.0301662493544357,0.0301662493544352,0.0412647803823267,0.0412647803823267,0.0412647803823267,0.0412647803823267,0.00994199461656953,0.00994199461656908,0.00994199461656953,0.0134990975444862,0.0134990975444862,0.0134990975444857,0.0134990975444862,0.0134990975444857,-0.00117663166501414,-1,-1,-1,-1,-1,-1,-1
5835,1,-0.0052367859661851,-0.00523678596619448,-0.00523678596621313,-0.00523678596623511,-0.00523678596624799,-0.00523678596623844,-0.00523678596619803,-0.00523678596612792,-0.00523678596603594,-0.00523678596593385,-0.00523678596583049,-0.00523678596572663,-0.00523678596561961,-0.0052367859655098,-0.00523678596540639,-0.0052367859653219,-0.00523678596526378,-0.00523678596522992,-0.00523678596521493,-0.00523678596521171,-0.00523678596521443,-0.00523678596521759,-1,-1,-1,-1,-1,-1,-1,-1,-1,-1,-1,-1,-1,-1,-1,-1,-1,-1,-1,-1,-1,-1,-1
12024,1,0.00857539905880289,0.00857539905885618,0.00857539905897342,0.00857539905917637,0.00857539905948368,0.00857539905989446,0.00857539906037452,0.00857539906087412,0.00857539906139859,0.00857539906194482,0.00857539906248883,0.00857539906299642,0.0085753990634756,0.00857539906399074,0.00857539906456672,0.00857539906514493,0.00857539906560367,0.00857539906588078,0.00857539906600469,0.00857539906603977,0.00857539906603755,0.00857539906602867,0.00857539906603133,0.0085753990660562,0.00857539906608107,-1,-1,-1,-1,-1,-1,-1,-1,-1,-1,-1,-1,-1,-1,-1,-1,-1,-1,-1,-1
11747,1,-1,-1,-1,0.0211743290823242,0.0200254797732065,0.0177062085600631,0.014522479225634,0.0110004848946013,0.00774344435796692,0.00532567944382956,0.00411309279840277,-1,-1,-1,-1,-1,-1,-1,-1,-1,-1,-1,-1,-1,-1,-1,-1,-1,-1,-1,-1,-1,-1,-1,-1,-1,-1,-1,-1,-1,-1,-1,-1,-1,-1
2359,1,-1,-1,-1,-0.141146123401607,-0.0665522935558323,0.0352311006535218,0.0958828060573585,0.0925013262679988,0.0559583567020434,0.020489016852438,-0.0112076135383644,-0.0490115546399001,-0.0842247129035454,-0.0975817363119332,-0.0887143632004259,-0.0739032473130783,-0.0547591489870143,-0.014125953449897,0.0472093492649022,0.0920040610315542,0.0837500083556829,0.02969692699011,-0.0315333036494712,-0.0741861930648077,-0.095636187146078,-0.0925116937887664,-0.0587174952644189,-0.0116783906900784,0.00990512821426393,-0.00922011014739876,-0.0394691077085119,-0.0473475476897987,-0.0386591162409813,-1,-1,-1,-1,-1,-1,-1,-1,-1,-1,-1,-1
18518,1,-1,-1,-1,-1,0.46052706303466,-1,-1,-1,-1,-1,-1,-1,-1,-1,-1,-1,-1,-1,-1,-1,-1,-1,-1,-1,-1,-1,-1,-1,-1,-1,-1,-1,-1,-1,-1,-1,-1,-1,-1,-1,-1,-1,-1,-1,-1
2356,1,-1,-1,-1,-1,0.126608266205972,0.127515781424502,0.128504291886599,0.128251477459739,0.125929238791587,0.121669352170953,0.11623451037568,0.110368378393373,0.104311364159242,0.0977612978899428,0.0902867333649487,0.0818121748844668,0.0726737788621122,0.0632523092582105,0.0537353486054903,0.0442926564783062,0.035257166746409,0.0269367313126577,0.019383322298836,0.0125666979846548,0.00668348751607029,0.00205604618320188,-0.00121026242361888,-0.00320008489686197,-0.0038738133573728,-0.00316586446125255,-0.00150446599287435,0.000146185692788681,0.00104597938577355,0.00126749586553965,-1,-1,-1,-1,-1,-1,-1,-1,-1,-1,-1
2357,1,-1,-1,-1,-1,-1,-1,-1,-1,-1,-1,-1,-1,-1,-1,-1,-1,-1,-1,-1,-1,-1,-1,-1,-0.323518794695144,-0.274165908663603,-0.17832245911358,-0.0545266817799078,0.0722393937700194,0.180264296237275,0.254919553713152,0.29056111698624,-1,-1,-1,-1,-1,-1,-1,-1,-1,-1,-1,-1,-1,-1
9060,1,-1,-1,-1,-1,-1,0.0189296114936357,0.0189296114936357,0.0189296114936357,0.0189296114936357,0.0189296114936357,-0.13282413631851,-0.13282413631851,-0.13282413631851,-0.13282413631851,-0.13282413631851,-0.203197621076826,-0.203197621076826,-0.203197621076826,-0.203197621076826,-0.203197621076826,0.259113419992496,0.259113419992496,0.259113419992496,0.259113419992496,0.259113419992496,0.176681969466138,0.176681969466138,0.176681969466138,0.176681969466138,0.176681969466138,0.0701163451455988,0.0701163451455988,0.0701163451455988,0.0701163451455984,0.0701163451455988,-1,-1,-1,-1,-1,-1,-1,-1,-1,-1
2150,1,-1,-1,-1,-1,-1,-1,-0.0109169247927388,-0.0109169247927388,-0.0109169247927385,-0.0109169247927388,-0.0109169247927388,-0.0109169247927388,-0.0465776060593417,-0.0465776060593419,-0.0465776060593419,-0.0465776060593417,0.0371418080045667,-0.0219018414478298,-0.100670161881363,0.0310390079969725,0.0310390079969725,0.0310390079969725,0.031234684152075,0.031234684152075,0.031234684152075,0.031234684152075,-0.0318279190900081,-0.0318279190900079,-0.0318279190900081,0.0480296969011751,0.0480296969011753,0.0480296969011751,-0.00877631290744962,-0.00877631290744962,-0.00877631290744985,-1,-1,-1,-1,-1,-1,-1,-1,-1,-1
11709,1,-1,-1,-1,-1,-1,-1,-1,0.0245288467003562,0.00993930847128466,-0.0190486057173511,-0.0570182132985813,-0.0938802567038066,-0.118955639753954,-0.130004333307874,-0.12702633736556,-0.110021651927022,-0.0789902769922559,-0.0339322125612616,0.0227380981522343,0.077780600403591,0.111256220788674,0.106530062141172,0.0636462145570129,-0.000377879793672431,-0.0730016797239181,-0.118708326410298,-1,-1,-1,-1,-1,-1,-1,-1,-1,-1,-1,-1,-1,-1,-1,-1,-1,-1,-1
11335,1,-1,-1,-1,-1,-1,-1,-1,-0.0836596491612653,-0.0836596491612653,-0.0836596491612653,-0.0836596491612653,-0.140034328017663,-0.140034328017662,-0.140034328017663,-0.140034328017662,-0.140034328017662,-0.140034328017662,-0.140034328017662,-0.140034328017662,-0.140034328017663,-0.140034328017662,-0.140034328017663,-0.140034328017662,-0.140034328017663,-0.140034328017662,-0.140034328017662,-1,-1,-1,-1,-1,-1,-1,-1,-1,-1,-1,-1,-1,-1,-1,-1,-1,-1,-1
8654,1,-1,-1,-1,-1,-1,-1,-1,-1,0.0195831489555622,0.0192054024140156,0.0179620365903341,0.015917268821219,0.0138158411940768,0.0123492441035249,0.013538697040635,0.0177304741971778,0.0238006508220634,0.0291483363707901,0.0311785771648969,0.02912475640231,0.0245808109715244,0.020371793921997,0.0187064825346548,0.0199965430619282,0.0230095622434647,0.0259413874663048,0.0275398546374475,-1,-1,-1,-1,-1,-1,-1,-1,-1,-1,-1,-1,-1,-1,-1,-1,-1,-1
23383,1,-1,-1,-1,-1,-1,-1,-1,-1,-1,-0.0377940072587313,-0.0377940072587308,-0.0377940072587313,-0.0377940072587308,-0.0377940072587313,-0.0377940072587308,-0.0377940072587308,-0.0377940072587313,-0.0377940072587308,-0.0377940072587313,-0.0377940072587308,-0.0377940072587313,-0.0377940072587308,-0.0377940072587313,-0.0377940072587308,-0.0377940072587313,-0.0377940072587308,-0.0377940072587313,-0.0377940072587308,-0.0377940072587308,-0.0377940072587313,-0.0377940072587308,-0.0377940072587313,-0.0377940072587308,0.046379818007543,0.0463798180075425,0.046379818007543,0.046379818007543,0.046379818007543,0.046379818007543,0.046379818007543,0.046379818007543,0.046379818007543,-1,-1,-1
23382,1,-1,-1,-1,-1,-1,-1,-1,-1,-1,-0.0228050500728332,-0.0228050500728332,-0.0228050500728334,-0.0228050500728332,-0.0228050500728332,-0.0228050500728332,-0.0228050500728334,-0.0228050500728332,-0.0228050500728332,-0.0228050500728334,-0.022805050072833,-0.0228050500728334,-0.0228050500728332,-0.0228050500728332,-0.0228050500728332,-0.0228050500728334,-0.0228050500728332,-0.0228050500728332,-0.0228050500728332,-0.0228050500728334,-0.0228050500728332,-0.0228050500728332,-0.0228050500728332,-0.0228050500728334,-0.0263734350882892,-0.0263734350882894,-0.0263734350882894,-0.0263734350882892,-0.0263734350882894,-0.0263734350882894,-0.0263734350882894,-0.0263734350882892,-0.0263734350882894,-1,-1,-1
23381,1,-1,-1,-1,-1,-1,-1,-1,-1,-1,0.0270375776325356,0.0270375776325358,0.0270375776325356,0.027037577632536,0.0270375776325356,0.027037577632536,0.0270375776325356,0.0270375776325356,0.027037577632536,0.0270375776325356,0.0270375776325356,0.027037577632536,0.0270375776325356,0.027037577632536,0.0270375776325356,0.0270375776325356,0.027037577632536,0.0270375776325356,0.0270375776325356,0.027037577632536,0.0270375776325356,0.027037577632536,0.0270375776325356,0.0270375776325356,0.0990165995605725,0.0990165995605721,0.0990165995605725,0.0990165995605721,0.0990165995605725,0.0990165995605721,0.0990165995605725,0.0990165995605721,0.0990165995605721,-1,-1,-1
15434,1,-1,-1,-1,-1,-1,-1,-1,-1,-1,0.0111983313142536,0.0111983313142656,0.0111983313142905,0.011198331314318,0.0111983313143398,0.0111983313143491,0.0111983313143416,0.0111983313143136,0.0111983313142656,0.0111983313142057,0.0111983313141399,0.0111983313140698,0.0111983313139938,0.0111983313138992,0.0111983313137789,0.0111983313136417,0.0111983313135089,0.011198331313409,0.0111983313133601,-1,-1,-1,-1,-1,-1,-1,-1,-1,-1,-1,-1,-1,-1,-1,-1,-1
15432,1,-1,-1,-1,-1,-1,-1,-1,-1,-1,-0.042953323734797,-0.0429533237348503,-0.0429533237349373,-0.042953323735003,-0.0429533237349915,-0.0429533237348823,-0.0429533237346726,-0.0429533237343911,-0.0429533237340722,-0.042953323733764,-0.0429533237334967,-0.0429533237332826,-0.0429533237331201,-0.0429533237330286,-0.0429533237330091,-0.0429533237330331,-0.0429533237330624,-0.0429533237330855,-0.0429533237330935,-1,-1,-1,-1,-1,-1,-1,-1,-1,-1,-1,-1,-1,-1,-1,-1,-1
15428,1,-1,-1,-1,-1,-1,-1,-1,-1,-1,-0.0264660498697884,-0.0264660498698714,-0.0264660498700384,-0.0264660498702747,-0.0264660498705331,-0.0264660498707627,-0.0264660498709306,-0.0264660498710261,-0.0264660498710709,-0.026466049871094,-0.0264660498711291,-0.0264660498711873,-0.0264660498712637,-0.026466049871364,-0.026466049871479,-0.0264660498716047,-0.026466049871714,-0.0264660498717975,-0.0264660498718374,-1,-1,-1,-1,-1,-1,-1,-1,-1,-1,-1,-1,-1,-1,-1,-1,-1
15427,1,-1,-1,-1,-1,-1,-1,-1,-1,-1,-0.0470087721042836,-0.0470087721042773,-0.047008772104268,-0.047008772104256,-0.0470087721042471,-0.0470087721042414,-0.0470087721042245,-0.0470087721041881,-0.0470087721041259,-0.0470087721040637,-0.0470087721040247,-0.0470087721040109,-0.0470087721040198,-0.0470087721040402,-0.047008772104054,-0.0470087721040744,-0.0470087721041157,-0.0470087721041623,-0.0470087721041965,-1,-1,-1,-1,-1,-1,-1,-1,-1,-1,-1,-1,-1,-1,-1,-1,-1
15430,1,-1,-1,-1,-1,-1,-1,-1,-1,-1,-1,-1,-1,-1,-1,-1,-1,-1,-1,-1,-1,-1,-1,-1,-1,-1,-1,-1,-1,-1,0,0,0,0,0,2.00432137378264,0,0,-1,-1,-1,-1,-1,-1,-1,-1
15425,1,-1,-1,-1,-1,-1,-1,-1,-1,-1,0.00297525180335878,0.0029127753186895,0.00269057675091045,0.00216766119803768,0.00120907027482708,-0.000250669574294982,-0.0021477958870868,-0.00428077429107265,-0.0063787628808134,-0.00821643368290115,-0.00969281470655403,-0.0107927548410531,-0.0115556005120183,-0.0121387374219362,-0.0125830210262627,-0.0128889866449677,-0.0130403654477904,-0.0130644202659242,-0.0130420558849638,-1,-1,-1,-1,-1,-1,-1,-1,-1,-1,-1,-1,-1,-1,-1,-1,-1
15419,1,-1,-1,-1,-1,-1,-1,-1,-1,-1,-0.0190905065536615,-0.0190905065537015,-0.0190905065537716,-0.0190905065538489,-0.0190905065539004,-0.0190905065539111,-0.01909050655388,-0.0190905065538187,-0.0190905065537432,-0.0190905065536695,-0.0190905065535967,-0.0190905065535283,-0.019090506553467,-0.0190905065534128,-0.0190905065533684,-0.0190905065533302,-0.0190905065533089,-0.0190905065532947,-0.0190905065532911,-1,-1,-1,-1,-1,-1,-1,-1,-1,-1,-1,-1,-1,-1,-1,-1,-1
15392,1,-1,-1,-1,-1,-1,-1,-1,-1,-1,-0.195098742461123,0.198999131244924,0.660116052416794,0.740554774235286,0.319736924145766,-0.290083338070173,-0.665333439109711,-0.637212629692046,-0.353524974647557,-0.059648207299821,0.110587019971385,0.135691856987387,0.0463833341673299,-0.0250155931269633,-0.0207474857984966,0.013746016234343,0.0208712803499509,-0.00240605752931966,-0.0230843550963336,-1,-1,-1,-1,-1,-1,-1,-1,-1,-1,-1,-1,-1,-1,-1,-1,-1
15383,1,-1,-1,-1,-1,-1,-1,-1,-1,-1,0.03158599015212,0.0309809149373033,0.0293474249033709,0.0263191539878205,0.0217904418606316,0.0159331578094923,0.00911785101567375,0.00181306908526668,-0.00545848082555533,-0.0120936853270093,-0.0175109579958364,-0.0215896796748993,-0.0242299854027701,-0.0250148279196247,-0.0238606695860633,-0.0212651410806441,-0.0181767760535023,-0.0156413348044548,-0.014337259320728,-1,-1,-1,-1,-1,-1,-1,-1,-1,-1,-1,-1,-1,-1,-1,-1,-1
15388,1,-1,-1,-1,-1,-1,-1,-1,-1,-1,-1,-1,-1,-1,-1,-1,-1,-1,-1,-1,-1,-1,-1,-1,-1,-1,-1,-1,-1,-1,-0.0282458165724737,-0.0683589459594391,-0.0683589459594387,-0.0683589459594387,-0.0683589459594391,0.54462662253905,-0.54462662253905,0.699491366321686,-1,-1,-1,-1,-1,-1,-1,-1
15390,1,-1,-1,-1,-1,-1,-1,-1,-1,-1,-1,-1,-1,-1,-1,-1,-1,-1,-1,-1,-1,-1,-1,-1,-1,-1,-1,-1,-1,-1,-1,-0.246156269916822,-0.0624557961774572,-0.062455796177457,-1,-1,-1,-1,-1,-1,-1,-1,-1,-1,-1,-1
15389,1,-1,-1,-1,-1,-1,-1,-1,-1,-1,-1,-1,-1,-1,-1,-1,-1,-1,-1,-1,-1,-1,-1,-1,-1,-1,-1,-1,-1,-1,-1,-0.335792101923193,-0.0706645763982345,-0.0706645763982348,-1,-1,-1,-1,-1,-1,-1,-1,-1,-1,-1,-1
11331,1,-1,-1,-1,-1,-1,-1,-1,-1,-1,0.485760308659134,0.0814756007431672,0.245951940759796,-1,-1,-1,-1,-1,-1,-1,-1,-1,-1,-1,-1,-1,-1,-1,-1,-1,-1,-1,-1,-1,-1,-1,-1,-1,-1,-1,-1,-1,-1,-1,-1,-1
2362,1,-1,-1,-1,-1,-1,-1,-1,-1,-1,0.00229275788451178,0.00126788741032113,-0.000990499923410049,-0.00433465069225969,-0.00814437439649351,-0.0114044735526062,-0.0130685780338888,-0.0126986996863181,-0.0108295229144617,-0.00850650614052517,-0.00627974132653231,-0.00368949419208731,0.000121293873505124,0.00529298952420998,0.0108789256490258,0.0156158388511285,0.0189200925820061,0.0210320475690899,0.0223625580139837,0.0230264901275965,-1,-1,-1,-1,-1,-1,-1,-1,-1,-1,-1,-1,-1,-1,-1,-1
2361,1,-1,-1,-1,-1,-1,-1,-1,-1,-1,0.153510161855118,0.145944493230961,0.131470462645143,0.117385276861314,0.113741158612134,0.120377967615832,0.123384075567783,0.112236005279984,0.0969263751831124,0.0955068956336147,0.101203265286779,0.0759498750895489,-0.00734908929881417,-0.117985159492443,-0.179947646610665,-0.142344268898383,-0.031615855714034,0.0757748343376501,0.128748329868904,0.138069433259977,-1,-1,-1,-1,-1,-1,-1,-1,-1,-1,-1,-1,-1,-1,-1,-1
12055,1,-1,-1,-1,-1,-1,-1,-1,-1,-1,-1,-1,-0.111894553570557,-0.107590634579946,-0.0934697386630379,-0.0692485880098406,-0.0433987746489846,-0.0242081078540146,-0.0111478552841981,0.00145911326690795,0.0153223950931114,0.0278099832908842,0.0393366738814185,0.0551106714331513,0.0777301627884253,0.102234841601504,0.121224261585308,0.132239600141807,0.13766209977692,0.139932908742219,-1,-1,-1,-1,-1,-1,-1,-1,-1,-1,-1,-1,-1,-1,-1,-1
11323,1,-1,-1,-1,-1,-1,-1,-1,-1,-1,-1,-1,0.280358579523122,0.22287729054754,0.144487436399713,0.0879131802903622,0.0546835237302896,0.0202879255206455,-0.0156716164565601,-0.0230096719772942,0.0119085874830783,0.0554492672586056,0.0604430796224578,0.0211637674397521,-0.0238909807992828,-0.0422550784210612,-0.0405218379759487,-1,-1,-1,-1,-1,-1,-1,-1,-1,-1,-1,-1,-1,-1,-1,-1,-1,-1,-1
12056,1,-1,-1,-1,-1,-1,-1,-1,-1,-1,-1,-1,-1,0.0121271402365708,0.0121271402365721,0.0121271402365712,0.0121271402365712,0.0121271402365712,0.0121271402365712,0.0121271402365712,0.0121271402365712,0.0121271402365712,0.0121271402365721,0.0121271402365712,0.0121271402365712,0.0121271402365712,0.0121271402365712,0.0121271402365712,0.0121271402365712,0.0121271402365712,0.0121271402365721,0.0121271402365712,0.0121271402365712,0.0121271402365712,0.0121271402365712,0.0121271402365712,0.0121271402365712,0.0121271402365712,0.0121271402365721,0.0121271402365712,0.0121271402365712,-1,-1,-1,-1,-1
23356,1,-1,-1,-1,-1,-1,-1,-1,-1,-1,-1,-1,-1,-1,1.05554223402368,0.629654719359626,0.099510443880843,-0.135153763243108,-0.0139813252430612,0.174174843414594,0.155654956013286,-0.0470680160367276,-0.199802908501873,-0.149085083892397,0.0247448161853825,0.130311542068297,0.0884908487006244,0.000836383468208246,-1,-1,-1,-1,-1,-1,-1,-1,-1,-1,-1,-1,-1,-1,-1,-1,-1,-1
12040,1,-1,-1,-1,-1,-1,-1,-1,-1,-1,-1,-1,-1,-1,-0.0421150432247277,-0.0422891702278849,-0.0413453797078258,-0.0370809917931894,-0.0276989612975229,-0.0134320342405791,0.00271677202367426,0.0161752978874214,0.0235727591357926,0.0247968566269501,0.022184305261121,0.0176640569725661,0.0111995533764739,0.00228544294776167,-0.00780581295951244,-0.016309845380297,-0.0214260315870711,-0.0235325213642752,-0.0237622248888045,-0.0224523251489033,-0.0197517200771262,-0.016839471031906,-0.0151072707282101,-0.0142367350449515,-0.0124963780874929,-0.00942624399911107,-0.00694132439328765,-1,-1,-1,-1,-1
12028,1,-1,-1,-1,-1,-1,-1,-1,-1,-1,-1,-1,-1,-1,-0.00863054977152933,-0.0130718781499097,-0.0246569194746937,-0.0417533469721905,-0.0558495370257528,-0.0574191083443483,-0.0446593472200116,-0.0252150534101152,-0.00856233823442398,0.00230835411459762,0.0108534702071479,0.0200632507954861,0.0280417883994686,0.0310437599891007,0.0288866659628526,0.0253103770317753,0.0233245961181729,0.0219610950495295,0.0179680626649426,0.00908799730100651,-0.00542327428810729,-0.026166522301752,-0.0531759095697493,-0.083616760316684,-0.111413185720339,-0.130569559800045,-0.139137479735731,-1,-1,-1,-1,-1
2384,1,-1,-1,-1,-1,-1,-1,-1,-1,-1,-1,-1,-1,-1,0.275222732057696,0.0951337549822533,-0.0219018414478298,-1,-1,-1,-1,-1,-1,-1,-1,-1,-1,-1,-1,-1,-1,-1,-1,-1,-1,-1,-1,-1,-1,-1,-1,-1,-1,-1,-1,-1
2383,1,-1,-1,-1,-1,-1,-1,-1,-1,-1,-1,-1,-1,-1,1.49136169383427,0.794195615173501,-0.387930217717332,-1,-1,-1,-1,-1,-1,-1,-1,-1,-1,-1,-1,-1,-1,-1,-1,-1,-1,-1,-1,-1,-1,-1,-1,-1,-1,-1,-1,-1
2382,1,-1,-1,-1,-1,-1,-1,-1,-1,-1,-1,-1,-1,-1,-0.801632346233166,0.823908740944319,0.628388930050312,-1,-1,-1,-1,-1,-1,-1,-1,-1,-1,-1,-1,-1,-1,-1,-1,-1,-1,-1,-1,-1,-1,-1,-1,-1,-1,-1,-1,-1
2381,1,-1,-1,-1,-1,-1,-1,-1,-1,-1,-1,-1,-1,-1,0.375663613960885,0.553755311753407,-0.209259622308336,-1,-1,-1,-1,-1,-1,-1,-1,-1,-1,-1,-1,-1,-1,-1,-1,-1,-1,-1,-1,-1,-1,-1,-1,-1,-1,-1,-1,-1
2380,1,-1,-1,-1,-1,-1,-1,-1,-1,-1,-1,-1,-1,-1,1.24715461488113,0.802494041916459,0.188954948951931,-1,-1,-1,-1,-1,-1,-1,-1,-1,-1,-1,-1,-1,-1,-1,-1,-1,-1,-1,-1,-1,-1,-1,-1,-1,-1,-1,-1,-1
2379,1,-1,-1,-1,-1,-1,-1,-1,-1,-1,-1,-1,-1,-1,-0.204119982655925,0.447158031342219,0.422073688388757,-1,-1,-1,-1,-1,-1,-1,-1,-1,-1,-1,-1,-1,-1,-1,-1,-1,-1,-1,-1,-1,-1,-1,-1,-1,-1,-1,-1,-1
2378,1,-1,-1,-1,-1,-1,-1,-1,-1,-1,-1,-1,-1,-1,0.564271430438563,0.134698573897456,0.414973347970818,-1,-1,-1,-1,-1,-1,-1,-1,-1,-1,-1,-1,-1,-1,-1,-1,-1,-1,-1,-1,-1,-1,-1,-1,-1,-1,-1,-1,-1
2377,1,-1,-1,-1,-1,-1,-1,-1,-1,-1,-1,-1,-1,-1,-0.269315582486775,0.0832401025244924,-0.311249160845667,-1,-1,-1,-1,-1,-1,-1,-1,-1,-1,-1,-1,-1,-1,-1,-1,-1,-1,-1,-1,-1,-1,-1,-1,-1,-1,-1,-1,-1
2376,1,-1,-1,-1,-1,-1,-1,-1,-1,-1,-1,-1,-1,-1,-0.400564152498187,0.435728569561437,0.329058719264225,-1,-1,-1,-1,-1,-1,-1,-1,-1,-1,-1,-1,-1,-1,-1,-1,-1,-1,-1,-1,-1,-1,-1,-1,-1,-1,-1,-1,-1
2375,1,-1,-1,-1,-1,-1,-1,-1,-1,-1,-1,-1,-1,-1,-0.11069829749369,0.321551662808583,0.269872013673594,-1,-1,-1,-1,-1,-1,-1,-1,-1,-1,-1,-1,-1,-1,-1,-1,-1,-1,-1,-1,-1,-1,-1,-1,-1,-1,-1,-1,-1
2374,1,-1,-1,-1,-1,-1,-1,-1,-1,-1,-1,-1,-1,-1,-0.0434656937810903,-0.465840244309973,0.6494846412561,-1,-1,-1,-1,-1,-1,-1,-1,-1,-1,-1,-1,-1,-1,-1,-1,-1,-1,-1,-1,-1,-1,-1,-1,-1,-1,-1,-1,-1
2373,1,-1,-1,-1,-1,-1,-1,-1,-1,-1,-1,-1,-1,-1,-0.0846441417491269,-0.190056915192505,0.16166154363304,-1,-1,-1,-1,-1,-1,-1,-1,-1,-1,-1,-1,-1,-1,-1,-1,-1,-1,-1,-1,-1,-1,-1,-1,-1,-1,-1,-1,-1
11332,1,-1,-1,-1,-1,-1,-1,-1,-1,-1,-1,-1,-1,-1,-1,0.00485271505831442,-0.000638112006130953,-0.00677470619261955,-0.00848204388639662,-0.0074081127057859,-0.00986315785556968,-0.0167678277418837,-0.0188118196513987,-0.00570195491786096,0.0194370266173545,0.0389848660726617,0.0376340390199958,0.0190771031881036,0.0026009466251784,0.00296624230114251,0.0167528171255134,0.0294274065142739,0.0320892349250306,0.0278498029571672,0.0239509439600543,0.0228496802446641,0.0224082646247528,0.0210463400347485,0.0194880253622571,0.018689410186155,-1,-1,-1,-1,-1,-1
9068,1,-1,-1,-1,-1,-1,-1,-1,-1,-1,-1,-1,-1,-1,-1,0.11157395777238,-0.000421235140799947,-0.0640885175968946,-0.00606626024026413,0.0325433199423455,-0.0509703855994479,-0.116481062294192,0.000693997948060687,0.190886336022472,0.198025137713737,-0.000307402220595776,-0.15369906980678,-0.100189317824415,0.0308061271018811,0.0522285910015428,-0.0167416014898674,-0.0461760368718012,-0.0225814287774444,-1,-1,-1,-1,-1,-1,-1,-1,-1,-1,-1,-1,-1
12025,1,-1,-1,-1,-1,-1,-1,-1,-1,-1,-1,-1,-1,-1,-1,-1,-0.0499889502967136,-0.0421806194923926,-0.0205838340617471,0.0132803881339986,0.0452343980056187,0.0587802680181353,0.0499732977582418,0.0295757202035867,0.0107398716532955,-0.00207087310983036,-0.0110965055761502,-0.0174804948136965,-0.0203846527983118,-0.0169200943086,-0.0116949023690784,-0.013343167384894,-0.0219939116396001,-0.0274717024117117,-0.0232706140858562,-0.0181710087190253,-0.0287373605181774,-0.0608690993488856,-0.102727282765442,-0.136203744903343,-0.152080083098396,-1,-1,-1,-1,-1
12023,1,-1,-1,-1,-1,-1,-1,-1,-1,-1,-1,-1,-1,-1,-1,-1,-1,0.0165829834628153,0.0283187823286177,0.0392792971953022,0.0329851889362582,0.00792907861841101,-0.0167182596686473,-0.0184135827768797,0.00455274421784695,0.0286570051109915,0.0278570560469198,-0.00010349078484731,-0.0325780135279191,-0.0461771947529668,-0.0381705427360676,-0.0235968581007767,-0.0168827613860305,-0.0212184038990302,-0.0329230965447718,-0.048287451421957,-0.0633370002309976,-0.0725126214070427,-1,-1,-1,-1,-1,-1,-1,-1
12020,1,-1,-1,-1,-1,-1,-1,-1,-1,-1,-1,-1,-1,-1,-1,-1,-1,-1,0.00483040351564057,-0.00101822248416683,-0.0142338987644197,-0.0336516634708595,-0.0537300505772356,-0.0658416843243788,-0.0631732875602382,-0.0465185603654446,-0.0251590045386174,-0.0105080162747591,-0.00780257340648216,-0.013657497741324,-0.0209368497465778,-0.0249412769043067,-1,-1,-1,-1,-1,-1,-1,-1,-1,-1,-1,-1,-1,-1
12022,1,-1,-1,-1,-1,-1,-1,-1,-1,-1,-1,-1,-1,-1,-1,-1,-1,-1,-1,-0.0451472291671866,-0.0451472291671924,-0.0451472291672133,-0.0451472291672586,-0.0451472291673263,-0.0451472291673993,-0.0451472291674468,-0.0451472291674341,-0.0451472291673458,-0.045147229167203,-0.0451472291670609,-0.045147229166977,-1,-1,-1,-1,-1,-1,-1,-1,-1,-1,-1,-1,-1,-1,-1
12019,1,-1,-1,-1,-1,-1,-1,-1,-1,-1,-1,-1,-1,-1,-1,-1,-1,-1,-1,-1,-1,-1,-1,-1,-0.0705810742857071,0.0963419364301288,-0.168275347548779,-0.168275347548779,0.305937330158725,-0.0545203498996605,-1,-1,-1,-1,-1,-1,-1,-1,-1,-1,-1,-1,-1,-1,-1,-1
11341,1,-1,-1,-1,-1,-1,-1,-1,-1,-1,-1,-1,-1,-1,-1,-1,-1,-1,-1,-1,0.194228651995505,0.194228651995505,0.194228651995505,0.194228651995505,0.194228651995505,-1,-1,-1,-1,-1,-1,-1,-1,-1,-1,-1,-1,-1,-1,-1,-1,-1,-1,-1,-1,-1
2355,1,-1,-1,-1,-1,-1,-1,-1,-1,-1,-1,-1,-1,-1,-1,-1,-1,-1,-1,-1,0.0124643963757185,0.011379149006066,0.0107423408970138,0.0118578438601569,0.0136602012350218,0.0129236781201545,0.00670522205614654,-0.00540798652759911,-0.0212096672885944,-0.0376325802495847,-0.0524976750775163,-0.0649173339143729,-0.0745926866438049,-0.0811419433934546,-0.084270187097121,-1,-1,-1,-1,-1,-1,-1,-1,-1,-1,-1
8663,1,-1,-1,-1,-1,-1,-1,-1,-1,-1,-1,-1,-1,-1,-1,-1,-1,-1,-1,-1,-1,0.019251400577474,0.0192514005774584,0.0192514005774411,0.019251400577434,0.0192514005774429,0.0192514005774704,0.0192514005775095,0.0192514005775459,0.0192514005775357,0.0192514005774478,0.0192514005772821,0.0192514005770801,0.0192514005768807,0.0192514005766897,0.0192514005765001,0.0192514005763291,0.0192514005762305,-1,-1,-1,-1,-1,-1,-1,-1
8662,1,-1,-1,-1,-1,-1,-1,-1,-1,-1,-1,-1,-1,-1,-1,-1,-1,-1,-1,-1,-1,-0.0128128336745301,-0.0128128336746256,-0.0128128336748139,-0.0128128336750346,-0.0128128336751847,-0.012812833675182,-0.0128128336749995,-0.0128128336746922,-0.0128128336743458,-0.012812833674011,-0.0128128336736917,-0.0128128336733688,-0.0128128336730482,-0.0128128336727782,-0.0128128336725992,-0.0128128336725193,-0.0128128336725006,-1,-1,-1,-1,-1,-1,-1,-1
7833,1,-1,-1,-1,-1,-1,-1,-1,-1,-1,-1,-1,-1,-1,-1,-1,-1,-1,-1,-1,-1,-0.24785521368748,-0.189464150865675,-0.0908433450681865,0.00609123510167775,0.0667351395696842,0.0865892732800182,0.0865510063042305,0.0914060664350895,0.111456270300719,0.139650143661835,0.161665681870928,0.167833711949956,0.158427789438383,0.141627469869032,0.126707217714844,0.116125501435417,0.111505282069493,-1,-1,-1,-1,-1,-1,-1,-1
6473,1,-1,-1,-1,-1,-1,-1,-1,-1,-1,-1,-1,-1,-1,-1,-1,-1,-1,-1,-1,-1,-1,-1,-1,0.0334237554869494,-1,-1,-1,-1,-1,-1,-1,-1,-1,-1,-1,-1,-1,-1,-1,-1,-1,-1,-1,-1,-1
23337,1,-1,-1,-1,-1,-1,-1,-1,-1,-1,-1,-1,-1,-1,-1,-1,-1,-1,-1,-1,-1,-1,-1,-1,-1,-1.66071080419437,-1.01728088032365,-0.176307227617099,0.267775954716519,0.173292227610384,-0.0904630933717283,-0.139045826796914,0.0220523777850969,0.119185939821338,0.0204633068353215,-0.120590880995815,-1,-1,-1,-1,-1,-1,-1,-1,-1,-1
9205,1,-1,-1,-1,-1,-1,-1,-1,-1,-1,-1,-1,-1,-1,-1,-1,-1,-1,-1,-1,-1,-1,-1,-1,-1,-1,1.99554656307032,-2.30098567763936,0,0,-1,-1,-1,-1,-1,-1,-1,-1,-1,-1,-1,-1,-1,-1,-1,-1
9204,1,-1,-1,-1,-1,-1,-1,-1,-1,-1,-1,-1,-1,-1,-1,-1,-1,-1,-1,-1,-1,-1,-1,-1,-1,-1,0,2.00432137378264,-2.00432137378264,0,-1,-1,-1,-1,-1,-1,-1,-1,-1,-1,-1,-1,-1,-1,-1,-1
23353,1,-1,-1,-1,-1,-1,-1,-1,-1,-1,-1,-1,-1,-1,-1,-1,-1,-1,-1,-1,-1,-1,-1,-1,-1,-1,-1,-0.0785732951754112,-0.0732140682843347,-0.0621635029045846,-0.0458524996222081,-0.0241420599627462,0.0036168789312816,0.0366325235613574,0.0712806206649197,0.10217265861859,0.124992192391728,0.138615870327896,0.14486816119163,0.146587916698855,0.145952077647681,0.144164967563754,0.14201812135459,0.140255653112254,0.139367339242925,-1
23352,1,-1,-1,-1,-1,-1,-1,-1,-1,-1,-1,-1,-1,-1,-1,-1,-1,-1,-1,-1,-1,-1,-1,-1,-1,-1,-1,-0.0482245749074388,-0.0482245749074348,-0.0482245749074068,-0.0482245749073421,-0.0482245749072544,-0.0482245749071708,-0.0482245749071016,-0.0482245749070315,-0.0482245749069446,-0.0482245749068595,-0.0482245749068232,-0.048224574906871,-0.0482245749069898,-0.0482245749071309,-0.0482245749072507,-0.0482245749073346,-0.0482245749073871,-0.0482245749074124,-1
23348,1,-1,-1,-1,-1,-1,-1,-1,-1,-1,-1,-1,-1,-1,-1,-1,-1,-1,-1,-1,-1,-1,-1,-1,-1,-1,-1,-0.00355488336811405,-0.00355488336811405,-0.00355488336811405,-0.00355488336811405,-0.00355488336811405,0.00360349181392383,0.00360349181392383,0.00360349181392294,0.00360349181392383,-0.031572075553286,-0.0315720755532869,-0.031572075553286,-1,-1,-1,-1,-1,-1,-1
9169,1,-1,-1,-1,-1,-1,-1,-1,-1,-1,-1,-1,-1,-1,-1,-1,-1,-1,-1,-1,-1,-1,-1,-1,-1,-1,-1,0.109407179948002,0.109407179948002,0.109407179948002,0.109407179948002,0.109407179948002,-0.0515488374819193,-0.0515488374819197,-0.0515488374819197,-0.0515488374819197,-1,-1,-1,-1,-1,-1,-1,-1,-1,-1
12050,1,-1,-1,-1,-1,-1,-1,-1,-1,-1,-1,-1,-1,-1,-1,-1,-1,-1,-1,-1,-1,-1,-1,-1,-1,-1,-1,-1,-0.058895189863077,-0.0564811572530441,-0.0510724742153781,-0.0435829638575362,-0.0365777302537502,-0.0321386843428306,-0.0296603514790128,-0.0263097231556042,-0.019822542847415,-0.0103760913053792,0.000397686041477829,0.0113895366684358,0.0221096176065525,0.0311813891756989,0.0362983211987511,-1,-1,-1
23346,1,-1,-1,-1,-1,-1,-1,-1,-1,-1,-1,-1,-1,-1,-1,-1,-1,-1,-1,-1,-1,-1,-1,-1,-1,-1,-1,-1,-1,-1,0.00860017176191752,0.0681616001622944,-0.119314122609676,-1,-1,-1,-1,-1,-1,-1,-1,-1,-1,-1,-1,-1
15418,1,-1,-1,-1,-1,-1,-1,-1,-1,-1,-1,-1,-1,-1,-1,-1,-1,-1,-1,-1,-1,-1,-1,-1,-1,-1,-1,-1,-1,-1,-1.10668774222042,-0.29477017109201,-0.29477017109201,-0.29477017109201,-0.29477017109201,2.09790961193697,-0.433018868317141,0.433018868317141,-1,-1,-1,-1,-1,-1,-1,-1
15407,1,-1,-1,-1,-1,-1,-1,-1,-1,-1,-1,-1,-1,-1,-1,-1,-1,-1,-1,-1,-1,-1,-1,-1,-1,-1,-1,-1,-1,-1,-2.23648588329406,0,0,0,0,1.47159083359303,-1,-1,-1,-1,-1,-1,-1,-1,-1,-1
9744,1,-1,-1,-1,-1,-1,-1,-1,-1,-1,-1,-1,-1,-1,-1,-1,-1,-1,-1,-1,-1,-1,-1,-1,-1,-1,-1,-1,-1,-1,0.170847164822118,0.0845561833841337,-0.0182185000163346,-0.0565697722368967,-0.0293432483831859,-0.000790449115278591,-0.0114300231248206,-0.0399077888460857,-0.052679064147414,-0.054874166012612,-0.0686308024082423,-0.0825086565843196,-0.0591216053257351,0.0046371363302331,0.0590164479049682,-1
23354,1,-1,-1,-1,-1,-1,-1,-1,-1,-1,-1,-1,-1,-1,-1,-1,-1,-1,-1,-1,-1,-1,-1,-1,-1,-1,-1,-1,-1,-1,-1,0.0368931070804592,0.0368931070804595,-0.2498774732166,0.178755675808215,0.178755675808215,-0.23257261500813,0.0177287669604318,0.154815083712949,0.154815083712949,-0.345842340080343,-0.379833922344815,-0.379833922344815,-1,-1,-1
12053,1,-1,-1,-1,-1,-1,-1,-1,-1,-1,-1,-1,-1,-1,-1,-1,-1,-1,-1,-1,-1,-1,-1,-1,-1,-1,-1,-1,-1,-1,-1,0.00703501097021986,0.00703501097005799,0.00703501096977266,0.00703501096944925,0.00703501096916326,0.00703501096891612,0.00703501096861769,0.00703501096816161,0.00703501096754611,0.00703501096693748,0.00703501096657422,-1,-1,-1,-1
5183,1,-1,-1,-1,-1,-1,-1,-1,-1,-1,-1,-1,-1,-1,-1,-1,-1,-1,-1,-1,-1,-1,-1,-1,-1,-1,-1,-1,-1,-1,-1,0.00788557170074622,0.00788557170074622,0.00788557170074622,0.00788557170074622,0.00788557170074577,0.00788557170074622,-1,-1,-1,-1,-1,-1,-1,-1,-1
2358,1,-1,-1,-1,-1,-1,-1,-1,-1,-1,-1,-1,-1,-1,-1,-1,-1,-1,-1,-1,-1,-1,-1,-1,-1,-1,-1,-1,-1,-1,-1,-1,0,0,0.1249387366083,-1,-1,-1,-1,-1,-1,-1,-1,-1,-1,-1
11324,1,-1,-1,-1,-1,-1,-1,-1,-1,-1,-1,-1,-1,-1,-1,-1,-1,-1,-1,-1,-1,-1,-1,-1,-1,-1,-1,-1,-1,-1,-1,-1,-1,0.0339261204728709,-1,-1,-1,-1,-1,-1,-1,-1,-1,-1,-1,-1
2360,1,-1,-1,-1,-1,-1,-1,-1,-1,-1,-1,-1,-1,-1,-1,-1,-1,-1,-1,-1,-1,-1,-1,-1,-1,-1,-1,-1,-1,-1,-1,-1,-1,-0.0949755132308567,-0.0197440581957573,-1,-1,-1,-1,-1,-1,-1,-1,-1,-1,-1
11356,1,-1,-1,-1,-1,-1,-1,-1,-1,-1,-1,-1,-1,-1,-1,-1,-1,-1,-1,-1,-1,-1,-1,-1,-1,-1,-1,-1,-1,-1,-1,-1,-1,-1,-1,0.0387435660387925,0.0387435660387927,-1,-1,-1,-1,-1,-1,-1,-1,-1
11354,1,-1,-1,-1,-1,-1,-1,-1,-1,-1,-1,-1,-1,-1,-1,-1,-1,-1,-1,-1,-1,-1,-1,-1,-1,-1,-1,-1,-1,-1,-1,-1,-1,-1,-1,-0.744414007126456,-0.744414007126456,-1,-1,-1,-1,-1,-1,-1,-1,-1
23355,1,-1,-1,-1,-1,-1,-1,-1,-1,-1,-1,-1,-1,-1,-1,-1,-1,-1,-1,-1,-1,-1,-1,-1,-1,-1,-1,-1,-1,-1,-1,-1,-1,-1,-1,-1,-1,-1,0.137317415573442,0.127356568592787,0.104860488213993,0.069083096389333,0.0230886303425977,-0.02524534863743,-0.0646112211296663,-0.0854888638296591
11698,1,-1,-1,-1,-1,-1,-1,-1,-1,-1,-1,-1,-1,-1,-1,-1,-1,-1,-1,-1,-1,-1,-1,-1,-1,-1,-1,-1,-1,-1,-1,-1,-1,-1,-1,-1,-1,-1,-1,-1,-1,-1,0.02970230748981,-0.0630925280181001,0.0223518389017188,-0.00897873189531584
23349,1,-1,-1,-1,-1,-1,-1,-1,-1,-1,-1,-1,-1,-1,-1,-1,-1,-1,-1,-1,-1,-1,-1,-1,-1,-1,-1,-1,-1,-1,-1,-1,-1,-1,-1,-1,-1,-1,-1,-1,-1,-1,-1,-0.0173422259601406,-0.0173422259601415,0.0215282370689183
