population_id,1970,1971,1972,1973,1974,1975,1976,1977,1978,1979,1980,1981,1982,1983,1984,1985,1986,1987,1988,1989,1990,1991,1992,1993,1994,1995,1996,1997,1998,1999,2000,2001,2002,2003,2004,2005,2006,2007,2008,2009,2010,2011,2012,2013,2014,2015,2016
2118,1,0.0475322910757427,0.0475322910757427,0.0475322910757425,0.0475322910757427,0.0475322910757427,0.0475322910757427,0.0475322910757425,0.047532291075743,0.0475322910757425,0.0475322910757425,0.047532291075743,0.0475322910757425,0.047532291075743,0.0475322910757425,0.047532291075743,0.0475322910757425,0.0475322910757425,0.047532291075743,0.0440228147639203,0.0440228147639203,0.0440228147639199,0.0440228147639203,0.0410933780936751,0.0410933780936751,0.0437686478953263,0.0437686478953263,0.0437686478953263,0.0437686478953263,0.0437686478953259,0.0388326850653593,0.0388326850653589,0.0388326850653589,0.0388326850653589,0.0388326850653593,0.0388326850653589,-1,-1,-1,-1,-1,-1,-1,-1,-1,-1,-1
25323,1,-0.0163998042024565,0.0373261783144159,0.037326178314415,0.0373261783144159,0.0135981569818009,0.0135981569818018,0.0135981569818009,0.0400228139291885,-0.0808172848745921,0.0889346401904154,0.0167619220722299,0.0167619220722299,-0.0194576661444179,-0.0194576661444179,0.0107261990599552,0.0452241548321801,-0.00238700410342663,0.0411711863845756,-0.0411711863845756,0.0278764553294488,0.0219395494594448,-0.00541755672215416,-0.00541755672215505,0.068827060421996,0,-0.00762163293852591,-0.00762163293852502,-0.0579899943156983,0.0663676841736125,0.0663676841736125,0.0663676841736116,-0.0551966771091772,0.0125408989721256,0.022725874479665,0.0227258744796641,0.0486686537541123,-0.0589716725409088,-0.0589716725409088,-1,-1,-1,-1,-1,-1,-1,-1
25322,1,0.0361746592709351,0.0361746592709347,0.0361746592709347,0.0361746592709347,0.0361746592709351,0.0361746592709347,0.0361746592709347,0.0548942334299376,0.0548942334299376,0.0548942334299376,0.0548942334299376,0.0901286314729353,0.0901286314729353,0.0901286314729353,0.0901286314729357,0.0901286314729353,0.0901286314729353,0.0901286314729357,0.0901286314729353,0.0901286314729353,-0.0642188002469783,0.0736162159272911,-0.217547072999817,0.101003889109895,0.101003889109894,-0.176314409050606,-0.176314409050606,0.189692187848766,0.189692187848766,0.0228743540992218,0.118417515400499,-0.379591705653832,-0.379591705653832,0.498693360761854,0.0355877291638622,-0.0549999292454926,-0.303499338389969,0.294637464612357,-1,-1,-1,-1,-1,-1,-1,-1
25321,1,0.00243583440225636,0.00243583440225614,0.00243583440225636,0.00243583440225614,0.00243583440225636,0.00243583440225636,0.00243583440225614,-0.0728711694394377,-0.0728711694394377,-0.0728711694394377,-0.0728711694394377,0.0374713520353807,0.0374713520353807,0.0374713520353807,0.0374713520353807,0.0374713520353807,0.0374713520353807,0.0374713520353807,0.0374713520353807,0.0374713520353807,-0.522878745280337,0.204119982655925,-0.0579919469776866,0.00658475688061233,0.00658475688061211,0.00658475688061233,0.00658475688061233,0.00658475688061233,0.00658475688061211,0.0184834056940131,0,-0.0263937486825414,-0.0263937486825416,-0.0263937486825416,0.0606978403536116,-0.247784483710756,-0.335792101923193,0.1249387366083,-1,-1,-1,-1,-1,-1,-1,-1
25320,1,0.031952496422083,0.031952496422083,0.031952496422083,0.031952496422083,0.031952496422083,-0.38729425965667,-0.38729425965667,0.0537669234104632,0.0537669234104627,0.0537669234104632,0.0537669234104627,0.0537669234104632,0.0537669234104627,0.0537669234104632,0.0537669234104632,0.0537669234104627,0.0537669234104632,0.0537669234104627,0.0537669234104632,0.0537669234104627,-0.0685136181080193,-0.0685136181080197,0.00348832784582154,-0.0123906975182191,-0.0123906975182191,-0.0123906975182195,-0.0123906975182191,-0.0123906975182191,-0.0123906975182191,0.136800813734962,-0.0986688012800916,-0.0226656930317035,-0.022665693031704,-0.0226656930317035,0.033968667079018,-0.129042337047077,-0.435229093391486,-1,-1,-1,-1,-1,-1,-1,-1,-1
25319,1,0.00052795684566842,0.00052795684566842,0.000527956845667532,0.00052795684566842,0.00052795684566842,0.00052795684566842,0.00052795684566842,0.00052795684566842,0.00052795684566842,0.0311869866808889,0.0234296984364102,0.0234296984364093,0.0234296984364093,0.0234296984364102,0.0234296984364093,8.36769577965413e-05,8.36769577956531e-05,8.36769577956531e-05,8.36769577965413e-05,8.36769577956531e-05,8.36769577956531e-05,8.36769577965413e-05,8.36769577956531e-05,-0.02387687472301,-0.02387687472301,-0.02387687472301,-0.02387687472301,-0.02387687472301,-0.02387687472301,0.0358746531751946,0.0470119362043198,-0.134682693015382,-0.134682693015382,0.0440007570566872,-0.385443142455147,0.28888815177145,-0.267464869894508,0.248899633672879,-1,-1,-1,-1,-1,-1,-1,-1
10344,1,-1,-1,-1,-1,-1,-1,-1,-1,-0.0371611069949687,-0.0371611069949687,-0.0371611069949691,-0.0371611069949689,-0.0371611069949689,-0.0371611069949687,-0.0371611069949689,-0.0371611069949689,-0.0371611069949689,-0.0371611069949689,-1,-1,-1,-1,-1,-1,-1,-1,-1,-1,-1,-1,-1,-1,-1,-1,-1,-1,-1,-1,-1,-1,-1,-1,-1,-1,-1,-1
10343,1,-1,-1,-1,-1,-1,-1,-1,-1,0.035800653175162,0.0358006531751611,0.035800653175162,0.035800653175162,0.035800653175162,0.0358006531751611,0.035800653175162,0.035800653175162,0.035800653175162,0.035800653175162,-1,-1,-1,-1,-1,-1,-1,-1,-1,-1,-1,-1,-1,-1,-1,-1,-1,-1,-1,-1,-1,-1,-1,-1,-1,-1,-1,-1
10341,1,-1,-1,-1,-1,-1,-1,-1,-1,-0.000473565235932671,-0.000473565235932671,-0.000473565235932671,-0.000473565235932671,-0.000473565235932671,-0.000473565235932671,-0.000473565235932227,-0.000473565235932671,-0.000473565235932671,-0.000473565235932671,-1,-1,-1,-1,-1,-1,-1,-1,-1,-1,-1,-1,-1,-1,-1,-1,-1,-1,-1,-1,-1,-1,-1,-1,-1,-1,-1,-1
10336,1,-1,-1,-1,-1,-1,-1,-1,-1,0.0139879086401233,0.0139879086401238,0.0139879086401238,0.0139879086401238,0.0139879086401233,0.0139879086401238,0.0139879086401238,0.0139879086401233,0.0139879086401238,0.0139879086401238,-1,-1,-1,-1,-1,-1,-1,-1,-1,-1,-1,-1,-1,-1,-1,-1,-1,-1,-1,-1,-1,-1,-1,-1,-1,-1,-1,-1
10332,1,-1,-1,-1,-1,-1,-1,-1,-1,0.0196294645143966,0.0196294645143971,0.0196294645143968,0.0196294645143966,0.0196294645143968,0.0196294645143968,0.0196294645143968,0.0196294645143968,0.0196294645143968,0.0196294645143968,-1,-1,-1,-1,-1,-1,-1,-1,-1,-1,-1,-1,-1,-1,-1,-1,-1,-1,-1,-1,-1,-1,-1,-1,-1,-1,-1,-1
25317,1,-1,-1,-1,-1,-1,-1,-1,-1,-1,-1,-1,-0.00186295783086976,-0.00186295783086976,-0.00186295783086976,-0.00186295783086976,-0.00186295783086976,-0.00186295783086976,-0.00186295783086976,-0.00186295783086976,-0.00186295783086976,-0.00186295783086976,-0.00186295783086976,-0.00186295783086976,-0.0206291228982471,-0.0206291228982467,-0.0206291228982471,-0.0206291228982471,-0.135724789629396,-0.135724789629396,0.345176002068077,-0.193854387670337,-0.193854387670336,-0.193854387670337,0.531116400759184,-0.180648430796159,-0.0211205870245603,-0.329347382938464,-0.336305756012524,-1,-1,-1,-1,-1,-1,-1,-1
25318,1,-1,-1,-1,-1,-1,-1,-1,-1,-1,-1,-1,-1,-1,-1,-1,-1,-0.0126317003975054,-0.0126317003975052,-0.0126317003975054,-0.0126317003975054,-0.0126317003975054,-0.0126317003975054,-0.0126317003975054,0.0131765876290009,0.0131765876290006,0.0131765876290006,0.0131765876290009,-0.121519024343147,-0.121519024343147,0.204119982655925,0,0,0,0,0.0511525224473812,-0.325853579389013,-0.753327666658612,-1,-1,-1,-1,-1,-1,-1,-1,-1
2249,1,-0.00953813520038516,-0.00953813520038471,-0.00953813520038516,-0.00953813520038471,-0.00953813520038471,-0.00953813520038516,-0.00953813520038471,-0.00953813520038516,-0.00953813520038471,-0.00953813520038471,-0.00953813520038516,-0.00953813520038471,-0.00953813520038516,0.0148983009649011,0.0148983009649011,0.0148983009649011,0.0148983009649011,0.0148983009649011,0.0148983009649011,0.0148983009649011,0.0148983009649011,-1,-1,-1,-1,-1,-1,-1,-1,-1,-1,-1,-1,-1,-1,-1,-1,-1,-1,-1,-1,-1,-1,-1,-1,-1
2248,1,-0.00377155613930746,-0.00377155613930746,-0.00377155613930746,-0.00377155613930746,-0.00377155613930746,-0.00377155613930746,-0.00377155613930746,-0.00377155613930746,-0.00377155613930746,-0.00377155613930746,-0.00377155613930746,-0.00377155613930746,-0.00377155613930746,-0.00377155613930746,-0.00377155613930746,-0.00377155613930746,-0.00377155613930746,-0.00377155613930746,-0.00377155613930746,-1,-1,-1,-1,-1,-1,-1,-1,-1,-1,-1,-1,-1,-1,-1,-1,-1,-1,-1,-1,-1,-1,-1,-1,-1,-1,-1
12161,1,0.156889865533683,-1,-1,-1,-1,-1,-1,-1,-1,-1,-1,-1,-1,-1,-1,-1,-1,-1,-1,-1,-1,-1,-1,-1,-1,-1,-1,-1,-1,-1,-1,-1,-1,-1,-1,-1,-1,-1,-1,-1,-1,-1,-1,-1,-1,-1
12185,1,-1,-1,-1,-1,-1,-1,-1,-1,-1,-1,-1,-1,-0.0123479718278618,-0.0123479718278623,-0.0123479718278618,-0.0123479718278623,-0.0123479718278623,-0.0123479718278618,-0.0123479718278623,-0.0123479718278618,-0.0123479718278623,-0.0123479718278618,-0.0123479718278623,-0.0123479718278618,-0.0123479718278623,-0.0123479718278618,-0.0123479718278618,-0.0123479718278623,-0.0123479718278623,-0.0123479718278618,-0.0123479718278623,-0.0123479718278618,-0.0123479718278623,-0.0123479718278618,-1,-1,-1,-1,-1,-1,-1,-1,-1,-1,-1,-1
12015,1,-1,-1,-1,-1,-1,-1,-1,-1,-1,-1,-1,-1,-1,-1,-1,-1,-1,-1,-1,-1,-1,-1,-1,-0.0308499450705333,-0.0310151911860408,-0.0324169431645744,-0.0356945010868586,-0.0398851058429646,-0.0427668802880197,-0.0423639480847298,-0.0381936100734892,-0.0312061555504517,-0.0227534938504705,-0.0138296274844811,-0.00533694105550131,0.00156773375537878,0.00662571267466872,0.00960956451301653,-1,-1,-1,-1,-1,-1,-1,-1
27102,1,-1,-1,-1,-1,-1,-1,-1,-1,-1,-1,-1,-1,-1,-1,-1,-1,-1,-1,-1,-1,-1,-1,-1,-1,-1,-1,-1,-1,-1,0.26884531229258,-0.011281010409689,0.29527766677489,-0.0969100130080565,0.636822097587174,-2.41497334797082,-1,-1,-1,-1,-1,-1,-1,-1,-1,-1,-1
12171,1,-1,-1,-1,-1,-1,-1,-1,-1,-1,-1,-1,-1,-1,-1,-1,-1,-1,-1,-1,-1,-1,-1,-1,-1,-1,-1,-1,-1,-1,-1,-1,0.000866585765679773,0.000866585765655792,0.000866585765670003,0.000866585765790795,0.000866585766034156,0.000866585766307715,0.000866585766478245,-1,-1,-1,-1,-1,-1,-1,-1
12163,1,-1,-1,-1,-1,-1,-1,-1,-1,-1,-1,-1,-1,-1,-1,-1,-1,-1,-1,-1,-1,-1,-1,-1,-1,-1,-1,-1,-1,-1,-1,-1,0.544068044350275,-1,-1,-1,-1,-1,-1,-1,-1,-1,-1,-1,-1,-1,-1
12160,1,-1,-1,-1,-1,-1,-1,-1,-1,-1,-1,-1,-1,-1,-1,-1,-1,-1,-1,-1,-1,-1,-1,-1,-1,-1,-1,-1,-1,-1,-1,-1,-1,1.10396434555152,0.0179669373131142,0.0179669373131137,0.0179669373131137,0.0179669373131142,-0.0923006172387653,0.0478288745115165,0.0478288745115165,-1,-1,-1,-1,-1,-1
12172,1,-1,-1,-1,-1,-1,-1,-1,-1,-1,-1,-1,-1,-1,-1,-1,-1,-1,-1,-1,-1,-1,-1,-1,-1,-1,-1,-1,-1,-1,-1,-1,-1,-1,-1,-0.0755007602331119,-0.190056916110894,-0.0690809170584505,0.136027706689064,-1,-1,-1,-1,-1,-1,-1,-1
12170,1,-1,-1,-1,-1,-1,-1,-1,-1,-1,-1,-1,-1,-1,-1,-1,-1,-1,-1,-1,-1,-1,-1,-1,-1,-1,-1,-1,-1,-1,-1,-1,-1,-1,-1,0.0553486368301677,-0.273465509464839,0.134698573688437,0.176658593222504,-1,-1,-1,-1,-1,-1,-1,-1
6448,1,0.187990482355389,-0.00408031189163749,-0.00408031189163793,-0.00408031189163793,-0.00408031189163749,-0.00408031189163793,-0.00408031189163793,-0.00408031189163749,-0.00408031189163793,-0.00408031189163749,-0.209462976683437,-0.209462976683437,-0.209462976683437,0.051152522447381,0.1249387366083,-0.0377885608893997,0.0125961869631332,0.0125961869631332,0.0125961869631332,-0.0440228147639203,-0.0440228147639199,-0.0440228147639203,-0.0440228147639203,0.243038048686294,0.0152399665567367,0.0345404595716499,0.0345404595716494,-1,-1,-1,-1,-1,-1,-1,-1,-1,-1,-1,-1,-1,-1,-1,-1,-1,-1,-1
2161,1,0.0859547123713198,-0.00480627499094277,-0.00480627499094233,-0.00480627499094233,-0.00480627499094277,-0.00480627499094233,-0.00480627499094277,-0.00480627499094233,-0.00480627499094277,-0.00480627499094233,-0.641953303108752,0.0171658522044611,0.0171658522044611,0.0171658522044611,0.171096123686306,-0.0563469906535974,0.0244982737824886,0.0244982737824886,0.0244982737824886,-0.00484661675016618,-0.00484661675016618,-0.00484661675016618,-0.00484661675016618,0.120142970959687,-0.0147134753033034,0.0435215839403469,0.138785086844004,-0.461030928506744,0.186919360380728,0.0698372793814528,-0.0122080000506481,0.0362248711378568,-0.0416556194999234,-1,-1,-1,-1,-1,-1,-1,-1,-1,-1,-1,-1,-1
2120,1,-1,0.00646545472026272,0.00646545472026272,0.00646545472026361,0.00646545472026272,0.00646545472026272,0.00646545472026272,0.00646545472026361,0.00646545472026272,0.00646545472026272,0.00646545472026361,0.00646545472026272,0.00646545472026272,0.00646545472026272,0.00646545472026361,0.00646545472026272,0.00646545472026272,0.00646545472026361,0.00646545472026272,0.00646545472026272,0.00646545472026361,0.00646545472026272,0.00646545472026272,0.00646545472026361,0.00161966769620747,0.00161966769620747,0.00161966769620747,0.00161966769620836,0.00161966769620747,0.00161966769620836,0.00161966769620747,-1,-1,-1,-1,-1,-1,-1,-1,-1,-1,-1,-1,-1,-1,-1
8924,1,-1,-1,-1,-1,-1,-1,-0.143937554205589,-0.151635653735671,-0.175568897500137,-0.213976518105499,-0.248563962714196,-0.260331432980421,-0.24649269487225,-0.217762682339022,-0.183789103745018,-0.145960790362337,-0.100058053152169,-0.0412521635007262,0.0275237167042635,0.0847537495175448,0.0947181941964522,0.0375420006064996,-0.0625958942454953,-0.150545796721821,-0.187482924228334,-0.179560636377658,-0.158711072017268,-0.146881691790225,-1,-1,-1,-1,-1,-1,-1,-1,-1,-1,-1,-1,-1,-1,-1,-1,-1,-1
11435,1,-1,-1,-1,-1,-1,-1,-1,-1,-1,-1,0.0223554873148419,0.0238468348692689,0.0268613340250397,0.0310100361845453,0.0356295969855565,0.0398573285416886,0.042726434923309,0.0434768742460809,0.0418239616630856,0.0379403751216743,0.0322960092514928,0.0255626460431577,0.0185297675358629,0.0119866229298646,0.00671527998701049,0.00349604703150219,0.00267297862917526,0.00337307457028135,0.00350008832712478,0.00123429970040378,-0.00326827909152305,-0.00818080931907939,-0.012279692557795,-0.0163615475033332,-0.0218159407924228,-0.0282182087716769,-0.0333324800919417,-0.0356468223200439,-0.0359803259894245,-1,-1,-1,-1,-1,-1,-1
5132,1,-1,-1,-1,-1,-1,-1,-1,-1,-1,-1,-1,-1,-1,-1,-1,-1,-1,-1,-1,-1,-1,-1,-1,-1,-1,-1,0.00634795888406225,0.0063479588840627,0.0063479588840627,0.0063479588840627,0.0063479588840627,0.0063479588840627,0.0063479588840627,0.0063479588840627,0.0063479588840627,0.0063479588840627,-1,-1,-1,-1,-1,-1,-1,-1,-1,-1
8920,1,-1,-1,-1,-1,-1,-1,-0.0107479154827566,-0.0252323218216669,-0.0467726134355684,-0.0666238552112388,-0.0853407752907923,-0.109196452598518,-0.137704121505926,-0.160099154089742,-0.165266028553519,-0.152042343727798,-0.127979553464237,-0.100415503588194,-0.0717374677323632,-0.0422919975495417,-0.0138658818011961,0.0115938836234264,0.0344669557942661,0.0559181665360686,0.0743309554965537,0.0858285892830288,0.0892087707733518,0.0884491370706806,-1,-1,-1,-1,-1,-1,-1,-1,-1,-1,-1,-1,-1,-1,-1,-1,-1,-1
11429,1,-1,-1,-1,-1,-1,-1,-1,-1,-1,-1,0.0358642934587965,0.0379563789877526,0.0414785691799846,0.0452194289865582,0.0485371845235454,0.0515081509135435,0.0542075047439878,0.0563933252693261,0.0578569620286156,0.0586035903771585,0.0584698449483949,0.0568977249293212,0.0534902983299212,0.0487420644650705,0.0438618236532982,0.0397197072688367,0.0361441198288879,0.0324008310671982,0.0282338017887445,0.0242453669357081,0.0213006366232338,0.0197563232140876,0.019303680824879,0.0193641961525501,0.0194808683111702,0.0194276464640848,0.0191763668102976,0.0188578099512156,0.0186565065424023,-1,-1,-1,-1,-1,-1,-1
5130,1,-1,-1,-1,-1,-1,-1,-1,-1,-1,-1,-1,-1,-1,-1,-1,-1,-1,-1,-1,-1,-1,-1,-1,-1,-1,-1,-0.0646933884993821,-0.0646933884993821,-0.0646933884993812,-0.0646933884993821,-0.0646933884993821,-0.0646933884993821,-0.0646933884993821,-0.0646933884993821,-0.0646933884993821,-0.0646933884993817,-1,-1,-1,-1,-1,-1,-1,-1,-1,-1
25328,1,-1,-1,-1,-1,-1,-1,-1,-1,-0.0850067166342521,-0.0850067166342521,-0.0850067166342521,-0.0850067166342521,-0.0850067166342521,-0.0850067166342521,-0.0850067166342521,-0.0850067166342521,-0.0850067166342521,-0.085006716634252,-0.0850067166342522,-0.085006716634252,-0.0850067166342521,-0.0850067166342521,-0.0850067166342521,-0.0850067166342521,-0.085006716634252,-0.0850067166342522,-0.0850067166342521,-0.085006716634252,-0.0850067166342519,-0.0850067166342522,-0.0850067166342521,0.394850044661796,0.394850044661796,0.394850044661796,0.394850044661797,0.394850044661796,0.0498578435144843,0.0498578435144843,-1,-1,-1,-1,-1,-1,-1,-1
25327,1,-1,-1,-1,-1,-1,-1,-1,-1,-1,-0.0191576769829651,-0.0191576769829656,-0.0191576769829651,-0.0191576769829651,-0.0191576769829656,-0.0191576769829651,-0.0191576769829651,-0.0191576769829656,-0.0191576769829651,-0.0191576769829651,-0.0191576769829656,-0.0191576769829651,-0.0191576769829651,-0.0191576769829656,-0.0191576769829651,-0.0191576769829651,-0.0191576769829653,-0.0191576769829653,-1.70680782777358,0,0,0,0.527418327881113,0.527418327881113,0.527418327881113,0.527418327881113,-0.27321784260523,0.0942776487616932,0.27299337445839,-1,-1,-1,-1,-1,-1,-1,-1
25326,1,-1,-1,-1,-1,-1,-1,-1,-1,-1,-1,-1,-0.141376211589907,-0.141376211589907,-0.141376211589907,-0.141376211589907,-0.141376211589908,-0.141376211589907,-0.141376211589907,-0.141376211589907,-0.141376211589907,-0.141376211589907,-0.141376211589907,-0.141376211589907,-0.141376211589907,-0.141376211589907,-0.141376211589907,-0.141376211589907,0,0,0,0,0.355761754865483,0.355761754865483,0.355761754865483,0.355761754865483,0.355761754865483,0,0,-1,-1,-1,-1,-1,-1,-1,-1
25324,1,-1,-1,-1,-1,-1,-1,-1,-1,-1,-1,-1,-0.0177287669604316,-0.0131423078347399,-0.0131423078347395,-0.0131423078347397,-0.0131423078347399,-0.0131423078347397,-0.0131423078347397,-0.0131423078347397,-0.0131423078347397,-0.0131423078347397,-0.0131423078347397,-0.0131423078347397,-0.0131423078347397,-0.0131423078347397,-0.0131423078347397,-0.0131423078347399,-0.0131423078347397,-0.0131423078347397,-0.0131423078347397,-0.0131423078347397,-0.0131423078347397,-0.0131423078347397,-0.0131423078347397,-1,-1,-1,-1,-1,-1,-1,-1,-1,-1,-1,-1
25325,1,-1,-1,-1,-1,-1,-1,-1,-1,-1,-1,-1,-1,-1,-1,-1,-1,-1,-1,-1,-1,-1,-1,-1,-1,-1,-1,-1,-0.455931955649724,0,0,0,0.0490736612859921,0.0490736612859921,0.0490736612859919,0.0490736612859921,-0.0871501757189002,-0.326606256887672,-0.326606256887672,-1,-1,-1,-1,-1,-1,-1,-1
25339,1,-1,-1,-1,-1,-1,-1,-1,-1,-1,0.114841064042307,0.112989751539351,0.109287126533439,0.103733189024573,0.0946071237885766,0.0748431279572808,0.0435949420238932,0.00953887965519051,-0.014496987883085,-0.0208026043513008,-0.0121400329717787,0.00175037407823497,0.01203164677128,0.0150023148646361,0.011096606505844,0.00301058109219987,-0.0051724278849421,-0.00988925506350125,-0.010372733920367,-0.00745268756938255,1.66991259105131e-05,0.0141707308216064,0.0316237739031555,0.0416710495304211,0.0361312784485346,0.020303809969541,0.00884676326861555,0.00928755353861144,0.0145366791011892,-1,-1,-1,-1,-1,-1,-1,-1
23383,1,-1,-1,-1,-1,-1,-1,-1,-1,-1,-0.0377940072587313,-0.0377940072587308,-0.0377940072587313,-0.0377940072587308,-0.0377940072587313,-0.0377940072587308,-0.0377940072587308,-0.0377940072587313,-0.0377940072587308,-0.0377940072587313,-0.0377940072587308,-0.0377940072587313,-0.0377940072587308,-0.0377940072587313,-0.0377940072587308,-0.0377940072587313,-0.0377940072587308,-0.0377940072587313,-0.0377940072587308,-0.0377940072587308,-0.0377940072587313,-0.0377940072587308,-0.0377940072587313,-0.0377940072587308,0.046379818007543,0.0463798180075425,0.046379818007543,0.046379818007543,0.046379818007543,0.046379818007543,0.046379818007543,0.046379818007543,0.046379818007543,-1,-1,-1,-1
23382,1,-1,-1,-1,-1,-1,-1,-1,-1,-1,-0.0228050500728332,-0.0228050500728332,-0.0228050500728334,-0.0228050500728332,-0.0228050500728332,-0.0228050500728332,-0.0228050500728334,-0.0228050500728332,-0.0228050500728332,-0.0228050500728334,-0.022805050072833,-0.0228050500728334,-0.0228050500728332,-0.0228050500728332,-0.0228050500728332,-0.0228050500728334,-0.0228050500728332,-0.0228050500728332,-0.0228050500728332,-0.0228050500728334,-0.0228050500728332,-0.0228050500728332,-0.0228050500728332,-0.0228050500728334,-0.0263734350882892,-0.0263734350882894,-0.0263734350882894,-0.0263734350882892,-0.0263734350882894,-0.0263734350882894,-0.0263734350882894,-0.0263734350882892,-0.0263734350882894,-1,-1,-1,-1
6443,1,-1,-1,-1,-1,-1,-1,-1,-1,-1,0.0378073255185383,0.0356117253679877,0.0331743999788476,0.0327664712746492,0.0343874386097691,0.0360507963726562,0.0364250541416569,0.0363308436868248,0.0374150838167382,0.0398927823955439,0.0420564334748028,0.0417905853375138,0.0381199214898276,0.0313676465386781,0.022420418360185,0.0122347599272361,0.00180463077782811,-0.00789428502560785,-0.0161194221387051,-0.0224362864648353,-0.0266282757074188,-0.0287589387840272,-0.0293704757616844,-0.0293492156438497,-1,-1,-1,-1,-1,-1,-1,-1,-1,-1,-1,-1,-1
11434,1,-1,-1,-1,-1,-1,-1,-1,-1,-1,-1,0.0257064010562649,0.0245833805589617,0.0349393582079502,0.0650005708767734,0.104402335346457,0.131869767626929,0.13511215702531,0.11848844133946,0.0920506165057553,0.0598301415776858,0.0228912499029192,-0.0105954577348859,-0.0263618716583753,-0.0179068613642466,0.004179802670496,0.0203097199423707,0.0188309670636073,0.00339121470547221,-0.0147951640820527,-0.0282010218164332,-0.035703074595518,-0.0378080578638484,-0.0334790986278959,-0.0224467580225998,-0.00830035876663837,0.00284916599383545,0.00706890718194764,0.0055809326930758,0.003047008230602,-1,-1,-1,-1,-1,-1,-1
11433,1,-1,-1,-1,-1,-1,-1,-1,-1,-1,-1,0.00673362065929473,0.0102280443563449,0.0178261636897998,0.0273292934963623,0.0344295093443185,0.0371181724001177,0.0380597898986315,0.0411477834843694,0.0463195935650647,0.0494031918044548,0.0469435755939336,0.0394886978464264,0.0297304876985303,0.0191163392627924,0.00753680917737709,-0.00466070520999606,-0.0159332029064347,-0.0246745587669888,-0.0299516987477766,-0.0311667824877073,-0.0282170412419869,-0.0224307119232732,-0.0164102523057923,-0.0121862428052917,-0.00985619190041431,-0.00839416361209233,-0.00724266330567724,-0.0065480750792033,-0.00633891732300595,-1,-1,-1,-1,-1,-1,-1
8995,1,-1,-1,-1,-1,-1,-1,-1,-1,-1,-1,-1,-1,-1,-1,-1,-1,-1,-1,-1,-1,-1,-1,-0.0185301439142891,-0.0191370823440331,-0.0207091199272029,-0.0227291696967322,-0.023332044287812,-0.0204920369096371,-0.0137635115994601,-0.0046322317086025,0.00483022513282316,0.0133307594413439,0.0203571976006258,0.0254359775008308,0.0281005725056724,0.0286524229790159,0.0283484388978938,-1,-1,-1,-1,-1,-1,-1,-1,-1
11432,1,-1,-1,-1,-1,-1,-1,-1,-1,-1,-1,0.0461733294290436,0.0464164523100208,0.0466374444133599,0.0465349704254923,0.0460385472035978,0.0452279971040852,0.0441284814091896,0.0427122306841481,0.0410093177724207,0.0390797929954712,0.0369197708836726,0.0345184646241701,0.031975535497081,0.0294217330216258,0.0268276513164061,0.0240493296320556,0.021108987079594,0.0182786280146243,0.0157948865959914,0.0136285863326964,0.0116735807383392,0.0100448417768053,0.00897636012707448,0.00845079195982423,0.00815277460553299,0.00784634878654122,0.00760671693061843,0.00757287440671517,0.00765223030362616,-1,-1,-1,-1,-1,-1,-1
8994,1,-1,-1,-1,-1,-1,-1,-1,-1,-1,-1,-1,-1,-1,-1,-1,-1,-1,-1,-1,-1,-1,-1,-1,-1,0.0429406530016969,0.0429406530017795,0.0429406530018877,0.0429406530019429,0.0429406530019087,0.0429406530017875,0.0429406530015988,0.0429406530013523,0.0429406530010983,0.0429406530009149,0.0429406530008625,0.0429406530009198,0.0429406530009904,-1,-1,-1,-1,-1,-1,-1,-1,-1
8993,1,-1,-1,-1,-1,-1,-1,-1,-1,-1,-1,-1,-1,-1,-1,-1,-1,-1,-1,-1,-1,-1,-1,-1,-1,-0.0222787538888762,-0.0222787538888674,-0.0222787538888674,-0.0222787538888922,-0.0222787538889411,-0.0222787538890152,-0.0222787538891236,-0.0222787538892675,-0.0222787538894083,-0.0222787538894842,-0.022278753889446,-0.0222787538893363,-0.0222787538892479,-1,-1,-1,-1,-1,-1,-1,-1,-1
5121,1,-1,-1,-1,-1,-1,-1,-1,-1,-1,-1,-1,-1,-1,-1,-1,-1,-1,-1,-1,-1,-1,-1,-1,-1,-1,-1,0.00562610223727411,0.00562610223727367,0.00562610223727411,0.00562610223727367,0.00562610223727411,0.00562610223727411,0.00562610223727367,0.00562610223727411,0.00562610223727367,0.00562610223727411,-1,-1,-1,-1,-1,-1,-1,-1,-1,-1
11428,1,-1,-1,-1,-1,-1,-1,-1,-1,-1,-1,0.0621673840982355,0.0622711409920069,0.0622309243734964,0.061743505030627,0.0607305033202477,0.0593478793676518,0.0577181357711769,0.0557639842580779,0.0534073191045699,0.050871082538043,0.0485931666459334,0.0467414970692084,0.04491475105453,0.0424568138557508,0.0390439600370165,0.0348655887895943,0.0302791851033808,0.0254744777321756,0.0205384360663023,0.0156819300423163,0.011232415222155,0.00744606232486955,0.00445302485547572,0.00234493242983946,0.00114331546551716,0.000644690603586628,0.000454845419253225,0.000287506006616312,0.000147646319968775,-1,-1,-1,-1,-1,-1,-1
8989,1,-1,-1,-1,-1,-1,-1,-1,-1,-1,-1,-1,-1,-1,-1,-1,-1,-1,-1,-1,-1,-1,-1,-1,-1,-1,-1,0,2.03088906509646,-0.293776047359979,0.412224658240954,-1,-1,-1,-1,-1,-1,-1,-1,-1,-1,-1,-1,-1,-1,-1,-1
8988,1,-1,-1,-1,-1,-1,-1,-1,-1,-1,-1,-1,-1,-1,-1,-1,-1,-1,-1,-1,-1,-1,-1,-1,-1,-1,-1,-1,0.109821912892988,-0.284485112418672,0.145582902798131,-1,-1,-1,-1,-1,-1,-1,-1,-1,-1,-1,-1,-1,-1,-1,-1
8987,1,-1,-1,-1,-1,-1,-1,-1,-1,-1,-1,-1,-1,-1,-1,-1,-1,-1,-1,-1,-1,-1,-1,-1,-1,-1,-1,-1,0.212358878446357,-0.141626332503507,0.0274825463975246,-1,-1,-1,-1,-1,-1,-1,-1,-1,-1,-1,-1,-1,-1,-1,-1
8986,1,-1,-1,-1,-1,-1,-1,-1,-1,-1,-1,-1,-1,-1,-1,-1,-1,-1,-1,-1,-1,-1,-1,-1,-1,-1,-1,-1,-0.0196693378636521,-0.219330205536759,0.143802870322922,-1,-1,-1,-1,-1,-1,-1,-1,-1,-1,-1,-1,-1,-1,-1,-1
8985,1,-1,-1,-1,-1,-1,-1,-1,-1,-1,-1,-1,-1,-1,-1,-1,-1,-1,-1,-1,-1,-1,-1,-1,-1,-1,-1,-1,-0.30024566511877,-0.186510007611041,0.10652645264874,-1,-1,-1,-1,-1,-1,-1,-1,-1,-1,-1,-1,-1,-1,-1,-1
8984,1,-1,-1,-1,-1,-1,-1,-1,-1,-1,-1,-1,-1,-1,-1,-1,-1,-1,-1,-1,-1,-1,-1,-1,-1,-1,-1,-1,-0.0293947165989756,-0.19059102483215,0.107558005915137,-1,-1,-1,-1,-1,-1,-1,-1,-1,-1,-1,-1,-1,-1,-1,-1
8983,1,-1,-1,-1,-1,-1,-1,-1,-1,-1,-1,-1,-1,-1,-1,-1,-1,-1,-1,-1,-1,-1,-1,-1,-1,-1,-1,-1,-0.0857417861860625,-0.240680014599264,0.202468496291395,-1,-1,-1,-1,-1,-1,-1,-1,-1,-1,-1,-1,-1,-1,-1,-1
10983,1,-1,-1,-1,-1,-1,-1,-1,-1,-1,-1,-1,-0.782135715219282,-0.782135715219281,1.01142946178078,0.511449283499556,-0.259637310505756,-1.43933269383026,0.301029995663981,0.8750612633917,0.176091259055681,0.0443697499232716,0.0443697499232711,0.0443697499232711,0.0443697499232716,0.0443697499232711,-0.670941280735776,-1,-1,-1,-1,-1,-1,-1,-1,-1,-1,-1,-1,-1,-1,-1,-1,-1,-1,-1,-1
2160,1,-1,-1,-1,-1,-1,-1,-1,-1,-1,-1,-1,-0.0301029995663979,-0.0301029995663979,-0.0301029995663988,-0.0301029995663979,-0.0301029995663979,-0.0301029995663979,-0.0301029995663979,-0.0301029995663988,-0.0301029995663979,-0.0301029995663979,-1,-1,-1,-1,-1,-1,-1,-1,-1,-1,-1,-1,-1,-1,-1,-1,-1,-1,-1,-1,-1,-1,-1,-1,-1
2159,1,-1,-1,-1,-1,-1,-1,-1,-1,-1,-1,-1,-0.275260800406318,-0.275260800406318,0.0223757146389909,0.0223757146389905,0.0223757146389905,0.0223757146389909,0.0223757146389905,0.0223757146389909,0.0223757146389905,0.0223757146389909,0.0223757146389905,0.0223757146389909,0.0223757146389905,0.0223757146389909,0.0223757146389909,-0.261439372640169,-0.261439372640169,-1,-1,-1,-1,-1,-1,-1,-1,-1,-1,-1,-1,-1,-1,-1,-1,-1,-1
10982,1,-1,-1,-1,-1,-1,-1,-1,-1,-1,-1,-1,-1,-1,-1,-1,-1,-1,-1,-1,-1,-1,-1,-0.0627070098704562,-0.0627070098711461,-0.0627070098723546,-0.0627070098736357,-0.0627070098745577,-0.0627070098749627,-0.0627070098749943,-0.0627070098749227,-1,-1,-1,-1,-1,-1,-1,-1,-1,-1,-1,-1,-1,-1,-1,-1
6350,1,-1,-1,-1,-1,-1,-1,-1,-1,-1,-1,-1,-1,-1,-1,-1,-1,-1,-1,-1,-1,-1,-1,-1,-1,-1,-1,-0.0470755293300829,-0.0225775580739014,-0.0763170485563274,-0.0174755990120157,-1,-1,-1,-1,-1,-1,-1,-1,-1,-1,-1,-1,-1,-1,-1,-1
17930,1,-1,-1,-1,-1,-1,-1,-1,-1,-1,-1,-1,-1,-1,-1,-1,-1,-1,-1,-1,-1,-1,-1,-1,-1,-1,-1,-1,-1,-1,0.0298842999334479,0.0274742776767258,0.0225616473884926,0.0162215088833735,0.0103866645106221,0.00678100337048004,0.00592547665463972,0.00685500336684441,0.00787853820853535,-1,-1,-1,-1,-1,-1,-1,-1
23378,1,-1,-1,-1,-1,-1,-1,-1,-1,-1,-1,-1,-1,-1,-1,-1,-1,-1,-1,-1,-1,-1,-1,-1,-1,-1,-1,-1,-1,-1,-1,-1,-1,-1,-1,-1,-1,-1,-1,-1,-1,-1,-0.0515671234162465,-1,-1,-1,-1
27097,1,-1,-1,-1,-1,-1,-1,-1,-1,-1,-1,-1,-1,-0.0067599505797582,-0.0067599505797582,-0.0067599505797582,-0.0067599505797582,-0.0067599505797582,-0.0067599505797582,-0.0067599505797582,-0.0067599505797582,-0.0067599505797582,-0.0067599505797582,-0.0067599505797582,-0.0067599505797582,-0.0067599505797582,-0.0067599505797582,-0.0067599505797582,-0.0067599505797582,-0.0067599505797582,-0.0067599505797582,-0.0067599505797582,-0.0067599505797582,-0.0067599505797582,-0.0067599505797582,-1,-1,-1,-1,-1,-1,-1,-1,-1,-1,-1,-1
27112,1,-1,-1,-1,-1,-1,-1,-1,-1,-1,-1,-1,-1,-1,-1,-1,-1,-1,-1,-1,-1,-1,-1,-1,-1,-1,-1,-1,-1,-1,-1,-1,-1,-1,-1,0.0445781240292824,0.0445781240294889,0.044578124029802,0.0445781240300478,0.0445781240301182,0.0445781240300513,0.0445781240299739,-1,-1,-1,-1,-1
27096,1,-1,-1,-1,-1,-1,-1,-1,-1,-1,-1,-1,-1,-0.0196842558221981,-0.0196842558221981,-0.0196842558221983,-0.0196842558221983,-0.0196842558221981,-0.0196842558221983,-0.0196842558221983,-0.0196842558221983,-0.0196842558221981,-0.0196842558221983,-0.0196842558221981,-0.0196842558221983,-0.0196842558221983,-0.0196842558221981,-0.0196842558221983,-0.0196842558221983,-0.0196842558221983,-0.0196842558221981,-0.0196842558221983,-0.0196842558221983,-0.0196842558221981,-0.0196842558221983,-1,-1,-1,-1,-1,-1,-1,-1,-1,-1,-1,-1
27095,1,-1,-1,-1,-1,-1,-1,-1,-1,-1,-1,-1,-1,-0.0143541705482741,-0.0143541705482741,-0.0143541705482737,-0.0143541705482741,-0.0143541705482741,-0.0143541705482737,-0.0143541705482741,-0.0143541705482741,-0.0143541705482737,-0.0143541705482741,-0.0143541705482737,-0.0143541705482741,-0.0143541705482741,-0.0143541705482737,-0.0143541705482741,-0.0143541705482741,-0.0143541705482737,-0.0143541705482741,-0.0143541705482741,-0.0143541705482741,-0.0143541705482737,-0.0143541705482741,-1,-1,-1,-1,-1,-1,-1,-1,-1,-1,-1,-1
12400,1,-1,-1,-1,-1,-1,-1,-1,-1,-1,-1,-1,-1,-1,-1,-1,-1,-1,-1,-1,-1,-1,-1,-1,-0.201260206204006,-0.0707640249934198,0.121570909156021,-0.204673576716739,0.126045219963269,-1,-1,-1,-1,-1,-1,-1,-1,-1,-1,-1,-1,-1,-1,-1,-1,-1,-1
12520,1,-1,-1,-1,-1,-1,-1,-1,-1,-1,-1,-1,-1,-1,-1,-1,-1,-1,-1,-1,-1,-1,-1,-1,-1,-1,0.0429282005418109,0.260912772455999,-0.0763883458634547,-0.0647253296366552,-0.15159093137974,-1,-1,-1,-1,-1,-1,-1,-1,-1,-1,-1,-1,-1,-1,-1,-1
12473,1,-1,-1,-1,-1,-1,-1,-1,-1,-1,-1,-1,-1,-1,-1,-1,-1,-1,-1,-1,-1,-1,-1,-1,-1,-1,-0.034050731027425,0.204889326492021,-1,-1,-1,-1,-1,-1,-1,-1,-1,-1,-1,-1,-1,-1,-1,-1,-1,-1,-1
27108,1,-1,-1,-1,-1,-1,-1,-1,-1,-1,-1,-1,-1,-1,-1,-1,-1,-1,-1,-1,-1,-1,-1,-1,-1,-1,-1,-1,-1,-1,0.0553491487468449,0.0553491487468447,-0.455931955649724,-0.447158031342219,0.6232492903979,-0.322219294733919,-0.154901959985743,-1,-1,-1,-1,-1,-1,-1,-1,-1,-1
12482,1,-1,-1,-1,-1,-1,-1,-1,-1,-1,-1,-1,-1,-1,-1,-1,-1,-1,-1,-1,-1,-1,-1,-1,-1,-1,-1,-1,-1,-1,-1,-1,0.0151246411623109,0.015124641162525,0.0151246411627488,0.0151246411626831,0.0151246411622239,0.0151246411615893,0.0151246411611612,-1,-1,-1,-1,-1,-1,-1,-1
12401,1,-1,-1,-1,-1,-1,-1,-1,-1,-1,-1,-1,-1,-1,-1,-1,-1,-1,-1,-1,-1,-1,-1,-1,-1,-1,-1,-1,-1,-1,-1,-1,0.196612926200283,-1,-1,-1,-1,-1,-1,-1,-1,-1,-1,-1,-1,-1,-1
12481,1,-1,-1,-1,-1,-1,-1,-1,-1,-1,-1,-1,-1,-1,-1,-1,-1,-1,-1,-1,-1,-1,-1,-1,-1,-1,-1,-1,-1,-1,-1,-1,-1,-1,-1,-0.214610555019425,0.240415940059767,-0.168891647138129,0.0101688393420822,-1,-1,-1,-1,-1,-1,-1,-1
12480,1,-1,-1,-1,-1,-1,-1,-1,-1,-1,-1,-1,-1,-1,-1,-1,-1,-1,-1,-1,-1,-1,-1,-1,-1,-1,-1,-1,-1,-1,-1,-1,-1,-1,-1,-0.0664501692427031,0.00689370794790056,-0.0405955008847454,-0.135495758170936,-1,-1,-1,-1,-1,-1,-1,-1
27094,1,-1,-1,-1,-1,-1,-1,-1,-1,-1,-1,-1,-1,-0.0649367649290222,-0.0649367649290222,-0.0649367649290222,-0.0649367649290222,-0.0649367649290222,-0.0649367649290222,-0.0649367649290222,-0.0649367649290222,-0.0649367649290222,-0.0649367649290222,-0.0649367649290222,-0.0649367649290222,-0.0649367649290227,-0.0649367649290218,-0.0649367649290227,-0.0649367649290222,-0.064936764929022,-0.0649367649290225,-0.0649367649290222,-0.0649367649290222,-0.0649367649290222,-0.0649367649290222,-1,-1,-1,-1,-1,-1,-1,-1,-1,-1,-1,-1
27107,1,-1,-1,-1,-1,-1,-1,-1,-1,-1,-1,-1,-1,-1,-1,-1,-1,-1,-1,-1,-1,-1,-1,-1,-1,-1,-1,-1,-1,-1,-1,0.34698902938926,0.34698902938926,-0.208662325443586,1.03413722200478,-0.271129310191737,-0.315270434778592,-1,-1,-1,-1,-1,-1,-1,-1,-1,-1
27093,1,-1,-1,-1,-1,-1,-1,-1,-1,-1,-1,-1,-1,-0.0129604811436619,-0.0129604811436623,-0.0129604811436619,-0.0129604811436619,-0.0129604811436619,-0.0129604811436623,-0.0129604811436619,-0.0129604811436619,-0.0129604811436623,-0.0129604811436619,-0.0129604811436619,-0.0129604811436619,-0.0129604811436623,-0.0129604811436619,-0.0129604811436619,-0.0129604811436623,-0.0129604811436619,-0.0129604811436619,-0.0129604811436619,-0.0129604811436623,-0.0129604811436619,-0.0129604811436619,-1,-1,-1,-1,-1,-1,-1,-1,-1,-1,-1,-1
27105,1,-1,-1,-1,-1,-1,-1,-1,-1,-1,-1,-1,-1,-1,-1,-1,-1,-1,-1,-1,-1,-1,-1,-1,-1,-1,-1,-1,-1,-1,0.654469551695443,0.558348887802617,0.37629674070675,0.147735949567265,-0.0760162033739182,-0.247639206007958,-0.335961915503125,-1,-1,-1,-1,-1,-1,-1,-1,-1,-1
27092,1,-1,-1,-1,-1,-1,-1,-1,-1,-1,-1,-1,-1,0.0040366315632685,0.0040366315632685,0.0040366315632685,0.0040366315632685,0.0040366315632685,0.0040366315632685,0.0040366315632685,0.0040366315632685,0.0040366315632685,0.0040366315632685,0.0040366315632685,0.0040366315632685,0.0040366315632685,0.00403663156326806,0.0040366315632685,0.0040366315632685,0.0040366315632685,0.0040366315632685,0.0040366315632685,0.0040366315632685,0.0040366315632685,0.0040366315632685,-1,-1,-1,-1,-1,-1,-1,-1,-1,-1,-1,-1
27091,1,-1,-1,-1,-1,-1,-1,-1,-1,-1,-1,-1,-1,0.0359874571624053,0.0359874571624055,0.0359874571624053,0.0359874571624053,0.0359874571624055,0.0359874571624053,0.0359874571624055,0.0359874571624053,0.0359874571624053,0.0359874571624055,0.0359874571624053,0.0359874571624053,0.0359874571624055,0.0359874571624053,0.0359874571624053,0.0359874571624055,0.0359874571624053,0.0359874571624055,0.0359874571624053,0.0359874571624053,0.0359874571624053,0.0359874571624057,-1,-1,-1,-1,-1,-1,-1,-1,-1,-1,-1,-1
27110,1,-1,-1,-1,-1,-1,-1,-1,-1,-1,-1,-1,-1,-1,-1,-1,-1,-1,-1,-1,-1,-1,-1,-1,-1,-1,-1,-1,-1,-1,-1,-1,-1,-1,-1,0.0633361772142937,0.063336177214995,0.0633361772160785,0.0633361772169756,0.0633361772173235,0.063336177217213,0.0633361772170207,-1,-1,-1,-1,-1
27090,1,-1,-1,-1,-1,-1,-1,-1,-1,-1,-1,-1,-1,0.0113281601070576,0.0113281601070576,0.0113281601070576,0.0113281601070581,0.0113281601070576,0.0113281601070576,0.0113281601070576,0.0113281601070576,0.0113281601070576,0.0113281601070576,0.0113281601070576,0.0113281601070576,0.0113281601070576,0.0113281601070576,0.0113281601070576,0.0113281601070581,0.0113281601070576,0.0113281601070576,0.0113281601070576,0.0113281601070576,0.0113281601070576,0.0113281601070576,-1,-1,-1,-1,-1,-1,-1,-1,-1,-1,-1,-1
12474,1,-1,-1,-1,-1,-1,-1,-1,-1,-1,-1,-1,-1,-1,-1,-1,-1,-1,-1,-1,-1,-1,-1,-1,-1,-1,0.0640024089838316,0.158432828880877,-1,-1,-1,-1,-1,-1,-1,-1,-1,-1,-1,-1,-1,-1,-1,-1,-1,-1,-1
27101,1,-1,-1,-1,-1,-1,-1,-1,-1,-1,-1,-1,-1,-1,-1,-1,-1,-1,-1,-1,-1,-1,-1,-1,-1,-1,-1,-1,-1,-1,-0.019289719422712,-0.0192897194225725,-0.0192897194222541,-0.0192897194217518,-0.0192897194211432,-0.0192897194205925,-0.0192897194202797,-1,-1,-1,-1,-1,-1,-1,-1,-1,-1
12485,1,-1,-1,-1,-1,-1,-1,-1,-1,-1,-1,-1,-1,-1,-1,-1,-1,-1,-1,-1,-1,-1,-1,-1,-1,-1,-1,-1,-1,-1,-1,-1,0.0209488452753299,0.0209488452753552,0.0209488452753308,0.0209488452751665,0.0209488452748516,0.0209488452744999,0.0209488452742805,-1,-1,-1,-1,-1,-1,-1,-1
12484,1,-1,-1,-1,-1,-1,-1,-1,-1,-1,-1,-1,-1,-1,-1,-1,-1,-1,-1,-1,-1,-1,-1,-1,-1,-1,-1,-1,-1,-1,-1,-1,-1,-1,-1,0.452414331044819,0.166381499294382,-0.44847678989652,-0.152812749703299,-1,-1,-1,-1,-1,-1,-1,-1
12483,1,-1,-1,-1,-1,-1,-1,-1,-1,-1,-1,-1,-1,-1,-1,-1,-1,-1,-1,-1,-1,-1,-1,-1,-1,-1,-1,-1,-1,-1,-1,-1,-1,-1,-1,0.0140454664205745,-0.198731526932389,0.0491880979160775,-0.00301080816259569,-1,-1,-1,-1,-1,-1,-1,-1
27089,1,-1,-1,-1,-1,-1,-1,-1,-1,-1,-1,-1,-1,-0.0811513561368531,-0.0811513561368531,-0.0811513561368531,-0.0811513561368531,-0.0811513561368529,-0.0811513561368531,-0.0811513561368531,-0.0811513561368531,-0.0811513561368531,-0.0811513561368529,-0.0811513561368531,-0.081151356136853,-0.0811513561368532,-0.081151356136853,-0.081151356136853,-0.0811513561368532,-0.081151356136853,-0.0811513561368531,-0.0811513561368529,-0.081151356136853,-0.0811513561368531,-0.0811513561368531,-1,-1,-1,-1,-1,-1,-1,-1,-1,-1,-1,-1
27088,1,-1,-1,-1,-1,-1,-1,-1,-1,-1,-1,-1,-1,-0.00749534012040343,-0.00749534012040343,-0.00749534012040343,-0.00749534012040343,-0.00749534012040387,-0.00749534012040343,-0.00749534012040343,-0.00749534012040343,-0.00749534012040343,-0.00749534012040387,-0.00749534012040343,-0.00749534012040343,-0.00749534012040343,-0.00749534012040343,-0.00749534012040387,-0.00749534012040343,-0.00749534012040343,-0.00749534012040343,-0.00749534012040343,-0.00749534012040387,-0.00749534012040343,-0.00749534012040343,-1,-1,-1,-1,-1,-1,-1,-1,-1,-1,-1,-1
27100,1,-1,-1,-1,-1,-1,-1,-1,-1,-1,-1,-1,-1,-1,-1,-1,-1,-1,-1,-1,-1,-1,-1,-1,-1,-1,-1,-1,-1,-1,-0.126958308827489,-0.103140198221057,-0.0624744895079865,-0.0199062639666283,0.0120188509919337,0.0296014053453555,0.0361600575456387,-1,-1,-1,-1,-1,-1,-1,-1,-1,-1
27087,1,-1,-1,-1,-1,-1,-1,-1,-1,-1,-1,-1,-1,0.00612266244988424,0.00612266244988446,0.00612266244988424,0.00612266244988446,0.00612266244988446,0.00612266244988424,0.00612266244988446,0.00612266244988424,0.00612266244988446,0.00612266244988424,0.00612266244988446,0.00612266244988446,0.00612266244988424,0.00612266244988446,0.00612266244988424,0.00612266244988446,0.00612266244988446,0.00612266244988424,0.00612266244988446,0.00612266244988424,0.00612266244988446,0.00612266244988446,-1,-1,-1,-1,-1,-1,-1,-1,-1,-1,-1,-1
27086,1,-1,-1,-1,-1,-1,-1,-1,-1,-1,-1,-1,-1,-0.00181234145625853,-0.00181234145625853,-0.00181234145625897,-0.00181234145625897,-0.00181234145625853,-0.00181234145625853,-0.00181234145625897,-0.00181234145625853,-0.00181234145625897,-0.00181234145625853,-0.00181234145625897,-0.00181234145625853,-0.00181234145625897,-0.00181234145625853,-0.00181234145625897,-0.00181234145625853,-0.00181234145625897,-0.00181234145625853,-0.00181234145625897,-0.00181234145625853,-0.00181234145625897,-0.00181234145625853,-1,-1,-1,-1,-1,-1,-1,-1,-1,-1,-1,-1
27113,1,-1,-1,-1,-1,-1,-1,-1,-1,-1,-1,-1,-1,-1,-1,-1,-1,-1,-1,-1,-1,-1,-1,-1,-1,-1,-1,-1,-1,-1,-1,-1,-1,-1,-1,0.025952858879366,0.0259528588796463,0.0259528588800548,0.0259528588803355,0.025952858880343,0.0259528588801587,0.0259528588799962,-1,-1,-1,-1,-1
27085,1,-1,-1,-1,-1,-1,-1,-1,-1,-1,-1,-1,-1,-0.0297223468000376,-0.029722346800038,-0.0297223468000376,-0.029722346800038,-0.0297223468000376,-0.0297223468000376,-0.029722346800038,-0.0297223468000376,-0.0297223468000376,-0.029722346800038,-0.0297223468000376,-0.0297223468000376,-0.029722346800038,-0.0297223468000376,-0.0297223468000376,-0.029722346800038,-0.0297223468000376,-0.029722346800038,-0.0297223468000376,-0.0297223468000376,-0.0297223468000376,-0.029722346800038,-1,-1,-1,-1,-1,-1,-1,-1,-1,-1,-1,-1
12450,1,-1,-1,-1,-1,-1,-1,-1,-1,-1,-1,-1,-1,-1,-1,-1,-1,-1,-1,-1,-1,-1,-1,-1,-1,-1,-0.0227451609129039,-0.0229892945034678,-0.0227524233854295,-0.022341182832406,-0.0237974880851972,-0.0285873373300687,-0.0349921759430742,-0.0390536178525158,-0.0384610968291206,-0.0347351877378266,-0.0310472658101819,-0.0284649969519988,-0.0251698531072932,-0.0192334457982541,-0.0113076165068682,-0.00424284042871026,-0.000490197966124484,-1,-1,-1,-1
27099,1,-1,-1,-1,-1,-1,-1,-1,-1,-1,-1,-1,-1,-1,-1,-1,-1,-1,-1,-1,-1,-1,-1,-1,-1,-1,-1,-1,-1,-1,-0.184575602332071,-0.184575602332102,-0.184575602332156,-0.184575602332209,-0.184575602332246,-0.184575602332262,-0.184575602332266,-1,-1,-1,-1,-1,-1,-1,-1,-1,-1
12396,1,-1,-1,-1,-1,-1,-1,-1,-1,-1,-1,-1,-1,-1,-1,-1,-1,-1,-1,-1,-1,-1,-1,-1,-1,-1,-1,-1,-1,-1,-1,-1,-1,0.0905698349770376,0.0842423960736185,0.0842423960736189,0.0842423960736185,0.0842423960736185,0.116128814250156,-0.0671357583190773,-0.0671357583190773,-1,-1,-1,-1,-1,-1
12453,1,-1,-1,-1,-1,-1,-1,-1,-1,-1,-1,-1,-1,-1,-1,-1,-1,-1,-1,-1,-1,-1,-1,-1,-1,-1,-1,-1,-1,-1,-1,-1,-1,-1,-1,0.0144826155110929,0.014482615511302,0.014482615511465,0.0144826155112194,0.0144826155104618,0.014482615509515,0.0144826155088964,-1,-1,-1,-1,-1
25343,1,-1,-1,-1,-1,-1,-1,-1,-1,-1,-1,-1,-1,-0.0403562637650343,-0.0403562637652217,-0.0403562637656811,-0.0403562637664956,-0.0403562637677135,-0.0403562637693038,-0.0403562637711536,-0.0403562637731554,-0.0403562637752388,-0.0403562637773303,-0.0403562637793087,-0.0403562637810864,-0.0403562637826933,-0.0403562637842461,-0.0403562637858302,-0.0403562637874435,-0.0403562637890227,-0.040356263790464,-0.0403562637916324,-0.0403562637924377,-0.0403562637929247,-0.0403562637932322,-0.0403562637934398,-0.0403562637935191,-0.0403562637934592,-0.0403562637933697,-1,-1,-1,-1,-1,-1,-1,-1
12184,1,-1,-1,-1,-1,-1,-1,-1,-1,-1,-1,-1,-1,-0.00235050457437103,-0.00235050457437058,-0.00235050457437058,-0.00235050457437103,-0.00235050457437058,-0.00235050457437058,-0.00235050457437103,-0.00235050457437058,-0.00235050457437058,-0.00235050457437103,-0.00235050457437058,-0.00235050457437058,-0.00235050457437058,-0.00235050457437103,-0.00235050457437058,-0.00235050457437103,-0.00235050457437058,-0.00235050457437058,-0.00235050457437058,-0.00235050457437103,-0.00235050457437058,-0.00235050457437058,-1,-1,-1,-1,-1,-1,-1,-1,-1,-1,-1,-1
12281,1,-1,-1,-1,-1,-1,-1,-1,-1,-1,-1,-1,-1,-1,-1,-1,-0.0849698937638856,-0.0675606335234828,-1,-1,-1,-1,-1,-1,-1,-1,-1,-1,-1,-1,-1,-1,-1,-1,-1,-1,-1,-1,-1,-1,-1,-1,-1,-1,-1,-1,-1
27104,1,-1,-1,-1,-1,-1,-1,-1,-1,-1,-1,-1,-1,-1,-1,-1,-1,-1,-1,-1,-1,-1,-1,-1,-1,-1,-1,-1,-1,-1,-0.0239389631189328,-0.023938963120369,-0.0239389631229332,-0.0239389631258491,-0.0239389631283582,-0.0239389631300351,-0.0239389631308109,-1,-1,-1,-1,-1,-1,-1,-1,-1,-1
12178,1,-1,-1,-1,-1,-1,-1,-1,-1,-1,-1,-1,-1,-1,-1,-1,-1,-1,-1,-1,-1,-1,-1,-1,-1,-1,-1,-1,-1,-1,-1,-1,-0.039870479122031,-0.0300710776873285,-0.00961779231252313,0.0196746745322947,0.052501978186815,0.0806217425556892,0.0961534314090908,-1,-1,-1,-1,-1,-1,-1,-1
12182,1,-1,-1,-1,-1,-1,-1,-1,-1,-1,-1,-1,-1,-1,-1,-1,-1,-1,-1,-1,-1,-1,-1,-1,-1,-1,-1,-1,-1,-1,-1,-1,-1,-1,-1,0.0245261362917208,-0.454592016705047,0.38920808779625,-0.570475742839847,-1,-1,-1,-1,-1,-1,-1,-1
12174,1,-1,-1,-1,-1,-1,-1,-1,-1,-1,-1,-1,-1,-1,-1,-1,-1,-1,-1,-1,-1,-1,-1,-1,-1,-1,-1,-1,-1,-1,-1,-1,-1,-1,-1,-0.0266755905676472,-0.691179762158753,0.728804531686813,0.201181732140077,-1,-1,-1,-1,-1,-1,-1,-1
6385,1,-1,-1,-1,-1,-1,-1,-1,-1,-1,-1,-1,-1,-1,-0.0382132988028661,-0.573288248757938,-1,-1,-1,-1,-1,-1,-1,-1,-1,-1,-1,-1,-1,-1,-1,-1,-1,-1,-1,-1,-1,-1,-1,-1,-1,-1,-1,-1,-1,-1,-1
6384,1,-1,-1,-1,-1,-1,-1,-1,-1,-1,-1,-1,-1,-1,0.088174455632146,-0.69211859083466,-1,-1,-1,-1,-1,-1,-1,-1,-1,-1,-1,-1,-1,-1,-1,-1,-1,-1,-1,-1,-1,-1,-1,-1,-1,-1,-1,-1,-1,-1,-1
6381,1,-1,-1,-1,-1,-1,-1,-1,-1,-1,-1,-1,-1,-1,-0.0056516570402636,-1.19288927215965,-1,-1,-1,-1,-1,-1,-1,-1,-1,-1,-1,-1,-1,-1,-1,-1,-1,-1,-1,-1,-1,-1,-1,-1,-1,-1,-1,-1,-1,-1,-1
5119,1,-1,-1,-1,-1,-1,-1,-1,-1,-1,-1,-1,-1,-1,-1,-1,-1,-1,-1,-1,-1,-1,-1,-1,-1,-1,-1,0.137329257359347,0.137329257359347,0.137329257359347,0.137329257359347,0.137329257359347,0.137329257359347,0.137329257359347,0.137329257359347,0.137329257359347,0.137329257359347,-1,-1,-1,-1,-1,-1,-1,-1,-1,-1
6380,1,-1,-1,-1,-1,-1,-1,-1,-1,-1,-1,-1,-1,-1,-0.106854106625536,-0.983923739560012,-1,-1,-1,-1,-1,-1,-1,-1,-1,-1,-1,-1,-1,-1,-1,-1,-1,-1,-1,-1,-1,-1,-1,-1,-1,-1,-1,-1,-1,-1,-1
11430,1,-1,-1,-1,-1,-1,-1,-1,-1,-1,-1,-1,-1,-1,-1,1.146405558343,0.687694681145695,0.119396067054131,-0.138597096423135,-0.0563460770962352,0.0673378516334657,0.0385416420560438,-0.046006095140732,-0.0314792009796956,0.0534160459383037,0.0761385667372627,0.0176736526475341,-0.0177006086748572,0.0166603106815146,0.0395828367336888,-0.0167111282162189,-0.0870179666867243,-0.0642935666681343,0.0363816199749705,0.0870358896966437,0.0199069035341206,-0.0776270265666144,-0.0750199803192784,0.0354727467903539,0.13731858357552,-1,-1,-1,-1,-1,-1,-1
5123,1,-1,-1,-1,-1,-1,-1,-1,-1,-1,-1,-1,-1,-1,-1,-1,-1,-1,-1,-1,-1,-1,-1,-1,-1,-1,-1,0.113566260200007,0.113566260200007,0.113566260200007,0.113566260200007,0.113566260200007,0.113566260200007,0.113566260200007,0.113566260200007,0.113566260200007,0.113566260200007,-1,-1,-1,-1,-1,-1,-1,-1,-1,-1
11745,1,-1,-1,-1,-1,-1,-1,-1,-1,-1,-1,-1,-1,-1,-1,-1,-1,-1,-1,-1,-1,-1,-1,-1,-1,-1,-1,-1,-1,-1,-1,-1,-1,-1,-1,-1,-1,-1,-1,-1,-1,-1,-0.199141515717965,-1,-1,-1,-1
19105,1,-1,-1,-1,-1,-1,-1,-1,-1,-1,-1,-1,-1,-1,-1,-1,-1,0.0867893674233216,0.0867893674233224,0.0867893674233224,-0.0591171099907788,-0.0591171099907779,-0.0387153518197803,-0.0387153518197794,-0.123982911751936,-0.123982911751936,0.302181171361036,0.0310531110200927,-0.00934698743450912,-0.00934698743450912,0.00683127677652529,-0.00432576515180472,-0.00432576515180472,-0.00432576515180472,-0.00432576515180472,-0.00432576515180472,-0.00432576515180472,-0.0918462639655777,0.151238577847679,-0.0106198401758659,-0.0106198401758659,-0.0106198401758659,-0.0106198401758659,-0.0106198401758659,-0.0201230132774892,-1,-1
19107,1,-1,-1,-1,-1,-1,-1,-1,-1,-1,-1,-1,-1,-1,-1,-1,-1,-1,-1,-1,-0.0713233042277253,-0.0713233042277253,-0.0864582317584972,-0.0864582317584977,0.0489574285768271,0.0489574285768266,-0.0326529494871579,0.0964725086359195,0.0326192384398807,0.0326192384398807,-0.0192380723281067,0.0279239659961936,0.0279239659961936,0.0279239659961936,0.0279239659961936,0.0279239659961936,0.0279239659961936,-0.203303430103449,0.0904404807537871,-0.0701069806580827,-0.0701069806580827,-0.0701069806580832,-0.0701069806580832,-0.0701069806580827,-1,-1,-1
19106,1,-1,-1,-1,-1,-1,-1,-1,-1,-1,-1,-1,-1,-1,-1,-1,-1,-1,-1,-1,-0.15788685776413,-0.15788685776413,0.0126479683780398,0.0126479683780394,0.115363125098259,0.115363125098259,-0.142659397203167,-0.100147679338562,0.211056386969004,0.211056386969004,-0.311750642402582,0.0390816509070842,0.0390816509070846,0.0390816509070842,0.0390816509070842,0.0390816509070846,0.0390816509070842,-0.343832366428743,0.320692945542778,-0.0899849531796169,-0.0899849531796169,-0.0899849531796169,-0.0899849531796173,-0.0899849531796169,-0.0172528277545489,-1,-1
5131,1,-1,-1,-1,-1,-1,-1,-1,-1,-1,-1,-1,-1,-1,-1,-1,-1,-1,-1,-1,-1,-1,-1,-1,-1,-1,-1,-0.104143684545944,-0.104143684545944,-0.104143684545943,-0.104143684545944,-0.104143684545944,-0.104143684545944,-0.104143684545944,-0.104143684545944,-0.104143684545944,-0.104143684545944,-1,-1,-1,-1,-1,-1,-1,-1,-1,-1
5692,1,-1,-1,-1,-1,-1,-1,-1,-1,-1,-1,-1,-1,-1,-1,-1,-1,-0.177633083311579,-0.177893367994215,-0.169598238324209,-0.142198509467485,-0.0926254050568538,-0.0295778199995587,0.0303243381249847,0.0717209964564915,0.0882738340606921,0.0837525712575333,0.0670075589642165,0.0461216942535145,0.0262913629873172,0.0110830071620791,0.00316331301642059,-1,-1,-1,-1,-1,-1,-1,-1,-1,-1,-1,-1,-1,-1,-1
5125,1,-1,-1,-1,-1,-1,-1,-1,-1,-1,-1,-1,-1,-1,-1,-1,-1,-1,-1,-1,-1,-1,-1,-1,-1,-1,-1,-0.0698970004336019,-0.0698970004336019,-0.0698970004336017,-0.0698970004336021,-0.0698970004336018,-0.0698970004336018,-0.0698970004336019,-0.0698970004336019,-0.0698970004336019,-0.0698970004336018,-1,-1,-1,-1,-1,-1,-1,-1,-1,-1
12213,1,-1,-1,-1,-1,-1,-1,-1,-1,-1,-1,-1,-1,-1,-1,-1,-1,-1,-1,0.0780831557485726,-0.137204607867229,-1,-1,-1,-1,-1,-1,-1,-1,-1,-1,-1,-1,-1,-1,-1,-1,-1,-1,-1,-1,-1,-1,-1,-1,-1,-1
8999,1,-1,-1,-1,-1,-1,-1,-1,-1,-1,-1,-1,-1,-1,-1,-1,-1,-1,-1,-1,-0.0956884671314495,0.0146442746286675,0.140436911782111,0.174336847838926,0.1142493434651,0.0440033248685094,0.0231775982197755,0.0374296833253558,0.0463426657471602,0.0381798383032539,0.0252921448921772,0.0140299184432329,0.00159958529989046,-0.0087241008858614,-0.00809144296540554,0.00457024255853877,0.0205395372801549,0.0306517626574405,-1,-1,-1,-1,-1,-1,-1,-1,-1
9000,1,-1,-1,-1,-1,-1,-1,-1,-1,-1,-1,-1,-1,-1,-1,-1,-1,-1,-1,-1,-1,-1,-1,-1,-1,-1,-1,-1,-1,-1,0.0502135895461286,0.0502135895455826,0.0502135895436739,0.0502135895393983,0.0502135895325004,0.0502135895241613,0.0502135895167921,0.0502135895127127,-1,-1,-1,-1,-1,-1,-1,-1,-1
11431,1,-1,-1,-1,-1,-1,-1,-1,-1,-1,-1,-1,-1,-1,-1,-1,-1,-1,-1,-1,-1,0.803362852570425,0.524432116918685,0.172867726975893,0.000931504498711933,0.0381446830871146,0.118457341121167,0.120106333243104,0.0744429178380108,0.0524926722589127,0.0485209398210054,0.0228633501115896,-0.00665302239142851,0.0107842102392754,0.0662632416014448,0.092348373940828,0.0614415903094128,0.0239350823926037,0.0275230681392409,0.0508055258100537,-1,-1,-1,-1,-1,-1,-1
5120,1,-1,-1,-1,-1,-1,-1,-1,-1,-1,-1,-1,-1,-1,-1,-1,-1,-1,-1,-1,-1,-1,-1,-1,-1,-1,-1,-0.0487163193013807,-0.0487163193013802,-0.0487163193013802,-0.0487163193013802,-0.0487163193013802,-0.0487163193013807,-0.0487163193013802,-0.0487163193013802,-0.0487163193013802,-0.0487163193013807,-1,-1,-1,-1,-1,-1,-1,-1,-1,-1
25344,1,-1,-1,-1,-1,-1,-1,-1,-1,-1,-1,-1,-1,-1,-1,-1,-1,-1,-1,-1,-1,-1,-1,0.0488616572382852,0.0488616572382852,0.0488616572382852,0.0488616572382852,0.0488616572382852,0.0488616572382852,0.0488616572382852,0.478423488024907,-0.00523252693367704,-1,-1,-1,-1,-1,-1,-1,-1,-1,-1,-1,-1,-1,-1,-1
5124,1,-1,-1,-1,-1,-1,-1,-1,-1,-1,-1,-1,-1,-1,-1,-1,-1,-1,-1,-1,-1,-1,-1,-1,-1,-1,-1,-0.0062147906748844,-0.0062147906748844,-0.00621479067488462,-0.0062147906748844,-0.0062147906748844,-0.0062147906748844,-0.00621479067488462,-0.0062147906748844,-0.0062147906748844,-0.0062147906748844,-1,-1,-1,-1,-1,-1,-1,-1,-1,-1
11201,1,-1,-1,-1,-1,-1,-1,-1,-1,-1,-1,-1,-1,-1,-1,-1,-1,-1,-1,-1,-1,-1,-1,-0.0518216978335126,-0.0518216978335122,-0.00487931620916848,-0.00487931620916893,-0.00487931620916848,-0.00487931620916848,-0.0255809907772258,0.0317475474694691,0.03365047347057,-0.0345260674806758,0.000875594010105729,0.0188396040649699,0.0188396040649694,-0.0341943791460015,-0.240766232789688,-1,-1,-1,-1,-1,-1,-1,-1,-1
2119,1,-1,-1,-1,-1,-1,-1,-1,-1,-1,-1,-1,-1,-1,-1,-1,-1,-1,-1,-1,-1,-1,-1,-0.0088185227456119,-0.00881852274561279,-0.0088185227456119,-0.0088185227456119,-0.00881852274561279,-0.0262596296390374,-0.0262596296390383,-0.0262596296390374,-0.0262596296390383,-0.0262596296390374,0.0936218605044159,0.0936218605044159,-0.0338121360593693,0.0771969610956837,-0.0875387431509429,-1,-1,-1,-1,-1,-1,-1,-1,-1
19701,1,-1,-1,-1,-1,-1,-1,-1,-1,-1,-1,-1,-1,-1,-1,-1,-1,-1,-1,-1,-1,-1,-1,-1,-1,-1,-1,-1,-1,-1,-1,-1,-1,-1,-1,-1,-1,-1,-1,-1,0.0449215047743339,-0.0339261204728709,0.0677216238805745,0.058572166812692,-0.0293837776852097,0.135132651376775,-1
12189,1,-1,-1,-1,-1,-1,-1,-1,-1,-1,-1,-1,-1,-1,-1,-1,-1,-1,-1,-1,-1,-1,-1,-1,-0.145331895250143,0.149298082467745,0.0691970251410239,-0.0880238824005075,-0.26669097222625,-1,-1,-1,-1,-1,-1,-1,-1,-1,-1,-1,-1,-1,-1,-1,-1,-1,-1
12523,1,-1,-1,-1,-1,-1,-1,-1,-1,-1,-1,-1,-1,-1,-1,-1,-1,-1,-1,-1,-1,-1,-1,-1,-1,-1,-0.22847932851537,0.301029995663981,0.129094696379458,-0.16385680263867,0,-1,-1,-1,-1,-1,-1,-1,-1,-1,-1,-1,-1,-1,-1,-1,-1
12471,1,-1,-1,-1,-1,-1,-1,-1,-1,-1,-1,-1,-1,-1,-1,-1,-1,-1,-1,-1,-1,-1,-1,-1,-1,-1,-0.0702195593152739,0.214827822716728,-1,-1,-1,-1,-1,-1,-1,-1,-1,-1,-1,-1,-1,-1,-1,-1,-1,-1,-1
5563,1,-1,-1,-1,-1,-1,-1,-1,-1,-1,-1,-1,-1,-1,-1,-1,-1,-1,-1,-1,-1,-1,-1,-1,-1,-1,-1,0.0501510193274544,-1,-1,-1,-1,-1,-1,-1,-1,-1,-1,-1,-1,-1,-1,-1,-1,-1,-1,-1
12229,1,-1,-1,-1,-1,-1,-1,-1,-1,-1,-1,-1,-1,-1,-1,-1,-1,-1,-1,-1,-1,-1,-1,-1,-1,-1,-1,-1,-1,-1,-1,0.0667167780692615,0.0588115261021018,0.0445452067119279,0.0282834577625155,0.0141703210116648,0.00375208054166887,-0.00383879166567835,-0.010209164243753,-0.0162307941200006,-0.0216907028968456,-0.0258038808285068,-0.0279140493466445,-1,-1,-1,-1
12164,1,-1,-1,-1,-1,-1,-1,-1,-1,-1,-1,-1,-1,-1,-1,-1,-1,-1,-1,-1,-1,-1,-1,-1,-1,-1,-1,-1,-1,-1,-1,0.175590053596818,-1,-1,-1,-1,-1,-1,-1,-1,-1,-1,-1,-1,-1,-1,-1
12169,1,-1,-1,-1,-1,-1,-1,-1,-1,-1,-1,-1,-1,-1,-1,-1,-1,-1,-1,-1,-1,-1,-1,-1,-1,-1,-1,-1,-1,-1,-1,-1,0.0464213266748219,0.0464213266754609,0.0464213266766,0.0464213266778892,0.0464213266789919,0.0464213266797242,0.0464213266800604,-1,-1,-1,-1,-1,-1,-1,-1
12168,1,-1,-1,-1,-1,-1,-1,-1,-1,-1,-1,-1,-1,-1,-1,-1,-1,-1,-1,-1,-1,-1,-1,-1,-1,-1,-1,-1,-1,-1,-1,-1,-1,-1,-1,0.182664462200821,0.536276576756386,-0.0579145493100954,-0.0875633812158285,-1,-1,-1,-1,-1,-1,-1,-1
12167,1,-1,-1,-1,-1,-1,-1,-1,-1,-1,-1,-1,-1,-1,-1,-1,-1,-1,-1,-1,-1,-1,-1,-1,-1,-1,-1,-1,-1,-1,-1,-1,-1,-1,-1,0.0281587158718228,-0.175118575422213,0.379481831110812,-0.196642511974422,-1,-1,-1,-1,-1,-1,-1,-1
12518,1,-1,-1,-1,-1,-1,-1,-1,-1,-1,-1,-1,-1,-1,-1,-1,-1,-1,-1,-1,-1,-1,-1,-1,-1,-1,-0.0843208857000359,0.196294645143968,-0.138302698166281,0.118099312077995,0.140178703165037,-1,-1,-1,-1,-1,-1,-1,-1,-1,-1,-1,-1,-1,-1,-1,-1
12513,1,-1,-1,-1,-1,-1,-1,-1,-1,-1,-1,-1,-1,-1,-1,-1,-1,-1,-1,-1,-1,-1,-1,-1,-1,-1,0.108773118840746,-0.070428126764527,-0.307190304368799,0.167739184690915,0.0324857540814856,-1,-1,-1,-1,-1,-1,-1,-1,-1,-1,-1,-1,-1,-1,-1,-1
12464,1,-1,-1,-1,-1,-1,-1,-1,-1,-1,-1,-1,-1,-1,-1,-1,-1,-1,-1,-1,-1,-1,-1,-1,-1,-1,-1,-1,-1,-1,-0.031416180581894,-0.0314161805820747,-0.0314161805824242,-0.0314161805828754,-0.0314161805833804,-0.0314161805838027,-0.0314161805840345,-0.0314161805840567,-0.0314161805839386,-0.031416180583788,-0.0314161805836874,-0.0314161805836553,-0.0314161805836581,-1,-1,-1,-1
12533,1,-1,-1,-1,-1,-1,-1,-1,-1,-1,-1,-1,-1,-1,-1,-1,-1,-1,-1,-1,-1,-1,-1,-1,-1,-1,-1,-1,-1,-1,-1,-1,-1,-1,-1,-1,-1,-1,-1,0.12240353571257,0.122403535712571,-1,-1,-1,-1,-1,-1
8982,1,-1,-1,-1,-1,-1,-1,-1,-1,-1,-1,-1,-1,-1,-1,-1,-1,-1,-1,-1,-1,-1,-1,-1,-1,-1,-1,-0.196962732085449,-0.00618823850848127,0.00618823850848127,-0.0608607895353441,-1,-1,-1,-1,-1,-1,-1,-1,-1,-1,-1,-1,-1,-1,-1,-1
8981,1,-1,-1,-1,-1,-1,-1,-1,-1,-1,-1,-1,-1,-1,-1,-1,-1,-1,-1,-1,-1,-1,-1,-1,-1,-1,-1,-0.169114753679515,0.112361352527727,-0.00435235081122176,-0.117141606870288,-1,-1,-1,-1,-1,-1,-1,-1,-1,-1,-1,-1,-1,-1,-1,-1
8980,1,-1,-1,-1,-1,-1,-1,-1,-1,-1,-1,-1,-1,-1,-1,-1,-1,-1,-1,-1,-1,-1,-1,-1,-1,-1,-1,-0.348043533246182,0.37510575327801,-0.140985769120226,-0.286598597656558,-1,-1,-1,-1,-1,-1,-1,-1,-1,-1,-1,-1,-1,-1,-1,-1
8979,1,-1,-1,-1,-1,-1,-1,-1,-1,-1,-1,-1,-1,-1,-1,-1,-1,-1,-1,-1,-1,-1,-1,-1,-1,-1,-1,-0.0640173047833188,0.142463081591833,0.276422855742035,-0.933331515077343,-1,-1,-1,-1,-1,-1,-1,-1,-1,-1,-1,-1,-1,-1,-1,-1
8978,1,-1,-1,-1,-1,-1,-1,-1,-1,-1,-1,-1,-1,-1,-1,-1,-1,-1,-1,-1,-1,-1,-1,-1,-1,-1,-1,-0.334814878357707,0.210964213003323,-0.102120586771805,0.0277139827333883,-1,-1,-1,-1,-1,-1,-1,-1,-1,-1,-1,-1,-1,-1,-1,-1
8977,1,-1,-1,-1,-1,-1,-1,-1,-1,-1,-1,-1,-1,-1,-1,-1,-1,-1,-1,-1,-1,-1,-1,-1,-1,-1,-1,-0.334814878357707,0.210964213003323,-0.102120586771805,0.0277139827333883,-1,-1,-1,-1,-1,-1,-1,-1,-1,-1,-1,-1,-1,-1,-1,-1
8976,1,-1,-1,-1,-1,-1,-1,-1,-1,-1,-1,-1,-1,-1,-1,-1,-1,-1,-1,-1,-1,-1,-1,-1,-1,-1,-1,0.035516996841733,0.0961853432555628,-0.187823701206035,0.0906960512693931,-1,-1,-1,-1,-1,-1,-1,-1,-1,-1,-1,-1,-1,-1,-1,-1
8975,1,-1,-1,-1,-1,-1,-1,-1,-1,-1,-1,-1,-1,-1,-1,-1,-1,-1,-1,-1,-1,-1,-1,-1,-1,-1,-1,0.0108715110776307,-0.0316383363822172,0.0185894593588767,0.0358874553479591,-1,-1,-1,-1,-1,-1,-1,-1,-1,-1,-1,-1,-1,-1,-1,-1
8974,1,-1,-1,-1,-1,-1,-1,-1,-1,-1,-1,-1,-1,-1,-1,-1,-1,-1,-1,-1,-1,-1,-1,-1,-1,-1,-1,0.0461538874443503,0.0790326396121994,-0.108932190080345,0.131127220781954,-1,-1,-1,-1,-1,-1,-1,-1,-1,-1,-1,-1,-1,-1,-1,-1
5117,1,-1,-1,-1,-1,-1,-1,-1,-1,-1,-1,-1,-1,-1,-1,-1,-1,-1,-1,-1,-1,-1,-1,-1,-1,-1,-1,-0.0074657569020653,-0.00746575690206575,-0.00746575690206575,-0.00746575690206575,-0.0074657569020653,-0.00746575690206575,-0.00746575690206575,-0.00746575690206575,-0.00746575690206575,-0.0074657569020653,-1,-1,-1,-1,-1,-1,-1,-1,-1,-1
5736,1,-1,-1,-1,-1,-1,-1,-1,-1,-1,-1,-1,-1,-1,-1,-1,-1,-1,-1,-1,-1,-1,-1,-1,-1,-1,-1,-0.1249387366083,0.0927540532368987,0.203074748741275,-1,-1,-1,-1,-1,-1,-1,-1,-1,-1,-1,-1,-1,-1,-1,-1,-1
5129,1,-1,-1,-1,-1,-1,-1,-1,-1,-1,-1,-1,-1,-1,-1,-1,-1,-1,-1,-1,-1,-1,-1,-1,-1,-1,-1,0.00515912224657988,0.005159122246579,0.00515912224657988,0.00515912224657988,0.00515912224657988,0.005159122246579,0.00515912224657988,0.00515912224657988,0.005159122246579,0.00515912224657988,-1,-1,-1,-1,-1,-1,-1,-1,-1,-1
5128,1,-1,-1,-1,-1,-1,-1,-1,-1,-1,-1,-1,-1,-1,-1,-1,-1,-1,-1,-1,-1,-1,-1,-1,-1,-1,-1,-0.039794000867204,-0.0397940008672037,-0.0397940008672037,-0.0397940008672037,-0.0397940008672036,-0.0397940008672037,-0.0397940008672039,-0.0397940008672037,-0.0397940008672037,-0.0397940008672037,-1,-1,-1,-1,-1,-1,-1,-1,-1,-1
25348,1,-1,-1,-1,-1,-1,-1,-1,-1,-1,-1,-1,-1,-1,-1,-1,-1,-1,-1,-1,-1,-1,-1,-1,-1,-1,-1,-1,-1,-1,-1,-1,-1,-1,0.0575053572003652,-0.0980845518570437,0.0348037322210146,-0.0606765294053844,-0.128002681694957,-0.105944881833049,0.0797019612552852,0.0797019612552852,-0.114150710950669,-1,-1,-1,-1
5127,1,-1,-1,-1,-1,-1,-1,-1,-1,-1,-1,-1,-1,-1,-1,-1,-1,-1,-1,-1,-1,-1,-1,-1,-1,-1,-1,0.0176091259055682,0.0176091259055681,0.0176091259055682,0.0176091259055681,0.0176091259055681,0.0176091259055682,0.0176091259055681,0.0176091259055682,0.0176091259055682,0.0176091259055681,-1,-1,-1,-1,-1,-1,-1,-1,-1,-1
5126,1,-1,-1,-1,-1,-1,-1,-1,-1,-1,-1,-1,-1,-1,-1,-1,-1,-1,-1,-1,-1,-1,-1,-1,-1,-1,-1,0.0376451092838299,0.0376451092838299,0.0376451092838299,0.0376451092838299,0.0376451092838299,0.0376451092838299,0.0376451092838299,0.0376451092838299,0.0376451092838301,0.0376451092838297,-1,-1,-1,-1,-1,-1,-1,-1,-1,-1
5122,1,-1,-1,-1,-1,-1,-1,-1,-1,-1,-1,-1,-1,-1,-1,-1,-1,-1,-1,-1,-1,-1,-1,-1,-1,-1,-1,0.0448978975233847,0.0448978975233845,0.0448978975233842,0.0448978975233847,0.0448978975233842,0.0448978975233847,0.0448978975233847,0.0448978975233842,0.0448978975233847,0.0448978975233842,-1,-1,-1,-1,-1,-1,-1,-1,-1,-1
11746,1,-1,-1,-1,-1,-1,-1,-1,-1,-1,-1,-1,-1,-1,-1,-1,-1,-1,-1,-1,-1,-1,-1,-1,-1,-1,-1,-1,-1,-1,-1,-1,-1,-1,-1,-1,-1,-1,-1,-1,-1,-1,-0.270472151091145,-1,-1,-1,-1
5118,1,-1,-1,-1,-1,-1,-1,-1,-1,-1,-1,-1,-1,-1,-1,-1,-1,-1,-1,-1,-1,-1,-1,-1,-1,-1,-1,-0.0268845312292578,-0.026884531229258,-0.026884531229258,-0.026884531229258,-0.0268845312292579,-0.026884531229258,-0.0268845312292579,-0.026884531229258,-0.026884531229258,-0.0268845312292579,-1,-1,-1,-1,-1,-1,-1,-1,-1,-1
5116,1,-1,-1,-1,-1,-1,-1,-1,-1,-1,-1,-1,-1,-1,-1,-1,-1,-1,-1,-1,-1,-1,-1,-1,-1,-1,-1,-0.0502471894919458,-0.0502471894919463,-0.0502471894919458,-0.0502471894919458,-0.0502471894919458,-0.0502471894919458,-0.0502471894919458,-0.0502471894919458,-0.0502471894919463,-0.0502471894919458,-1,-1,-1,-1,-1,-1,-1,-1,-1,-1
27109,1,-1,-1,-1,-1,-1,-1,-1,-1,-1,-1,-1,-1,-1,-1,-1,-1,-1,-1,-1,-1,-1,-1,-1,-1,-1,-1,-1,-1,-1,0.176049284279659,0.176049284279929,0.176049284280352,0.176049284280706,0.176049284280852,0.176049284280821,0.176049284280754,-1,-1,-1,-1,-1,-1,-1,-1,-1,-1
27111,1,-1,-1,-1,-1,-1,-1,-1,-1,-1,-1,-1,-1,-1,-1,-1,-1,-1,-1,-1,-1,-1,-1,-1,-1,-1,-1,-1,-1,-1,-1,-1,-1,-1,-1,-1,-1,0.197810508748917,-0.612783856719735,0.568201724066995,-0.267171728403014,-1,-1,-1,-1,-1,-1
27106,1,-1,-1,-1,-1,-1,-1,-1,-1,-1,-1,-1,-1,-1,-1,-1,-1,-1,-1,-1,-1,-1,-1,-1,-1,-1,-1,-1,-1,-1,0.593034249241053,-0.0624693683041504,-0.06246936830415,0.431470984127908,0.790377765488449,-0.590066876668706,-0.455690613891969,-1,-1,-1,-1,-1,-1,-1,-1,-1,-1
27103,1,-1,-1,-1,-1,-1,-1,-1,-1,-1,-1,-1,-1,-1,-1,-1,-1,-1,-1,-1,-1,-1,-1,-1,-1,-1,-1,-1,-1,-1,-0.688666292792269,-0.27214244632935,0.294668452500978,0.582350818655279,0.377045537583453,-0.125352595081023,-0.508284859296914,-1,-1,-1,-1,-1,-1,-1,-1,-1,-1
12487,1,-1,-1,-1,-1,-1,-1,-1,-1,-1,-1,-1,-1,-1,-1,-1,-1,-1,-1,-1,-1,-1,-1,-1,-1,-1,-1,-1,-1,-1,-1,-1,-1,-1,-0.0765603979966443,-0.0765603979966438,-0.0765603979966443,-0.0765603979966443,-0.279715881395051,-0.163367697949441,-0.163367697949441,-1,-1,-1,-1,-1,-1
27098,1,-1,-1,-1,-1,-1,-1,-1,-1,-1,-1,-1,-1,-1,-1,-1,-1,-1,-1,-1,-1,-1,-1,-1,-1,-1,-1,-1,-1,-1,-0.0334733948153065,-0.0334733948153065,-0.359727082015875,-0.359727082015875,-0.359727082015875,-1,-1,-1,-1,-1,-1,-1,-1,-1,-1,-1,-1
12398,1,-1,-1,-1,-1,-1,-1,-1,-1,-1,-1,-1,-1,-1,-1,-1,-1,-1,-1,-1,-1,-1,-1,-1,-1,-1,-1,-1,-1,-1,0.407083388111907,-0.127202391786039,-0.12720239178604,0.285139400548247,0.0804158351464981,0.254319153082864,0.254319153082863,-1,-1,-1,-1,-1,-1,-1,-1,-1,-1
12463,1,-1,-1,-1,-1,-1,-1,-1,-1,-1,-1,-1,-1,-1,-1,-1,-1,-1,-1,-1,-1,-1,-1,-1,-1,-1,-1,-1,-1,-1,-1,-0.0619528464676766,-0.0619528464673675,-0.0619528464666681,-0.0619528464657084,-0.0619528464648318,-0.0619528464642114,-0.0619528464642043,-0.0619528464647878,-0.0619528464654806,-0.061952846465819,-0.0619528464657977,-0.0619528464657466,-1,-1,-1,-1
12479,1,-1,-1,-1,-1,-1,-1,-1,-1,-1,-1,-1,-1,-1,-1,-1,-1,-1,-1,-1,-1,-1,-1,-1,-1,-1,-1,-1,-1,-1,-1,-1,0.0177172561140484,0.0144104126553297,0.00842256063477409,0.00143050654824783,-0.00481083571456331,-0.0091705174016723,-0.0112599649312934,-1,-1,-1,-1,-1,-1,-1,-1
12486,1,-1,-1,-1,-1,-1,-1,-1,-1,-1,-1,-1,-1,-1,-1,-1,-1,-1,-1,-1,-1,-1,-1,-1,-1,-1,-1,-1,-1,-1,-1,-1,-1,-1,0.0678686880255666,0.0678686880255661,0.0678686880255666,0.0678686880255661,-0.342987678059617,-0.0289219502254876,-0.0289219502254872,-1,-1,-1,-1,-1,-1
12478,1,-1,-1,-1,-1,-1,-1,-1,-1,-1,-1,-1,-1,-1,-1,-1,-1,-1,-1,-1,-1,-1,-1,-1,-1,-1,-1,-1,-1,-1,-1,-1,-1,-1,-1,-0.0530903408457877,-0.341885188835476,0.0501666134127876,0.472712132854314,-1,-1,-1,-1,-1,-1,-1,-1
12181,1,-1,-1,-1,-1,-1,-1,-1,-1,-1,-1,-1,-1,-1,-1,-1,-1,-1,-1,-1,-1,-1,-1,-1,-1,-1,-1,-1,-1,-1,-1,-1,-1,-1,-1,0.0312576951391987,-0.277548901056388,0.358736129692871,-0.0692880059745233,-1,-1,-1,-1,-1,-1,-1,-1
12397,1,-1,-1,-1,-1,-1,-1,-1,-1,-1,-1,-1,-1,-1,-1,-1,-1,-1,-1,-1,-1,-1,-1,-1,-1,-1,-1,-1,-1,-1,0.000378031996402406,0.000378031996731032,0.000378031997310124,0.000378031997947836,0.000378031998470085,0.000378031998801376,0.000378031998946149,-1,-1,-1,-1,-1,-1,-1,-1,-1,-1
12361,1,-1,-1,-1,-1,-1,-1,-1,-1,-1,-1,-1,-1,-1,-1,-1,-1,-1,-1,-1,-1,-1,-1,-1,-1,-1,-1,-1,-1,-1,-1,0.0112179072017478,0.0155789026160074,0.0213013693498447,0.022993065042713,0.0162681249233931,0.000460946957760111,-0.0209831804375074,-0.0423065956741491,-0.0583125824451916,-0.0667566406626663,-0.0690150172158166,-0.0686624461709013,-1,-1,-1,-1
12499,1,-1,-1,-1,-1,-1,-1,-1,-1,-1,-1,-1,-1,-1,-1,-1,-1,-1,-1,-1,-1,-1,-1,-1,-1,-1,-1,-1,-1,-1,-1,-1,0.86141106914516,-0.569375659394888,-1,-1,-1,-1,-1,-1,-1,-1,-1,-1,-1,-1,-1
12468,1,-1,-1,-1,-1,-1,-1,-1,-1,-1,-1,-1,-1,-1,-1,-1,-1,-1,-1,-1,-1,-1,-1,-1,-1,-1,-1,-1,-1,-1,-1,0.0166264824374336,-0.0124649415553275,-0.0341500015147007,-0.006730960153146,0.0686588786917595,0.139200988353677,0.14037988614151,0.0468358175680104,-0.110358783936221,-0.270225018459028,-0.383433391978162,-0.434876743813053,-1,-1,-1,-1
12228,1,-1,-1,-1,-1,-1,-1,-1,-1,-1,-1,-1,-1,-1,-1,-1,-1,-1,-1,-1,-1,-1,-1,-1,-1,-1,-1,-1,-1,-1,-1,0.0753394735636093,0.0743676064012964,0.0617250033723606,0.0278845865552024,-0.0236463502670872,-0.0752895049854918,-0.106271015318053,-0.106282016304089,-0.0809904727572497,-0.0463490575579306,-0.0179953965399355,-0.00383321128232827,-1,-1,-1,-1
12493,1,-1,-1,-1,-1,-1,-1,-1,-1,-1,-1,-1,-1,-1,-1,-1,-1,-1,-1,-1,-1,-1,-1,-1,-1,-1,-1,-1,-1,-1,-1,-1,-0.0891504727058168,-0.555963340670469,-1,-1,-1,-1,-1,-1,-1,-1,-1,-1,-1,-1,-1
12498,1,-1,-1,-1,-1,-1,-1,-1,-1,-1,-1,-1,-1,-1,-1,-1,-1,-1,-1,-1,-1,-1,-1,-1,-1,-1,-1,-1,-1,-1,-1,-1,0.0405012148173514,0.209478289289393,-1,-1,-1,-1,-1,-1,-1,-1,-1,-1,-1,-1,-1
12496,1,-1,-1,-1,-1,-1,-1,-1,-1,-1,-1,-1,-1,-1,-1,-1,-1,-1,-1,-1,-1,-1,-1,-1,-1,-1,-1,-1,-1,-1,-1,-1,-1.17609125905568,0.382334935341462,-1,-1,-1,-1,-1,-1,-1,-1,-1,-1,-1,-1,-1
12495,1,-1,-1,-1,-1,-1,-1,-1,-1,-1,-1,-1,-1,-1,-1,-1,-1,-1,-1,-1,-1,-1,-1,-1,-1,-1,-1,-1,-1,-1,-1,-1,0.00902612221353749,-0.231295527397911,-1,-1,-1,-1,-1,-1,-1,-1,-1,-1,-1,-1,-1
8998,1,-1,-1,-1,-1,-1,-1,-1,-1,-1,-1,-1,-1,-1,-1,-1,-1,-1,-1,-1,-1,-1,-1,-1,-1,-1,-1,-1,-1,-1,-1,-1,-0.0719628636340062,0.239424200016129,-1,-1,-1,-1,-1,-1,-1,-1,-1,-1,-1,-1,-1
25363,1,-1,-1,-1,-1,-1,-1,-1,-1,-1,-1,-1,-1,-1,-1,-1,-1,-1,-1,-1,-1,-1,-1,-1,-1,-1,-1,-1,-1,-1,-1,-1,-1,-1,-0.212769091764438,0.178083439071465,0.15885911248316,0.0871501757189002,0.0202033860882866,-0.667812022345632,0.301342963156474,0.301342963156473,-0.202746093008691,-1,-1,-1,-1
25351,1,-1,-1,-1,-1,-1,-1,-1,-1,-1,-1,-1,-1,-1,-1,-1,-1,-1,-1,-1,-1,-1,-1,-1,-1,-1,-1,-1,-1,-1,-1,-1,-1,-1,0.490961237852092,0.114959174289108,-0.0320546214518349,-0.368409377164895,-0.368409377164896,-0.190783382539559,0.354333786359749,0.354333786359749,-0.595803213469301,-1,-1,-1,-1
25350,1,-1,-1,-1,-1,-1,-1,-1,-1,-1,-1,-1,-1,-1,-1,-1,-1,-1,-1,-1,-1,-1,-1,-1,-1,-1,-1,-1,-1,-1,-1,-1,-1,-1,-1,-1,0.146128035678238,0.0687158123694598,-0.257523951192357,-0.010867631842268,-0.299268539255691,-0.299268539255691,0.456633121886365,-1,-1,-1,-1
25345,1,-1,-1,-1,-1,-1,-1,-1,-1,-1,-1,-1,-1,-1,-1,-1,-1,-1,-1,-1,-1,-1,-1,-1,-1,-1,-1,-1,-1,-1,-1,-1,-1,-1,0.0147054343690516,-0.0271706050772886,-0.0804102407419607,-0.101210654883787,-0.0696500032844041,-0.00318486254609907,0.0618926223694727,0.100129318747329,0.112015820978262,-1,-1,-1,-1
25340,1,-1,-1,-1,-1,-1,-1,-1,-1,-1,-1,-1,-1,-1,-1,-1,-1,-1,-1,-1,-1,-1,-1,-1,-1,-1,-1,-1,-1,-1,-1,-1,-1,-1,0.236469665790674,0.199001132736472,0.135715908969915,0.0687193939180846,0.013135985294952,-0.0302383031228999,-0.0671958856925632,-0.0984839205187451,-0.117147040571006,-1,-1,-1,-1
8520,1,-1,-1,-1,-1,-1,-1,-1,-1,-1,-1,-1,-1,-1,-1,-1,-1,-1,-1,-1,-1,-1,-1,-1,-1,-1,-1,-1,-1,-1,-1,-1,-1,-1,-1,0.812590148708087,-1.42227697084607,1.16477425092689,-1,-1,-1,-1,-1,-1,-1,-1,-1
25346,1,-1,-1,-1,-1,-1,-1,-1,-1,-1,-1,-1,-1,-1,-1,-1,-1,-1,-1,-1,-1,-1,-1,-1,-1,-1,-1,-1,-1,-1,-1,-1,-1,-1,-1,-1,0.0887518994012995,-0.0170333392987807,0.0687574356940033,0.0239392651887904,-0.0179392647834735,-0.0179392647834735,0.0173490622556685,-1,-1,-1,-1
11425,1,-1,-1,-1,-1,-1,-1,-1,-1,-1,-1,-1,-1,-1,-1,-1,-1,-1,-1,-1,-1,-1,-1,-1,-1,-1,-1,-1,-1,-1,-1,-1,-1,-1,-1,-1,0.3365023138262,0.380565912602615,-0.06488362906684,0.35966467545382,-0.00634017803101905,-1,-1,-1,-1,-1,-1
21317,1,-1,-1,-1,-1,-1,-1,-1,-1,-1,-1,-1,-1,-1,-1,-1,-1,-1,-1,-1,-1,-1,-1,-1,-1,-1,-1,-1,-1,-1,-1,-1,-1,-1,-1,-1,-1,0.0827102403824824,0.0835020332410807,0.0846981690106103,0.0858523097184847,0.0869844260748547,0.0883915447450478,0.0900607967830842,0.0915467588414023,0.0924423845017959,0.0927646535100211
25361,1,-1,-1,-1,-1,-1,-1,-1,-1,-1,-1,-1,-1,-1,-1,-1,-1,-1,-1,-1,-1,-1,-1,-1,-1,-1,-1,-1,-1,-1,-1,-1,-1,-1,-1,-1,-1,-1,-1,-0.0354297381845483,-0.195008884009727,-0.195008884009727,-0.195008884009727,-1,-1,-1,-1
25377,1,-1,-1,-1,-1,-1,-1,-1,-1,-1,-1,-1,-1,-1,-1,-1,-1,-1,-1,-1,-1,-1,-1,-1,-1,-1,-1,-1,-1,-1,-1,-1,-1,-1,-1,-1,-1,-1,-1,-1,-1,-0.363522443868344,-1,-1,-1,-1,-1
