"LPI_final" "CI_low" "CI_high"
"1970" 1 1 1
"1971" 1.13228565753799 0.995901210595522 1.43870344311741
"1972" 1.15299625013239 0.999273507221929 1.45474986352263
"1973" 1.17408565936448 1.01647231640984 1.474606283749
"1974" 1.13488644844867 0.90860139675707 1.41754772022516
"1975" 1.35585573922623 1.00247646288128 1.8241793862519
"1976" 1.38233723002591 0.995435224990712 1.93719612626427
"1977" 1.6502320537425 1.15608474347925 2.3235439252674
"1978" 1.50030861814609 0.861533345864245 2.49205955147822
"1979" 1.59437990767142 0.91995414047297 2.68940944248213
"1980" 1.68778888555497 0.948211953437235 2.88848196699791
"1981" 1.74153655407455 0.984794291196914 3.02001132505101
"1982" 1.9134394776821 1.12395873822405 3.22213108238913
"1983" 2.0298122248939 1.11249790651262 3.65949229316029
"1984" 2.23337765976005 1.22279470646948 4.00823515728112
"1985" 2.311159571924 1.22212147474443 4.11460270388814
"1986" 2.16705551673145 1.20276200710913 3.80979163306203
"1987" 1.9596474969337 1.0274682265084 3.46005100914122
"1988" 1.84215862374593 0.979060884946753 3.32733476881521
"1989" 1.80548875385087 0.943128094517016 3.2703222939289
"1990" 1.8431870421193 0.966658756351798 3.41166888814785
"1991" 1.89439287633512 0.967044215020036 3.51398587773607
"1992" 1.91349835166361 0.977417699887906 3.60891216794568
"1993" 1.94463230358879 0.986839787206593 3.77611018983162
"1994" 1.97300557719265 1.02002542407231 3.78109799609383
"1995" 1.85438522858402 0.942187353634605 3.91755573426094
"1996" 1.83026748951579 0.934839800392851 3.71358397486771
"1997" 1.81945136447541 0.923030614121863 3.7419736292991
"1998" 1.78455118060032 0.901895879261167 3.91317863675387
"1999" 1.8852212675276 0.923494381060539 4.06030894257005
"2000" 1.66456790242847 0.72305860586885 3.73210939270268
"2001" 1.64307546975716 0.713185370860323 3.52431399008593
"2002" 1.59772841224288 0.698786048761259 3.44589641801867
"2003" 1.53297577393375 0.660004984081657 3.38031885326447
"2004" 1.53706346727631 0.675754669081484 3.48899285428945
"2005" 1.98294771611117 0.836191903399054 4.82479886843452
"2006" 1.65744279530837 0.694620658611231 4.12102767520074
"2007" 1.90421655139689 0.785548612334612 4.89760804275178
"2008" 1.95019742900784 0.793392017400557 5.15197714919688
"2009" 1.99858646298255 0.800350207359674 5.28782468590047
"2010" 1.84062272468813 0.700564556102917 4.69535126802382
"2011" 1.72797014357338 0.636050675527598 4.16854612650507
"2012" 1.62362763634691 0.629505801384224 4.46539639304331
"2013" 1.61802211657689 0.649847010421296 4.19130995547302
"2014" 1.67524136346045 0.683555430994415 4.32398070366428
"2015" 1.58403315734371 0.656674929148511 4.25152898480222
"2016" -99 NA NA
"2017" -99 NA NA
"2018" -99 NA NA
"2019" -99 NA NA
