Species,1970,1971,1972,1973,1974,1975,1976,1977,1978,1979,1980,1981,1982,1983,1984,1985,1986,1987,1988,1989,1990,1991,1992,1993,1994,1995,1996,1997,1998,1999,2000,2001,2002,2003,2004,2005,2006,2007,2008,2009,2010,2011,2012,2013,2014,2015
Geochelone_gigantea,1,NA,NA,NA,NA,0.000391350532923518,0.000391350532923429,0.000391350532922985,0.000391350532923518,0.000391350532923251,0.000391350532923518,0.000391350532923074,0.000391350532923518,0.000391350532923163,0.000391350532923251,0.00039135053292334,0.000391350532923429,0.000391350532923163,0.000391350532923518,0.000391350532923163,0.000391350532923429,0.000391350532923163,0.000391350532923518,0.00039135053292334,0.000391350532923251,0.000391350532923163,0.000391350532923518,0.000391350532923251,NA,NA,NA,NA,NA,NA,NA,NA,NA,NA,NA,NA,NA,NA,NA,NA,NA,NA
Leiolopisma_telfairii,1,NA,NA,NA,NA,NA,0.0271900598490347,0.0271900598490344,0.0271900598490347,0.0614622821007237,0.061462282100724,0.0614622821007238,0.061462282100724,0.0181424297353818,0.018142429735382,0.018142429735382,0.018142429735382,0.018142429735382,0.0181424297353818,0.018142429735382,0.0540258001222831,0.0540258001222829,0.0540258001222829,0.0540258001222831,0.0540258001222831,0.0540258001222829,0.0540258001222829,NA,NA,NA,NA,NA,NA,NA,NA,NA,NA,NA,NA,NA,NA,NA,NA,NA,NA,NA
Gongylomorphus_bojerii,1,NA,NA,NA,NA,NA,0.0661419193834691,0.0661419193834689,0.0661419193834691,0.0211263618728215,0.0211263618728216,0.0211263618728215,0.0211263618728217,0.0416038816699227,0.0416038816699225,0.0416038816699227,0.0416038816699227,0.0416038816699225,0.0416038816699227,0.0416038816699227,0.0547190384937914,0.0547190384937912,0.0547190384937914,0.0547190384937912,0.0547190384937914,0.0547190384937914,0.0547190384937912,NA,NA,NA,NA,NA,NA,NA,NA,NA,NA,NA,NA,NA,NA,NA,NA,NA,NA,NA
Phelsuma_guentheri,1,NA,NA,NA,NA,NA,-0.0302778671937871,-0.0302778671937872,-0.0302778671937873,-0.0665787095822573,-0.0665787095822573,-0.0665787095822574,-0.0665787095822574,0.0504770136159006,0.0504770136159007,0.0504770136159007,0.0504770136159006,0.0504770136159007,0.0504770136159007,0.0504770136159006,0.0316926785166224,0.0316926785166223,0.0316926785166224,0.0316926785166224,0.0316926785166223,0.0316926785166223,0.0316926785166225,NA,NA,NA,NA,NA,NA,NA,NA,NA,NA,NA,NA,NA,NA,NA,NA,NA,NA,NA
Phelsuma_ornata,1,NA,NA,NA,NA,NA,-0.0282057949842918,-0.0282057949842918,-0.0282057949842918,-0.029935972794768,-0.0299359727947683,-0.0299359727947682,-0.029935972794768,0.022890472789751,0.0228904727897512,0.0228904727897512,0.0228904727897512,0.022890472789751,0.0228904727897512,0.0228904727897512,-0.0257556217542081,-0.0257556217542081,-0.0257556217542079,-0.0257556217542081,-0.0257556217542081,-0.0257556217542081,-0.0257556217542079,NA,NA,NA,NA,NA,NA,NA,NA,NA,NA,NA,NA,NA,NA,NA,NA,NA,NA,NA
Casarea_dussumieri,1,NA,NA,NA,NA,NA,-0.0295124898228225,-0.0295124898228225,-0.0295124898228224,0.130408586269623,0.130408586269623,0.130408586269622,0.130408586269623,0.0197528083560054,0.0197528083560054,0.0197528083560054,0.0197528083560055,0.0197528083560054,0.0197528083560054,0.0197528083560054,-0.00309013999587213,-0.00309013999587206,-0.00309013999587211,-0.00309013999587215,-0.00309013999587202,-0.00309013999587211,-0.00309013999587214,-0.0177845383807291,-0.0177845383807291,-0.0177845383807289,-0.0177845383807291,-0.0177845383807291,-0.0177845383807291,-0.0177845383807291,-0.0177845383807289,-0.0177845383807291,-0.0177845383807291,-0.0177845383807289,-0.0177845383807291,NA,NA,NA,NA,NA,NA,NA
Nactus_serpensinsula,1,NA,NA,NA,NA,NA,NA,NA,NA,NA,NA,NA,NA,0.188888470676274,0.188888470676274,0.188888470676274,0.188888470676274,0.188888470676274,0.188888470676274,0.188888470676274,NA,NA,NA,NA,NA,NA,NA,NA,NA,NA,NA,NA,NA,NA,NA,NA,NA,NA,NA,NA,NA,NA,NA,NA,NA,NA
Sechellophryne_gardineri,1,NA,NA,NA,NA,NA,NA,NA,NA,NA,NA,NA,NA,NA,NA,NA,NA,NA,NA,NA,NA,NA,NA,NA,NA,NA,0.0104630593641057,0.019622319145971,0.0302904589575324,0.0319365854003708,0.0201680289118475,-0.00100328846556419,-0.023922459522022,-0.0425318761100977,-0.0541332572323117,-0.0589635563868036,NA,NA,NA,NA,NA,NA,NA,NA,NA,NA
Sooglossus_sechellensis,1,NA,NA,NA,NA,NA,NA,NA,NA,NA,NA,NA,NA,NA,NA,NA,NA,NA,NA,NA,NA,NA,NA,NA,NA,NA,-0.0920111068997094,-0.0721238485352411,-0.0372353918512536,0.00023524551745524,0.0282923939559501,0.0407446023507907,0.0373660712290111,0.0229174758028061,0.00608185493316515,-0.00426293997759863,NA,NA,NA,NA,NA,NA,NA,NA,NA,NA
Dendroaspis_jamesoni,1,NA,NA,NA,NA,NA,NA,NA,NA,NA,NA,NA,NA,NA,NA,NA,NA,NA,NA,NA,NA,NA,NA,NA,NA,NA,0.00121505042852132,0.00127213210932764,0.00135012426410652,0.001412055120807,0.00147541344513824,0.00160405789167317,0.00184365266048592,0.00217291907574557,0.00251822740213736,0.00280844102796163,0.0030122698430497,0.00313280776635527,0.00318518780391774,NA,NA,NA,NA,NA,NA,NA
Python_regius,1,NA,NA,NA,NA,NA,NA,NA,NA,NA,NA,NA,NA,NA,NA,NA,NA,NA,NA,NA,NA,NA,NA,NA,NA,NA,0.0147259514982903,0.00723749869648871,-0.00905209409799079,-0.0287605023699484,-0.0437391681139325,-0.05360354889778,-0.0679910947663418,-0.0940011046045686,-0.121262354672125,-0.125014538146551,-0.0902311817920814,-0.0331385687271075,0.00814426552895953,NA,NA,NA,NA,NA,NA,NA
Bitis_nasicornis,1,NA,NA,NA,NA,NA,NA,NA,NA,NA,NA,NA,NA,NA,NA,NA,NA,NA,NA,NA,NA,NA,NA,NA,NA,NA,-0.0244834020850651,-0.0557197411837702,-0.136430020574938,-0.260094536222741,-0.36769032670901,-0.375021230737045,-0.245102558593167,-0.0371613463299711,0.127412375926961,0.16287377265831,0.0916528293449031,0.0162965872921539,NA,NA,NA,NA,NA,NA,NA,NA
Bitis_gabonica,1,NA,NA,NA,NA,NA,NA,NA,NA,NA,NA,NA,NA,NA,NA,NA,NA,NA,NA,NA,NA,NA,NA,NA,NA,NA,0.0380978051409966,0.025949490216846,-0.00581992561696798,-0.0584980862645483,-0.11994605241577,-0.167990003126046,-0.182379481279947,-0.156731777175299,-0.10158877635272,-0.0372255353562189,0.0174431474023051,0.05229068089125,0.0671129585870834,NA,NA,NA,NA,NA,NA,NA
Hemisus_marmoratus,1,NA,NA,NA,NA,NA,NA,NA,NA,NA,NA,NA,NA,NA,NA,NA,NA,NA,NA,NA,NA,NA,NA,NA,NA,NA,NA,NA,NA,-0.297503904722453,0.0721002008890537,0.0996774883476852,NA,NA,NA,NA,NA,NA,NA,NA,NA,NA,NA,NA,NA,NA
Meroles_anchietae,1,NA,NA,NA,NA,NA,NA,NA,NA,NA,NA,NA,NA,NA,NA,NA,NA,NA,NA,NA,NA,NA,NA,NA,NA,NA,NA,NA,NA,NA,NA,NA,-0.69721172467968,-0.161768668330916,-0.161768668330916,0.565948245193078,-0.405537190422559,NA,NA,NA,NA,NA,NA,NA,NA,NA
Homopus_signatus,1,NA,NA,NA,NA,NA,NA,NA,NA,NA,NA,NA,NA,NA,NA,NA,NA,NA,NA,NA,NA,NA,NA,NA,NA,NA,NA,NA,NA,NA,NA,NA,NA,0.091799874050688,0.0383732443844462,-0.0690806578081231,-0.0690806578081231,-0.0690806578081231,-0.0690806578081231,-0.0690806578081231,-0.0690806578081231,-0.0690806578081231,-0.0690806578081231,0.0805448091203731,-0.0266694283375186,NA
Pyxis_arachnoides,1,NA,NA,NA,NA,NA,NA,NA,NA,NA,NA,NA,NA,NA,NA,NA,NA,NA,NA,NA,NA,NA,NA,NA,NA,NA,NA,NA,NA,NA,NA,NA,NA,NA,-0.00832899582697311,-0.00832899582697311,-0.00832899582697322,-0.008328995826973,-0.00832899582697311,-0.00832899582697311,0.0774122233087783,-0.0774122233087783,NA,NA,NA,NA
Geochelone_yniphora,1,NA,NA,NA,NA,NA,NA,NA,NA,NA,NA,NA,NA,NA,NA,NA,NA,NA,NA,NA,NA,NA,NA,NA,NA,NA,NA,NA,NA,NA,NA,NA,NA,NA,NA,NA,NA,NA,-0.0659743469854375,-0.065974346985437,-0.0659743469854375,-0.0659743469854375,-0.0659743469854375,-0.00311334208471425,-0.0031133420847147,-0.00311334208471425
Guibemantis_liber,1,NA,NA,NA,NA,NA,NA,NA,NA,NA,NA,NA,NA,NA,NA,NA,NA,NA,NA,NA,NA,NA,NA,NA,NA,NA,NA,NA,NA,NA,NA,NA,NA,NA,NA,NA,NA,NA,NA,NA,0.523601966899434,-0.505487331871056,0.0276428555322974,NA,NA,NA
Boophis_luteus,1,NA,NA,NA,NA,NA,NA,NA,NA,NA,NA,NA,NA,NA,NA,NA,NA,NA,NA,NA,NA,NA,NA,NA,NA,NA,NA,NA,NA,NA,NA,NA,NA,NA,NA,NA,NA,NA,NA,NA,-0.781967312965569,0.156491167019144,0.453457336521869,-0.580044251510242,0.237578139068228,0.263111113848801
Blommersia_grandisonae,1,NA,NA,NA,NA,NA,NA,NA,NA,NA,NA,NA,NA,NA,NA,NA,NA,NA,NA,NA,NA,NA,NA,NA,NA,NA,NA,NA,NA,NA,NA,NA,NA,NA,NA,NA,NA,NA,NA,NA,0.197928100692171,0.0989026593815836,-0.223366126439861,-0.483134238502186,0.362516875676528,-0.561058386323947
Mantidactylus_melanopleura,1,NA,NA,NA,NA,NA,NA,NA,NA,NA,NA,NA,NA,NA,NA,NA,NA,NA,NA,NA,NA,NA,NA,NA,NA,NA,NA,NA,NA,NA,NA,NA,NA,NA,NA,NA,NA,NA,NA,NA,-0.268360878910613,0.0724487260691217,NA,NA,-0.41577196206195,0.615467384505751
Anodonthyla_boulengerii,1,NA,NA,NA,NA,NA,NA,NA,NA,NA,NA,NA,NA,NA,NA,NA,NA,NA,NA,NA,NA,NA,NA,NA,NA,NA,NA,NA,NA,NA,NA,NA,NA,NA,NA,NA,NA,NA,NA,NA,-0.130027364810603,-0.065944308963196,0.152371263063,-0.0569403859750652,0.0198690745994827,0.120617362825657
Boophis_marojezensis,1,NA,NA,NA,NA,NA,NA,NA,NA,NA,NA,NA,NA,NA,NA,NA,NA,NA,NA,NA,NA,NA,NA,NA,NA,NA,NA,NA,NA,NA,NA,NA,NA,NA,NA,NA,NA,NA,NA,NA,-0.00202372384762067,-0.259340107484205,-0.0987189478631276,0.0126538620332893,-0.239726555773233,0.429596547053981
Boophis_popi,1,NA,NA,NA,NA,NA,NA,NA,NA,NA,NA,NA,NA,NA,NA,NA,NA,NA,NA,NA,NA,NA,NA,NA,NA,NA,NA,NA,NA,NA,NA,NA,NA,NA,NA,NA,NA,NA,NA,NA,0.260601338608373,-0.54274599011198,NA,NA,NA,NA
Gephyromantis_moseri,1,NA,NA,NA,NA,NA,NA,NA,NA,NA,NA,NA,NA,NA,NA,NA,NA,NA,NA,NA,NA,NA,NA,NA,NA,NA,NA,NA,NA,NA,NA,NA,NA,NA,NA,NA,NA,NA,NA,NA,0.0831839885012986,0.169155995719145,0.169155995719145,0.169155995719145,-0.2497857531557,-0.2497857531557
Cophyla_tuberifera,1,NA,NA,NA,NA,NA,NA,NA,NA,NA,NA,NA,NA,NA,NA,NA,NA,NA,NA,NA,NA,NA,NA,NA,NA,NA,NA,NA,NA,NA,NA,NA,NA,NA,NA,NA,NA,NA,NA,NA,-0.301408300985727,-0.309244299357953,NA,NA,-0.2497857531557,-0.2497857531557
Cophyla_barbouri,1,NA,NA,NA,NA,NA,NA,NA,NA,NA,NA,NA,NA,NA,NA,NA,NA,NA,NA,NA,NA,NA,NA,NA,NA,NA,NA,NA,NA,NA,NA,NA,NA,NA,NA,NA,NA,NA,NA,NA,0.046212711873887,-0.153219111838961,-0.0235953688358166,-0.358195501893886,0.459426888684585,NA
Boophis_albilabris,1,NA,NA,NA,NA,NA,NA,NA,NA,NA,NA,NA,NA,NA,NA,NA,NA,NA,NA,NA,NA,NA,NA,NA,NA,NA,NA,NA,NA,NA,NA,NA,NA,NA,NA,NA,NA,NA,NA,NA,-0.0921803231584306,0.664583174801932,-0.43976318566981,-0.621436936668467,-0.239543115651434,0.342031600667996
Boophis_bottae,1,NA,NA,NA,NA,NA,NA,NA,NA,NA,NA,NA,NA,NA,NA,NA,NA,NA,NA,NA,NA,NA,NA,NA,NA,NA,NA,NA,NA,NA,NA,NA,NA,NA,NA,NA,NA,NA,NA,NA,-0.664552439532326,0.650315827121113,0.281498311132726,-0.646991041140855,0.851576090214847,-0.0216815097413907
Mantidactylus_betsileanus,1,NA,NA,NA,NA,NA,NA,NA,NA,NA,NA,NA,NA,NA,NA,NA,NA,NA,NA,NA,NA,NA,NA,NA,NA,NA,NA,NA,NA,NA,NA,NA,NA,NA,NA,NA,NA,NA,NA,NA,-0.0709990825558441,0.0284897393022731,-0.153743982268004,-0.134125096352218,-0.172802690710806,0.0713993401554757
Mantidactylus_biporus,1,NA,NA,NA,NA,NA,NA,NA,NA,NA,NA,NA,NA,NA,NA,NA,NA,NA,NA,NA,NA,NA,NA,NA,NA,NA,NA,NA,NA,NA,NA,NA,NA,NA,NA,NA,NA,NA,NA,NA,-0.152214741386202,0.445978883882674,-0.262661989082348,-0.233009139422047,0.158149267157065,-0.0342845971600858
Boophis_rufioculis,1,NA,NA,NA,NA,NA,NA,NA,NA,NA,NA,NA,NA,NA,NA,NA,NA,NA,NA,NA,NA,NA,NA,NA,NA,NA,NA,NA,NA,NA,NA,NA,NA,NA,NA,NA,NA,NA,NA,NA,0.090633043663999,-0.158694387179266,-0.3503655063592,0.28189379959698,-0.0517546460506007,0.0859583272984199
Stumpffia_pardus,1,NA,NA,NA,NA,NA,NA,NA,NA,NA,NA,NA,NA,NA,NA,NA,NA,NA,NA,NA,NA,NA,NA,NA,NA,NA,NA,NA,NA,NA,NA,NA,NA,NA,NA,NA,NA,NA,NA,NA,-0.216519916111289,NA,NA,NA,NA,NA
Cophyla_karenae,1,NA,NA,NA,NA,NA,NA,NA,NA,NA,NA,NA,NA,NA,NA,NA,NA,NA,NA,NA,NA,NA,NA,NA,NA,NA,NA,NA,NA,NA,NA,NA,NA,NA,NA,NA,NA,NA,NA,NA,-0.0573801208864954,0.121049200755873,-0.194360145366769,0.507331044463498,-0.201979675016874,0.424622916252932
Blommersia_angolafa,1,NA,NA,NA,NA,NA,NA,NA,NA,NA,NA,NA,NA,NA,NA,NA,NA,NA,NA,NA,NA,NA,NA,NA,NA,NA,NA,NA,NA,NA,NA,NA,NA,NA,NA,NA,NA,NA,NA,NA,0.436398260491213,0.183969171409649,-0.315887723785046,-0.315887723785046,0.0614868800125472,NA
Plethodontohyla_notosticta,1,NA,NA,NA,NA,NA,NA,NA,NA,NA,NA,NA,NA,NA,NA,NA,NA,NA,NA,NA,NA,NA,NA,NA,NA,NA,NA,NA,NA,NA,NA,NA,NA,NA,NA,NA,NA,NA,NA,NA,0.103292545117255,-0.0474246499281381,0.290627235264214,0.0478056816469238,0.0764910092124686,-0.307051937366886
Cophyla_grandis,1,NA,NA,NA,NA,NA,NA,NA,NA,NA,NA,NA,NA,NA,NA,NA,NA,NA,NA,NA,NA,NA,NA,NA,NA,NA,NA,NA,NA,NA,NA,NA,NA,NA,NA,NA,NA,NA,NA,NA,0.24537383270615,-0.414608087661732,0.0385789059335518,-0.0207180583890164,-0.0207180583890162,-0.0379188818151799
Stumpffia_jeannoeli,1,NA,NA,NA,NA,NA,NA,NA,NA,NA,NA,NA,NA,NA,NA,NA,NA,NA,NA,NA,NA,NA,NA,NA,NA,NA,NA,NA,NA,NA,NA,NA,NA,NA,NA,NA,NA,NA,NA,NA,-0.21855693915602,-0.345098040014257,-0.345098040014257,0.590206316419162,0.590206316419162,-0.958998394995985
Gephyromantis_redimitus,1,NA,NA,NA,NA,NA,NA,NA,NA,NA,NA,NA,NA,NA,NA,NA,NA,NA,NA,NA,NA,NA,NA,NA,NA,NA,NA,NA,NA,NA,NA,NA,NA,NA,NA,NA,NA,NA,NA,NA,0.157879643747493,-0.0951469133780547,-0.00517256530616073,-0.0868732449170945,0.0740096400422082,0.0337924023336281
Mantidactylus_lugubris,1,NA,NA,NA,NA,NA,NA,NA,NA,NA,NA,NA,NA,NA,NA,NA,NA,NA,NA,NA,NA,NA,NA,NA,NA,NA,NA,NA,NA,NA,NA,NA,NA,NA,NA,NA,NA,NA,NA,NA,0.15855588543137,0.178193186629822,0.130027584554682,-0.557520230935551,0.538384396797057,-0.0377863893246988
Boophis_madagascariensis,1,NA,NA,NA,NA,NA,NA,NA,NA,NA,NA,NA,NA,NA,NA,NA,NA,NA,NA,NA,NA,NA,NA,NA,NA,NA,NA,NA,NA,NA,NA,NA,NA,NA,NA,NA,NA,NA,NA,NA,0.0299655691970289,0.0288203001946057,-0.309241060514898,-0.295799969281503,0.304318252765266,-0.032865583620416
Boophis_albipunctatus,1,NA,NA,NA,NA,NA,NA,NA,NA,NA,NA,NA,NA,NA,NA,NA,NA,NA,NA,NA,NA,NA,NA,NA,NA,NA,NA,NA,NA,NA,NA,NA,NA,NA,NA,NA,NA,NA,NA,NA,NA,-0.162775506909072,NA,NA,NA,NA
Stumpffia_betampona,1,NA,NA,NA,NA,NA,NA,NA,NA,NA,NA,NA,NA,NA,NA,NA,NA,NA,NA,NA,NA,NA,NA,NA,NA,NA,NA,NA,NA,NA,NA,NA,NA,NA,NA,NA,NA,NA,NA,NA,NA,0.110223097051306,0.101343367772483,-0.182104242838204,-0.2497857531557,-0.2497857531557
Plethodontohyla_laevis,1,NA,NA,NA,NA,NA,NA,NA,NA,NA,NA,NA,NA,NA,NA,NA,NA,NA,NA,NA,NA,NA,NA,NA,NA,NA,NA,NA,NA,NA,NA,NA,NA,NA,NA,NA,NA,NA,NA,NA,NA,0.0444211956300118,0.0444211956300118,0.391236312083143,0.391236312083143,NA
Boophis_pyrrhus,1,NA,NA,NA,NA,NA,NA,NA,NA,NA,NA,NA,NA,NA,NA,NA,NA,NA,NA,NA,NA,NA,NA,NA,NA,NA,NA,NA,NA,NA,NA,NA,NA,NA,NA,NA,NA,NA,NA,NA,NA,NA,0.629960054141632,0.035634081706628,0.0356340817066279,NA
Boophis_roseipalmatus,1,NA,NA,NA,NA,NA,NA,NA,NA,NA,NA,NA,NA,NA,NA,NA,NA,NA,NA,NA,NA,NA,NA,NA,NA,NA,NA,NA,NA,NA,NA,NA,NA,NA,NA,NA,NA,NA,NA,NA,NA,NA,NA,NA,NA,0.0414361167780326
