population_id,1970,1971,1972,1973,1974,1975,1976,1977,1978,1979,1980,1981,1982,1983,1984,1985,1986,1987,1988,1989,1990,1991,1992,1993,1994,1995,1996,1997,1998,1999,2000,2001,2002,2003,2004,2005,2006,2007,2008,2009,2010,2011,2012,2013,2014,2015
6053,1,-0.0124043394892723,-0.00950661417171839,-0.00679990327577185,-0.00429259928501324,-0.0019773088581615,0.000101168183856526,0.00190111421304373,0.00345283381798933,0.00483638395532049,0.00613232385348583,0.00741360915532063,0.00871796836267258,0.00996820201080273,0.0109591038807584,0.0114950696507612,0.011544326493941,0.0112272633512812,0.0106792357186681,0.00998509839027106,0.00924572889393682,0.00863296376707379,0.00830849612698381,-1,-1,-1,-1,-1,-1,-1,-1,-1,-1,-1,-1,-1,-1,-1,-1,-1,-1,-1,-1,-1,-1,-1
2,1,0.0565076063588661,0.0565076063588661,0.0565076063588661,0.0565076063588665,0.0565076063588661,0.0163098243966,0.0163098243966,0.0163098243965996,0.0163098243966,0.0163098243966,0.0163098243965996,0.0163098243966,0.0163098243966,0.0163098243966,0.0163098243965996,0.0163098243966,0.0163098243966,-1,-1,-1,-1,-1,-1,-1,-1,-1,-1,-1,-1,-1,-1,-1,-1,-1,-1,-1,-1,-1,-1,-1,-1,-1,-1,-1,-1
8745,1,0.136500636031869,0.136500636031869,0.436692597664054,0.0557460064405269,0.0557460064405269,0.00536227329781802,0.00536227329781847,0.00536227329781847,0.00260844583731856,0.00260844583731901,0.00260844583731901,0.051152522447381,-0.0211892990699378,0.0280287236002432,0.00673338265896861,-0.0205216671446018,0.0205216671446018,0,-0.0347621062592118,0.01424043911461,0.0137882844856332,-0.00695004632437302,-0.00695004632437346,-0.00695004632437346,-1,-1,-1,-1,-1,-1,-1,-1,-1,-1,-1,-1,-1,-1,-1,-1,-1,-1,-1,-1,-1
9820,1,-0.0501896923412581,-0.0501896923412584,-0.0501896923412581,-0.0501896923412584,-0.0501896923412581,-0.0501896923412581,-0.0501896923412584,0,0,0,0,0,0,0,0,0,0,0,0,0,0,-1,-1,-1,-1,-1,-1,-1,-1,-1,-1,-1,-1,-1,-1,-1,-1,-1,-1,-1,-1,-1,-1,-1,-1
9948,1,0.0405015258019645,0.0405015258019641,0.0405015258019645,0.0405015258019641,0.0405015258019645,0.0405015258019641,0.0405015258019645,0.0405015258019641,0.0405015258019645,0.0405015258019641,0.0405015258019645,0.0405015258019641,-0.0603838980703038,-0.0603838980703038,-0.0603838980703038,-0.0603838980703038,-0.0603838980703038,-0.0603838980703038,-0.0603838980703038,-0.0603838980703038,-0.0603838980703038,-0.0603838980703038,-0.0603838980703038,-0.0603838980703042,-0.0603838980703033,-1,-1,-1,-1,-1,-1,-1,-1,-1,-1,-1,-1,-1,-1,-1,-1,-1,-1,-1,-1
9959,1,0.0437478682610046,0.0437478682610046,0.0437478682610046,0.0437478682610046,0.0437478682610044,0.0437478682610046,0.0437478682610046,0.0437478682610046,0.0437478682610046,0.0437478682610044,0.0437478682610046,0.0437478682610046,0.0437478682610046,-0.0323850240569792,-0.0323850240569796,-0.0323850240569792,-0.0323850240569792,-0.0323850240569794,-0.0323850240569792,-0.0323850240569794,-0.0323850240569794,-0.0323850240569792,-0.0323850240569794,-0.0323850240569792,-0.0323850240569794,-0.0323850240569792,-1,-1,-1,-1,-1,-1,-1,-1,-1,-1,-1,-1,-1,-1,-1,-1,-1,-1,-1
9955,1,0.0288314439230863,0.0288314439230863,0.0288314439230866,0.0288314439230863,0.0288314439230863,0.0288314439230866,0.0288314439230863,0.0288314439230866,0.0288314439230861,0.0288314439230866,0.0288314439230866,0.0288314439230866,0.0288314439230861,-0.11514843446717,-0.11514843446717,-0.11514843446717,-0.11514843446717,-0.11514843446717,-0.11514843446717,-0.11514843446717,-0.11514843446717,-0.11514843446717,-0.115148434467171,-0.11514843446717,-0.11514843446717,-0.11514843446717,-1,-1,-1,-1,-1,-1,-1,-1,-1,-1,-1,-1,-1,-1,-1,-1,-1,-1,-1
9889,1,-1,-1,-1,-1,-1,-1,-1,0.0265887251036079,0.0265826125756135,0.0265703875196079,0.0265520499356156,0.0265275998236199,0.0264970371836257,0.0264603620156301,0.02641757431964,0.0263686740956455,0.0263136613436548,0.0262525360636667,0.0261852982556774,0.0261119479196894,0.0266279974845565,0.0300148527782764,0.0359819756473718,0.0421420472539786,0.0465838793816322,0.0489725828768866,0.0494790308863791,0.0471482145770041,0.0396234608007113,0.0246266300556826,0.0021254503704653,-0.0243334896031606,-0.0483525922752788,-0.0637318653645,-0.0683163180248374,-0.0656298880187991,-0.0621505987300881,-1,-1,-1,-1,-1,-1,-1,-1
7686,1,-1,-1,-1,-1,-1,-1,-1,0.00264779985334362,0.00264779985334407,0.00264779985334362,0.00264779985334407,0.00264779985334407,0.00264779985334362,0.00264779985334407,0.00264779985334362,0.00264779985334407,0.00264779985334362,0.00264779985334362,0.00264779985334407,0.00264779985334362,-0.00562782415680507,-0.00562782415680507,-0.00562782415680507,-0.00562782415680507,-0.059548069021655,-0.0595480690216554,-0.059548069021655,-1,-1,-1,-1,-1,-1,-1,-1,-1,-1,-1,-1,-1,-1,-1,-1,-1,-1
9962,1,-1,-1,-1,-1,-1,-1,-1,-1,-0.113271439391785,-0.100745984612211,-0.0788072609108137,-0.0511606734991443,-0.0295156573656981,-0.0170425944791246,-0.0147135777255452,-0.0209416759169356,-0.0264211022251621,-0.0201977138661296,0.0037086763585894,0.0406617096528321,0.0783001311471074,0.110633213114855,0.124988782894349,0.119016518599688,0.102938892688074,0.0876631670781043,0.0750684892679754,0.0600135406835465,0.0395693871318854,0.0171971269041631,-0.00271278636133943,-0.0204470795323517,-0.0376641465467191,-0.0589903862226855,-0.0805367048966463,-0.0924493587340218,-1,-1,-1,-1,-1,-1,-1,-1,-1
10024,1,-1,-1,-1,-1,-1,-1,-1,-1,-1,-1,-0.0104919127509482,-0.0104919127509482,-0.0104919127509482,-0.0104919127509482,-0.0104919127509482,-0.0104919127509482,-0.0104919127509482,-0.0104919127509482,-0.0104919127509482,-0.0104919127509482,-0.0104919127509482,-0.0104919127509482,-0.0104919127509482,-0.0104919127509482,-0.0104919127509482,-0.0104919127509482,-0.0104919127509482,-0.0104919127509482,-0.0104919127509482,-0.0104919127509482,-0.0104919127509482,-0.0104919127509482,-0.0104919127509482,-0.0104919127509482,-0.0104919127509482,-0.0104919127509482,-0.0104919127509482,-1,-1,-1,-1,-1,-1,-1,-1
6057,1,-1,-1,-1,-1,-1,-1,-1,-1,-1,-1,-1,-1,-1,0.237070760513907,0.237070760513906,-0.270021538371888,-0.0303446909475418,-0.0303446909475413,-0.0303446909475418,0.220128769222082,-1,-1,-1,-1,-1,-1,-1,-1,-1,-1,-1,-1,-1,-1,-1,-1,-1,-1,-1,-1,-1,-1,-1,-1,-1
4915,1,-1,-1,-1,-1,-1,-1,-1,-1,-1,-1,-1,-1,-1,-1,-1,-1,0.149681627318661,0.149681627318661,0.149681627318661,0.149681627318661,-0.290174247158472,-0.290174247158472,-0.290174247158472,-0.290174247158472,-0.290174247158472,-0.290174247158472,-0.182703482700918,0.100889415528032,-0.38374004371749,-0.383740043717489,-1,-1,-1,-1,-1,-1,-1,-1,-1,-1,-1,-1,-1,-1,-1
9852,1,-1,-1,-1,-1,-1,-1,-1,-1,-1,-1,-1,-1,-1,-1,-1,-1,-1,-0.0736787415412281,-0.0736787415412281,-0.0736787415412281,-1,-1,-1,-1,-1,-1,-1,-1,-1,-1,-1,-1,-1,-1,-1,-1,-1,-1,-1,-1,-1,-1,-1,-1,-1
5025,1,-1,-1,-1,-1,-1,-1,-1,-1,-1,-1,-1,-1,-1,-1,-1,-1,-1,-1,-1,-0.127865779946692,-0.127865779946692,-1,-1,-1,-1,-1,-1,-1,-1,-1,-1,-1,-1,-1,-1,-1,-1,-1,-1,-1,-1,-1,-1,-1,-1
9981,1,-1,-1,-1,-1,-1,-1,-1,-1,-1,-1,-1,-1,-1,-1,-1,-1,-1,-1,-1,-1,-1,-1,-1,-1,-1,-1,0.186442815955744,0.16304891535097,0.122169314101268,0.0774402640156537,0.0398561354980518,0.0136538737190097,0.000273231733066037,0.00388907779107717,0.0274933791627348,0.0657813003828656,0.103199187387552,0.123572739678018,-1,-1,-1,-1,-1,-1,-1
5007,1,-1,-1,-1,-1,-1,-1,-1,-1,-1,-1,-1,-1,-1,-1,-1,-1,-1,-1,-1,-1,-1,-1,-1,-1,-1,-1,-1,-1,-1,0.169385162819877,0.169385162819877,0.169385162819877,-1,-1,-1,-1,-1,-1,-1,-1,-1,-1,-1,-1,-1
4983,1,-1,-1,-1,-1,-1,-1,-1,-1,-1,-1,-1,-1,-1,-1,-1,-1,-1,-1,-1,-1,-1,-1,-1,-1,-1,-1,-1,-1,-1,0.0747628708911519,0.0747628708911519,0.0747628708911519,-1,-1,-1,-1,-1,-1,-1,-1,-1,-1,-1,-1,-1
10000,1,-1,-1,-1,-1,-1,-1,-1,-1,-1,-1,-1,-1,-1,-1,-1,-1,-1,-1,-1,-1,-1,-1,-1,-1,-1,-1,-1,-1,-1,-1,-1,-1,-0.0347621062592118,0.0969100130080562,-0.00363428465509408,0.0213630516155257,-1,-1,-1,-1,-1,-1,-1,-1,-1
4715,1,0.0236304666027327,0.0236304666027327,0.0236304666027323,0.0236304666027327,0.0236304666027327,0.00415608642612098,0.00415608642612142,0.00415608642612098,0.00415608642612098,0.00415608642612142,0.00415608642612098,0.00415608642612142,0.00415608642612098,0.00415608642612098,0.00415608642612142,0.00415608642612098,0.00415608642612142,0.00415608642612098,0.00415608642612142,0.00415608642612098,0.00415608642612098,0.00415608642612142,0.00415608642612098,0.00415608642612142,0.00415608642612098,0.0198323724883496,0.01983237248835,0.0198323724883496,0.01983237248835,0.0198323724883496,0.01983237248835,-0.00490240069854675,-0.00490240069854675,-0.00490240069854675,-0.00490240069854675,0.0712283999877927,0.0712283999877923,0.0712283999877927,-0.107640056775672,-0.107640056775672,-1,-1,-1,-1,-1
3498,1,0.0237836855000486,0.0237836855000486,0.0237836855000488,0.0237836855000486,0.0237836855000486,0.00447097349694814,0.00447097349694814,0.00447097349694814,0.00447097349694814,0.00447097349694814,0.00447097349694814,0.00447097349694792,0.00447097349694836,0.00447097349694814,0.00447097349694814,0.0036212172654444,0.0036212172654444,0.0036212172654444,0.00362121726544462,0.0036212172654444,0.00362121726544462,0.0036212172654444,0.0036212172654444,0.00362121726544462,0.0036212172654444,0.0141227553738674,0.0141227553738674,0.0141227553738679,0.0141227553738674,0.0141227553738674,0.0141227553738674,0.0141227553738679,0.0141227553738674,0.0141227553738674,-1,-1,-1,-1,-1,-1,-1,-1,-1,-1,-1
22,1,-1,-0.0345050618835369,-0.034505061883537,-0.0345050618835369,-0.0345050618835369,-0.0345050618835369,-0.0345050618835369,-0.0345050618835369,-0.034505061883537,-0.0345050618835369,-0.0345050618835369,-0.0345050618835369,-0.0345050618835369,-0.0345050618835369,-0.0345050618835369,-0.0345050618835369,-0.0345050618835368,-0.0345050618835369,-0.034505061883537,-0.0345050618835368,-0.0345050618835369,-0.0345050618835369,-0.0345050618835368,-0.0345050618835369,-0.0345050618835369,-0.0345050618835369,-0.0345050618835369,-0.0345050618835369,-0.0345050618835369,0,0,0,0,0,0,0,0,0,-1,-1,-1,-1,-1,-1,-1
4717,1,-1,-1,-1,-1,0.0425509329981462,0.0425509329981466,0.0425509329981462,0.0425509329981462,0.0425509329981462,0.0425509329981462,0.0425509329981462,0.0425509329981462,0.0425509329981466,0.0425509329981462,0.0425509329981462,0.0425509329981462,0.0425509329981462,0.0425509329981462,0.0425509329981462,0.0425509329981466,0.0425509329981462,0.0425509329981462,0.0250577048945422,0.0250577048945426,0.0250577048945426,0.0250577048945426,0.0250577048945422,0.0250577048945426,0.0250577048945426,0.0250577048945426,0.0250577048945422,0.0250577048945426,0.0250577048945426,0.0250577048945426,0.0250577048945422,-1,-1,-1,-1,-1,-1,-1,-1,-1,-1
23,1,-1,-1,-1,-1,-1,0.000283540471452071,0.000283540471452071,0.000283540471452515,0.000283540471452071,0.000283540471452515,0.000283540471452071,0.000283540471452071,0.000283540471452515,0.000283540471452071,0.000283540471452071,0.000283540471452515,0.000283540471452071,0.000283540471452071,0.000283540471452515,0.000283540471452071,0.000283540471452071,0.000283540471452515,0.0122312221499437,0.0122312221499432,0.0122312221499437,0.0122312221499437,0.0122312221499437,0.0739248309392893,0.0739248309392888,0,0,-1,-1,-1,-1,-1,-1,-1,-1,-1,-1,-1,-1,-1,-1
4707,1,-1,-0.0111728931925748,-0.0111728931925748,-0.011172893192575,-0.011172893192575,-0.0111728931925748,-0.0111728931925748,-0.011172893192575,-0.0111728931925748,-0.011172893192575,-0.0111728931925748,-0.011172893192575,-0.0111728931925748,-0.011172893192575,-0.0111728931925748,-0.011172893192575,-0.0111728931925748,-0.0111728931925748,-0.011172893192575,-0.011172893192575,-0.0111728931925748,-0.0111728931925748,-0.011172893192575,-0.0111728931925748,-0.011172893192575,-0.0111728931925748,-0.011172893192575,-0.0111728931925748,-0.011172893192575,-0.0111728931925748,0.0202600231480758,0.0202600231480758,0.0202600231480758,0.0202600231480758,0.0202600231480758,0.0202600231480761,0.0202600231480756,0.0202600231480761,0.0202600231480758,-0.0523676752600066,-0.0523676752600064,-1,-1,-1,-1
4708,1,-1,-1,-1,-1,-1,-1,-1,-1,-1,-1,-1,-1,-1,-1,-0.0512974027671422,-0.051297402767142,-0.051297402767142,-0.051297402767142,-0.051297402767142,-0.051297402767142,-0.0512974027671422,-0.051297402767142,-0.051297402767142,-0.051297402767142,-0.051297402767142,-0.139794000867204,-0.139794000867204,-0.139794000867204,-0.139794000867204,-0.139794000867204,0.985276743179294,0.0213759902104749,0.0213759902104751,-0.505149978319906,-0.698970004336019,1.16136800223497,-0.383216751851331,0.367976785294594,-0.0157942671832318,-0.285235728480749,0.316269962220718,-1,-1,-1,-1
1,1,-1,-1,-1,-1,-1,-1,-1,-1,-1,-1,-1,-1,-1,-1,-1,0.0452987575002943,0.0452987575002943,0.0452987575002943,0.0452987575002942,0.0452987575002943,0.0452987575002943,0.0452987575002942,0.0452987575002944,0.0452987575002942,0.0452987575002943,0.00174777948814464,0.00174777948814442,0.00174777948814464,0.00174777948814442,0.00174777948814464,0.00174777948814442,0.00174777948814442,-1,-1,-1,-1,-1,-1,-1,-1,-1,-1,-1,-1,-1
8211,1,-1,-1,-1,-1,-1,-1,-1,-1,-1,-1,-1,-1,-1,-1,-1,-1,-1,-1,-0.0420958315266589,-0.0420958315266589,-0.0420958315266589,-0.0420958315266586,-0.042095831526659,-0.0420958315266589,-0.0420958315266589,-0.0420958315266587,-0.0420958315266589,-0.0420958315266589,-0.0420958315266587,-0.0420958315266589,-1,-1,-1,-1,-1,-1,-1,-1,-1,-1,-1,-1,-1,-1,-1
8210,1,-1,-1,-1,-1,-1,-1,-1,-1,-1,-1,-1,-1,-1,-1,-1,-1,-1,-1,-1,-1,-1,-1,-1,-1,-1,-1,-1,-1,-1,-0.0356061005561017,-0.0356061005561021,-0.0356061005561017,0.164810248645992,0.01681349900965,-0.0683233184594165,-0.341587868576393,-0.341587868576394,0.73181891595095,0.263502821771279,0.0707378310034903,-1,-1,-1,-1,-1
4709,1,-1,-1,-1,-1,-1,-1,-1,-1,-1,-1,-1,-1,-1,-1,-1,-1,-1,-1,-1,-1,-1,-1,-1,-1,-1,-1,-1,-1,-1,-1,0.214484225495396,0.214484225495396,0.214484225495396,-0.253022269592895,0.126199389110044,-0.0507376071583208,-0.0507376071583205,-0.0507376071583208,0.0457574905606752,0.0669467896306133,-1,-1,-1,-1,-1
8209,1,-1,-1,-1,-1,-1,-1,-1,-1,-1,-1,-1,-1,-1,-1,-1,-1,-1,-1,-1,-1,-1,-1,-1,-1,-1,-1,-1,-1,-1,-1,-1,-1,-1,-0.47218603704415,0.313724266292187,-0.0801484959362244,-0.0801484959362249,-0.447158031342219,0.624969270792174,0.0118528267949998,-1,-1,-1,-1,-1
27,1,-1,-0.0170400448114165,-0.0170400448114165,-0.0170400448114166,-0.0170400448114166,-0.0170400448114164,-0.0170400448114165,-0.0170400448114165,-0.0170400448114165,-0.0170400448114165,-0.0170400448114165,-0.0170400448114166,-0.0170400448114165,-0.0170400448114165,-0.0170400448114164,-0.0170400448114166,-0.0170400448114166,-0.0170400448114165,-0.0170400448114165,-0.0170400448114165,-0.0170400448114165,-0.0170400448114165,-0.0170400448114164,-0.0170400448114166,-0.0170400448114164,-0.0170400448114166,-0.0170400448114165,-0.0170400448114164,-0.0170400448114165,0.0477121254719662,0.0477121254719662,0.0477121254719662,0.0477121254719662,0.0477121254719662,0.0477121254719662,0.0477121254719662,0.0477121254719663,0.0477121254719662,0.0477121254719662,-1,-1,-1,-1,-1,-1
19728,-1,-1,-1,-1,-1,-1,-1,-1,-1,-1,-1,-1,-1,-1,-1,-1,-1,-1,-1,-1,-1,-1,-1,-1,-1,-1,-1,-1,-1,-1,-1,-1,-1,-1,-1,-1,-1,-1,-1,-1,-1,-1,-1,-1,-1,-1
26,1,-1,0.00911687518226095,0.0091168751822609,0.00911687518226095,0.00911687518226095,0.0091168751822609,0.0091168751822609,0.00911687518226095,0.00911687518226093,0.00911687518226098,0.0091168751822609,0.00911687518226095,0.0091168751822609,0.00911687518226095,0.00911687518226093,0.00911687518226095,0.0091168751822609,0.00911687518226095,0.00911687518226093,0.00911687518226095,0.0091168751822609,0.00911687518226093,0.00911687518226094,0.00911687518226094,0.00911687518226093,0.00911687518226095,0.00911687518226093,0.00911687518226094,0.00911687518226093,-0.0255272505103306,-0.0255272505103306,-0.0255272505103306,-0.0255272505103306,-0.0255272505103306,-0.0255272505103306,-0.0255272505103306,-0.0255272505103306,-0.0255272505103306,-0.0255272505103307,-1,-1,-1,-1,-1,-1
18854,1,-1,-1,-1,-0.0157870266934932,-0.0157870266935215,-0.0157870266935909,-0.015787026693692,-0.0157870266937902,-0.0157870266938623,-0.015787026693936,-0.0157870266940872,-0.0157870266943883,-0.0157870266948557,-0.0157870266954376,-0.015787026696045,-0.0157870266965903,-0.0157870266970052,-0.0157870266972506,-0.0157870266973283,-0.0157870266972943,-0.0157870266972339,-0.0157870266971784,-1,-1,-1,-1,-1,-1,-1,-1,-1,-1,-1,-1,-1,-1,-1,-1,-1,-1,-1,-1,-1,-1,-1
19729,-1,-1,-1,-1,-1,-1,-1,-1,-1,-1,-1,-1,-1,-1,-1,-1,-1,-1,-1,-1,-1,-1,-1,-1,-1,-1,-1,-1,-1,-1,-1,-1,-1,-1,-1,-1,-1,-1,-1,-1,-1,-1,-1,-1,-1,-1
24,1,-1,-0.0798252648178526,-0.0798252648178526,-0.0798252648178526,-0.0798252648178525,-0.0798252648178527,-0.0798252648178526,-0.0798252648178526,-0.0798252648178526,-0.0798252648178526,-0.0798252648178526,-0.0798252648178526,-0.0798252648178526,-0.0798252648178527,-0.0798252648178526,-0.0798252648178526,-0.0798252648178526,-0.0798252648178526,-0.0798252648178529,-0.0798252648178525,-0.0798252648178526,-0.0798252648178527,-0.0798252648178526,-0.0798252648178526,-0.0798252648178523,-0.079825264817853,-0.0798252648178526,-0.0798252648178526,-0.0798252648178523,0.147952732448554,0.147952732448554,0.147952732448554,0.147952732448554,0.147952732448554,0.147952732448554,0.147952732448554,0.147952732448554,0.147952732448554,0.147952732448554,-1,-1,-1,-1,-1,-1
4706,1,-1,-1,-1,-1,0.00821557795263939,0.00821557795263894,0.00821557795263939,0.00821557795263894,0.00821557795263894,0.00821557795263939,0.00821557795263894,0.00821557795263894,0.00821557795263939,0.00821557795263894,0.00821557795263894,0.00821557795263939,0.00821557795263894,0.00821557795263894,0.00821557795263939,0.00821557795263894,0.00821557795263939,0.00821557795263894,0.0122501685771792,0.0122501685771792,0.0122501685771796,0.0122501685771792,0.0122501685771796,0.0122501685771792,0.0122501685771792,0.0122501685771792,0.0122501685771796,0.0122501685771792,0.0122501685771792,0.0122501685771796,0.0122501685771792,-0.0481398433785922,-0.0481398433785922,-0.0481398433785922,-0.0481398433785922,-1,-1,-1,-1,-1,-1
19740,-1,-1,-1,-1,-1,-1,-1,-1,-1,-1,-1,-1,-1,-1,-1,-1,-1,-1,-1,-1,-1,-1,-1,-1,-1,-1,-1,-1,-1,-1,-1,-1,-1,-1,-1,-1,-1,-1,-1,-1,-1,-1,-1,-1,-1,-1
21,1,-1,-0.00481066335348057,-0.00481066335348057,-0.00481066335348057,-0.00481066335348057,-0.00481066335348057,-0.00481066335348057,-0.00481066335348057,-0.00481066335348057,-0.00481066335348079,-0.00481066335348035,-0.00481066335348079,-0.00481066335348057,-0.00481066335348035,-0.00481066335348079,-0.00481066335348057,-0.00481066335348035,-0.00481066335348079,-0.00481066335348057,-0.00481066335348057,-0.00481066335348057,-0.00481066335348057,-0.00481066335348057,-0.00481066335348057,-0.00481066335348057,-0.00481066335348057,-0.00481066335348057,-0.00481066335348057,-0.00481066335348057,0,0,0,0,0,0,0,0,0,0,-1,-1,-1,-1,-1,-1
18853,1,-1,-1,-1,0.0929466787127205,0.0914950869051371,0.0876543859466424,0.0809311838621386,0.0719062915542894,0.0618544961800889,0.0517364755755864,0.0415326538559757,0.0306668168813984,0.0191679300300029,0.00838151341647553,0.000390342034905622,-0.00346028991063307,-0.00365210071720368,-0.00182992074296195,0.00127702139273844,0.00417422099066567,0.00598401482449273,0.00667763258967735,-1,-1,-1,-1,-1,-1,-1,-1,-1,-1,-1,-1,-1,-1,-1,-1,-1,-1,-1,-1,-1,-1,-1
19731,-1,-1,-1,-1,-1,-1,-1,-1,-1,-1,-1,-1,-1,-1,-1,-1,-1,-1,-1,-1,-1,-1,-1,-1,-1,-1,-1,-1,-1,-1,-1,-1,-1,-1,-1,-1,-1,-1,-1,-1,-1,-1,-1,-1,-1,-1
18874,1,-1,-1,-1,0.55703063556262,0.71928902675504,0.719358774983418,0.298438681038679,-0.358546340952347,-0.778239400718346,-0.700309092660866,-0.321991159277321,-0.0287938852304499,0.0256818527830835,-0.00216819454607275,0.0665273032546738,0.193469016040779,0.220968636701892,0.0945633243145239,-0.134310043475603,-0.241764435178969,-0.174149772302731,-0.00150425985365477,-1,-1,-1,-1,-1,-1,-1,-1,-1,-1,-1,-1,-1,-1,-1,-1,-1,-1,-1,-1,-1,-1,-1
19777,-1,-1,-1,-1,-1,-1,-1,-1,-1,-1,-1,-1,-1,-1,-1,-1,-1,-1,-1,-1,-1,-1,-1,-1,-1,-1,-1,-1,-1,-1,-1,-1,-1,-1,-1,-1,-1,-1,-1,-1,-1,-1,-1,-1,-1,-1
18873,1,-1,-1,-1,0.958614108988238,0.79123119710606,0.476092434771521,0.114826383371831,-0.157000011696128,-0.259655501644507,-0.226871697622548,-0.179336926523492,-0.22159986463612,-0.344888584276442,-0.42653097442975,-0.336167680258365,-0.0603595757040032,0.264272035769619,0.462843649643314,0.501361482207456,0.418044560222594,0.316090770979497,0.235352369433787,-1,-1,-1,-1,-1,-1,-1,-1,-1,-1,-1,-1,-1,-1,-1,-1,-1,-1,-1,-1,-1,-1,-1
19747,-1,-1,-1,-1,-1,-1,-1,-1,-1,-1,-1,-1,-1,-1,-1,-1,-1,-1,-1,-1,-1,-1,-1,-1,-1,-1,-1,-1,-1,-1,-1,-1,-1,-1,-1,-1,-1,-1,-1,-1,-1,-1,-1,-1,-1,-1
18872,1,-1,-1,-1,-0.0682831990053615,-0.0682831990053637,-0.0682831990053654,-0.0682831990053624,-0.0682831990053615,-0.0682831990053734,-0.0682831990054114,-0.0682831990054833,-0.0682831990055877,-0.0682831990057089,-0.0682831990058241,-0.0682831990059067,-0.0682831990059429,-0.0682831990059383,-0.0682831990059141,-0.068283199005877,-0.0682831990058472,-0.068283199005831,-0.0682831990058281,-1,-1,-1,-1,-1,-1,-1,-1,-1,-1,-1,-1,-1,-1,-1,-1,-1,-1,-1,-1,-1,-1,-1
18871,1,-1,-1,-1,0.159246625093659,0.150539844130805,0.128891685915115,0.0901586696168744,0.0351568496717957,-0.0262778304810258,-0.0787847860006462,-0.112592591936238,-0.130854133175762,-0.142824233915628,-0.148707979772296,-0.134912413706768,-0.0892971211608413,-0.0220706318304495,0.0390681736894695,0.0840355254369533,0.101566329981126,0.100014689170088,0.0879858694051163,-1,-1,-1,-1,-1,-1,-1,-1,-1,-1,-1,-1,-1,-1,-1,-1,-1,-1,-1,-1,-1,-1,-1
19763,-1,-1,-1,-1,-1,-1,-1,-1,-1,-1,-1,-1,-1,-1,-1,-1,-1,-1,-1,-1,-1,-1,-1,-1,-1,-1,-1,-1,-1,-1,-1,-1,-1,-1,-1,-1,-1,-1,-1,-1,-1,-1,-1,-1,-1,-1
18859,1,-1,-1,-1,0.331068885320955,0.255707074639216,0.154495418543369,0.0817980914229419,0.0343039642970925,-0.0328455731668502,-0.138223355519634,-0.244468192454785,-0.29659810294492,-0.271873306685739,-0.182855346637557,-0.0490909194769412,0.106630413410486,0.230246334374417,0.246403601954061,0.139204290618975,-0.0632797055319125,-0.260317404208799,-0.404224531009733,-1,-1,-1,-1,-1,-1,-1,-1,-1,-1,-1,-1,-1,-1,-1,-1,-1,-1,-1,-1,-1,-1,-1
19748,-1,-1,-1,-1,-1,-1,-1,-1,-1,-1,-1,-1,-1,-1,-1,-1,-1,-1,-1,-1,-1,-1,-1,-1,-1,-1,-1,-1,-1,-1,-1,-1,-1,-1,-1,-1,-1,-1,-1,-1,-1,-1,-1,-1,-1,-1
18858,1,-1,-1,-1,-0.0319012430847702,-0.0339804493254722,-0.0375070373553968,-0.0409740644668052,-0.042784860278878,-0.04173906465187,-0.0371195204541256,-0.0288713806659354,-0.0178163371350419,-0.00539598660336776,0.00712852851759804,0.0192864783354495,0.0310924085950822,0.0421254032281,0.0513842623331957,0.0584648601000259,0.0628397348517502,0.064911449564726,0.0651974479589182,-1,-1,-1,-1,-1,-1,-1,-1,-1,-1,-1,-1,-1,-1,-1,-1,-1,-1,-1,-1,-1,-1,-1
19754,-1,-1,-1,-1,-1,-1,-1,-1,-1,-1,-1,-1,-1,-1,-1,-1,-1,-1,-1,-1,-1,-1,-1,-1,-1,-1,-1,-1,-1,-1,-1,-1,-1,-1,-1,-1,-1,-1,-1,-1,-1,-1,-1,-1,-1,-1
18857,1,-1,-1,-1,0.104526061272235,0.0984206870851051,0.0856432501026587,0.067117170832947,0.0447715429097623,0.0212517008275666,-0.000410583183762747,-0.0182246842376307,-0.0326226700163088,-0.0456178639249631,-0.0578051976529433,-0.0663606261426438,-0.0668842178921933,-0.0578750391886391,-0.0419831752675929,-0.0215415000022688,-0.00363710244524923,0.00715600984322928,0.0109112380740084,-1,-1,-1,-1,-1,-1,-1,-1,-1,-1,-1,-1,-1,-1,-1,-1,-1,-1,-1,-1,-1,-1,-1
19744,-1,-1,-1,-1,-1,-1,-1,-1,-1,-1,-1,-1,-1,-1,-1,-1,-1,-1,-1,-1,-1,-1,-1,-1,-1,-1,-1,-1,-1,-1,-1,-1,-1,-1,-1,-1,-1,-1,-1,-1,-1,-1,-1,-1,-1,-1
18856,1,-1,-1,-1,0.0908382502591135,0.0845403374094235,0.0725108194340287,0.0564103029624005,0.0375418070033612,0.0173557613053894,-0.00159788152259366,-0.0171258029532939,-0.029906112591616,-0.0429817958864228,-0.0574830942057258,-0.0694151125096218,-0.0723809853067902,-0.0644327069761462,-0.0497820996516348,-0.031489473859386,-0.0174464462034073,-0.010812176099956,-0.0104336792070307,-1,-1,-1,-1,-1,-1,-1,-1,-1,-1,-1,-1,-1,-1,-1,-1,-1,-1,-1,-1,-1,-1,-1
19743,-1,-1,-1,-1,-1,-1,-1,-1,-1,-1,-1,-1,-1,-1,-1,-1,-1,-1,-1,-1,-1,-1,-1,-1,-1,-1,-1,-1,-1,-1,-1,-1,-1,-1,-1,-1,-1,-1,-1,-1,-1,-1,-1,-1,-1,-1
18855,1,-1,-1,-1,-0.00913869260695327,-0.00913869260696315,-0.00913869260696282,-0.00913869260693412,-0.00913869260688038,-0.00913869260681976,-0.00913869260675612,-0.00913869260666278,-0.00913869260649749,-0.00913869260623795,-0.00913869260590824,-0.00913869260556638,-0.00913869260527214,-0.00913869260505923,-0.00913869260493247,-0.00913869260488515,-0.00913869260488476,-0.00913869260489644,-0.00913869260490918,-1,-1,-1,-1,-1,-1,-1,-1,-1,-1,-1,-1,-1,-1,-1,-1,-1,-1,-1,-1,-1,-1,-1
19771,-1,-1,-1,-1,-1,-1,-1,-1,-1,-1,-1,-1,-1,-1,-1,-1,-1,-1,-1,-1,-1,-1,-1,-1,-1,-1,-1,-1,-1,-1,-1,-1,-1,-1,-1,-1,-1,-1,-1,-1,-1,-1,-1,-1,-1,-1
18852,1,-1,-1,-1,0.0106743377901695,0.0047546584638698,-0.00833865424020952,-0.0282236804677705,-0.0533376201347593,-0.0820436802004455,-0.111760447055949,-0.13627016739351,-0.144768444871346,-0.126275173177924,-0.0778737712911189,-0.00985997552094187,0.0579960977834608,0.107270205757404,0.129497751549984,0.126277943138547,0.111876689117017,0.100294650938169,0.0943773957827875,-1,-1,-1,-1,-1,-1,-1,-1,-1,-1,-1,-1,-1,-1,-1,-1,-1,-1,-1,-1,-1,-1,-1
19756,-1,-1,-1,-1,-1,-1,-1,-1,-1,-1,-1,-1,-1,-1,-1,-1,-1,-1,-1,-1,-1,-1,-1,-1,-1,-1,-1,-1,-1,-1,-1,-1,-1,-1,-1,-1,-1,-1,-1,-1,-1,-1,-1,-1,-1,-1
18851,1,-1,-1,-1,-0.0800404477887831,-0.0272221756364869,0.0553146629157157,0.122516315339705,0.138295856227831,0.0916478863259527,-0.00887662744690343,-0.142323239862747,-0.274516941014932,-0.36039124549266,-0.361640861565836,-0.271205081021576,-0.121553611591938,0.0339610067636222,0.154172199300985,0.23345117019745,0.28310398190717,0.315457942044958,0.332576037467567,-1,-1,-1,-1,-1,-1,-1,-1,-1,-1,-1,-1,-1,-1,-1,-1,-1,-1,-1,-1,-1,-1,-1
19753,-1,-1,-1,-1,-1,-1,-1,-1,-1,-1,-1,-1,-1,-1,-1,-1,-1,-1,-1,-1,-1,-1,-1,-1,-1,-1,-1,-1,-1,-1,-1,-1,-1,-1,-1,-1,-1,-1,-1,-1,-1,-1,-1,-1,-1,-1
18850,1,-1,-1,-1,-0.11921946885703,-0.123010629105044,-0.126087749799266,-0.123653513566027,-0.116008703799412,-0.107683246943827,-0.101637878313539,-0.095628837281851,-0.0844740625208806,-0.0648852544206238,-0.0373894048790573,-0.00440579465031066,0.0317844684226583,0.0684227873253505,0.101833194411034,0.13025631696714,0.150009464567233,0.160455004911733,0.163004868638556,-1,-1,-1,-1,-1,-1,-1,-1,-1,-1,-1,-1,-1,-1,-1,-1,-1,-1,-1,-1,-1,-1,-1
18849,1,-1,-1,-1,0.0063604517399265,0.00636045173991373,0.00636045173992306,0.006360451739988,0.00636045174010214,0.00636045174022226,0.00636045174030864,0.00636045174035227,0.00636045174036715,0.00636045174036559,0.00636045174035138,0.00636045174033029,0.0063604517403173,0.00636045174032129,0.00636045174033617,0.0063604517403566,0.00636045174036248,0.00636045174035271,0.00636045174033517,-1,-1,-1,-1,-1,-1,-1,-1,-1,-1,-1,-1,-1,-1,-1,-1,-1,-1,-1,-1,-1,-1,-1
19751,-1,-1,-1,-1,-1,-1,-1,-1,-1,-1,-1,-1,-1,-1,-1,-1,-1,-1,-1,-1,-1,-1,-1,-1,-1,-1,-1,-1,-1,-1,-1,-1,-1,-1,-1,-1,-1,-1,-1,-1,-1,-1,-1,-1,-1,-1
25,1,-1,-1,-1,-0.0144843135714277,-0.0248715380588203,-0.0615433107478371,-0.127246216426342,-0.188709005735888,-0.194626118116235,-0.125706226115796,-0.0234728051726767,0.0407847193670374,0.0316191031602986,-0.016504469338922,-0.0401450963267442,-0.0251530573162273,0.0192110532221395,0.0559048574062389,0.0756677607655507,0.0784997633000897,0.0644008650098467,0.0333710658948152,0.00591872788950654,0.0570083006060456,0.157278095206969,0.205803576195242,0.166373043962201,0.108139661709619,-1,-1,-1,-1,-1,-1,-1,-1,-1,-1,-1,-1,-1,-1,-1,-1,-1
5,1,-1,-1,-1,0.0614109003577172,0.0615137829925423,0.0616803147376965,0.0620154997140732,0.0628753603576653,0.0645945627307887,0.0670924170986908,0.0698471437815027,0.0722955047616181,0.0742146051790639,0.0757236784381421,0.0770375423341069,0.0783240580153556,0.0797437836407664,0.0814601754509384,0.0835156638420363,0.0857417693426785,0.0878588500377966,0.089654505590355,0.0910347882147147,0.091954805277457,0.0924051817277212,0.0924927359497745,0.0924439807633322,-1,-1,-1,-1,-1,-1,-1,-1,-1,-1,-1,-1,-1,-1,-1,-1,-1,-1
6373,1,-1,-1,-1,-1,-1,-1,-1,-1,-1,-1,-1,-1,-1,-1,-1,-1,-1,0.28719076278015,0.188797807957144,0.0603166386143079,-0.00234321276523142,0.0290702081864695,0.0953623706174429,0.120483683557265,0.0852051814489441,0.0301314939676942,0.000898503335669432,0.0048516137127903,0.0192974664895886,0.0258676520124581,0.0252960868186838,0.0247138554664419,0.0252394320591818,-1,-1,-1,-1,-1,-1,-1,-1,-1,-1,-1,-1
4665,1,-1,-1,-1,-1,-1,-1,-1,-1,-1,-1,-1,-1,-1,-1,-1,-1,-1,-1,0.247067359351882,0.218579324966021,0.173939910417611,0.132777775140788,0.105309488898389,0.087147674903326,0.0688828890492694,0.0486335161958806,0.0344800162612839,-1,-1,-1,-1,-1,-1,-1,-1,-1,-1,-1,-1,-1,-1,-1,-1,-1,-1
4705,1,-1,-1,-1,-1,0.0254600795391182,0.0254600795391178,0.0254600795391182,0.0254600795391178,0.0254600795391182,0.0254600795391178,0.0254600795391182,0.0254600795391178,0.0254600795391182,0.0254600795391178,0.0254600795391182,0.0254600795391178,0.0254600795391182,0.0254600795391178,0.0254600795391182,0.0254600795391178,0.0254600795391182,0.0254600795391178,0.0520100191701021,0.0520100191701016,0.0520100191701016,0.0520100191701016,0.0520100191701016,0.0520100191701016,0.0520100191701016,0.0520100191701016,0.0520100191701016,0.0520100191701016,0.0520100191701016,0.0520100191701021,0.0520100191701016,-1,-1,-1,-1,-1,-1,-1,-1,-1,-1
19781,1,-1,-1,-1,-1,-1,-1,-1,-1,-1,-1,-1,-1,-1,-1,-1,-1,-1,-1,-1,-1,-1,-1,-1,-1,-1,-1,0.967963767999691,-1,-1,-1,-1,-1,-1,-1,-1,-1,-1,-1,-1,-1,-1,-1,-1,-1,-1
5315,-1,-1,-1,-1,-1,-1,-1,-1,-1,-1,-1,-1,-1,-1,-1,-1,-1,-1,-1,-1,-1,-1,-1,-1,-1,-1,-1,-1,-1,-1,-1,-1,-1,-1,-1,-1,-1,-1,-1,-1,-1,-1,-1,-1,-1,-1
4704,1,-1,-1,-1,-1,0.00507333044310565,0.00507333044310565,0.00507333044310565,0.00507333044310565,0.00507333044310565,0.00507333044310521,0.00507333044310565,0.00507333044310565,0.00507333044310565,0.00507333044310565,0.00507333044310565,0.00507333044310521,0.00507333044310565,0.00507333044310565,0.00507333044310565,0.00507333044310565,0.00507333044310521,0.00507333044310565,0.0228973244648625,0.0228973244648625,0.0228973244648625,0.022897324464862,0.0228973244648625,0.0228973244648625,0.0228973244648625,0.022897324464862,0.0228973244648625,0.0228973244648625,0.0228973244648625,0.022897324464862,0.0228973244648625,-1,-1,-1,-1,-1,-1,-1,-1,-1,-1
20,1,-1,-1,-1,-1,-1,-0.400864274756529,-0.400864274756529,-0.400864274756528,-0.400864274756529,-1,-1,-1,-1,-1,-1,-1,-1,-1,-1,-1,-1,-1,-1,-1,-1,-1,-1,-1,-1,-1,-1,-1,-1,-1,-1,-1,-1,-1,-1,-1,-1,-1,-1,-1,-1
19,1,-1,-1,-1,-1,-1,0.00205999132796242,0.00205999132796242,0.00205999132796242,0.00205999132796242,0.00205999132796242,-0.02498774732166,-0.02498774732166,-0.02498774732166,-0.02498774732166,-0.02498774732166,-0.02498774732166,-0.02498774732166,-0.02498774732166,-0.02498774732166,-0.02498774732166,0.00669467896306131,0.00669467896306131,0.00669467896306131,0.00669467896306131,0.00669467896306131,0.00669467896306131,0.00669467896306131,0.00669467896306131,0.00669467896306131,0.00669467896306131,-1,-1,-1,-1,-1,-1,-1,-1,-1,-1,-1,-1,-1,-1,-1
18,1,-1,-1,-1,-1,-1,0.0708002673395054,0.0708002673395054,0.0708002673395054,0.070800267339505,0.0708002673395054,0.00571282125109596,0.00571282125109596,0.00571282125109596,0.00571282125109596,0.00571282125109596,0.00571282125109596,0.00571282125109596,0.0057128212510964,0.00571282125109596,0.00571282125109596,-0.00644496415035567,-0.00644496415035523,-0.00644496415035523,-0.00644496415035567,-0.00644496415035523,-0.00644496415035523,-0.00644496415035567,-0.00644496415035523,-0.00644496415035523,-0.00644496415035523,-1,-1,-1,-1,-1,-1,-1,-1,-1,-1,-1,-1,-1,-1,-1
17,1,-1,-1,-1,-1,-1,-0.0595618016455792,-0.0595618016455794,-0.0595618016455792,-0.0595618016455792,-0.0595618016455794,-0.183037478319355,-0.183037478319355,-0.183037478319355,-0.183037478319355,-0.183037478319355,-0.183037478319355,-0.183037478319355,-0.183037478319355,-0.183037478319355,-0.183037478319355,0,0,0,0,0,0,0,0,0,0,-1,-1,-1,-1,-1,-1,-1,-1,-1,-1,-1,-1,-1,-1,-1
16,1,-1,-1,-1,-1,-1,-0.0606572151936406,-0.0606572151936411,-0.0606572151936411,-0.0606572151936411,-0.0606572151936411,-0.00427519804209497,-0.00427519804209497,-0.00427519804209497,-0.00427519804209497,-0.00427519804209497,-0.00427519804209542,-0.00427519804209497,-0.00427519804209497,-0.00427519804209453,-0.00427519804209542,0.000248880040369492,0.000248880040369492,0.000248880040369492,0.000248880040369492,0.000248880040369492,0.000248880040369492,0.000248880040369492,0.000248880040369492,0.000248880040369492,0.000248880040369492,-1,-1,-1,-1,-1,-1,-1,-1,-1,-1,-1,-1,-1,-1,-1
15,1,-1,-1,-1,-1,-1,-0.0540239254703172,-0.054023925470317,-0.054023925470317,-0.0540239254703171,-0.054023925470317,-0.184859068380864,-0.184859068380864,-0.184859068380864,-0.184859068380864,-0.184859068380864,-0.184859068380864,-0.184859068380864,-0.184859068380864,-0.184859068380864,-0.184859068380864,0,0,0,0,0,0,0,0,0,0,-1,-1,-1,-1,-1,-1,-1,-1,-1,-1,-1,-1,-1,-1,-1
14,1,-1,-1,-1,-1,-1,-0.00202073678251979,-0.00202073678252024,-0.00202073678251979,-0.00202073678252024,-0.00202073678251979,-0.0109353134437442,-0.0109353134437447,-0.0109353134437442,-0.0109353134437447,-0.0109353134437442,-0.0109353134437442,-0.0109353134437447,-0.0109353134437442,-0.0109353134437447,-0.0109353134437442,-0.000987939060109078,-0.000987939060109078,-0.000987939060109078,-0.000987939060109078,-0.000987939060109078,-0.000987939060109078,-0.000987939060109078,-0.000987939060109078,-0.000987939060109078,-0.000987939060109078,-1,-1,-1,-1,-1,-1,-1,-1,-1,-1,-1,-1,-1,-1,-1
13,1,-1,-1,-1,-1,-1,-0.301705943794258,-0.301705943794257,-0.301705943794257,-0.301705943794257,-0.301705943794257,0,0,0,0,0,0,0,0,0,0,0.222980978295254,0.222980978295254,0.222980978295254,0.222980978295254,0.222980978295254,0.222980978295254,0.222980978295254,0.222980978295254,0.222980978295254,0.222980978295254,-1,-1,-1,-1,-1,-1,-1,-1,-1,-1,-1,-1,-1,-1,-1
12,1,-1,-1,-1,-1,-1,-0.000731227739744433,-0.000731227739744433,-0.000731227739744433,-0.000731227739744433,-0.000731227739743989,-0.0278543847516297,-0.0278543847516293,-0.0278543847516293,-0.0278543847516297,-0.0278543847516293,-0.0278543847516293,-0.0278543847516297,-0.0278543847516293,-0.0278543847516293,-0.0278543847516297,-0.0127603128289708,-0.0127603128289713,-0.0127603128289713,-0.0127603128289713,-0.0127603128289708,-0.0127603128289713,-0.0127603128289713,-0.0127603128289713,-0.0127603128289708,-0.0127603128289713,-1,-1,-1,-1,-1,-1,-1,-1,-1,-1,-1,-1,-1,-1,-1
11,1,-1,-1,-1,-1,-1,-0.00775101463320826,-0.00775101463320871,-0.00775101463320826,-0.00775101463320826,-0.00775101463320871,-0.0262461274992494,-0.0262461274992498,-0.0262461274992498,-0.0262461274992494,-0.0262461274992498,-0.0262461274992498,-0.0262461274992494,-0.0262461274992498,-0.0262461274992498,-0.0262461274992498,-0.0271141335679612,-0.0271141335679612,-0.0271141335679617,-0.0271141335679612,-0.0271141335679612,-0.0271141335679617,-0.0271141335679612,-0.0271141335679617,-0.0271141335679612,-0.0271141335679612,-1,-1,-1,-1,-1,-1,-1,-1,-1,-1,-1,-1,-1,-1,-1
10,1,-1,-1,-1,-1,-1,0.011500982330217,0.011500982330217,0.011500982330217,0.011500982330217,0.011500982330217,-0.0297632162743497,-0.0297632162743497,-0.0297632162743497,-0.02976321627435,-0.0297632162743495,-0.02976321627435,-0.0297632162743497,-0.0297632162743497,-0.0297632162743497,-0.0297632162743497,-0.180725010466555,-0.180725010466555,-0.180725010466555,-0.180725010466555,-0.180725010466555,-0.180725010466555,-0.180725010466555,-0.180725010466555,-0.180725010466555,-0.180725010466555,-1,-1,-1,-1,-1,-1,-1,-1,-1,-1,-1,-1,-1,-1,-1
9,1,-1,-1,-1,-1,-1,0,0,0,0,0,-0.120411998265593,-0.120411998265592,-0.120411998265593,-0.120411998265593,-0.120411998265592,-0.120411998265592,-0.120411998265592,-0.120411998265593,-0.120411998265592,-0.120411998265592,-0.0920818753952375,-0.0920818753952377,-0.0920818753952375,-0.0920818753952375,-0.0920818753952375,-0.0920818753952376,-0.0920818753952375,-0.0920818753952376,-0.0920818753952375,-0.0920818753952374,-1,-1,-1,-1,-1,-1,-1,-1,-1,-1,-1,-1,-1,-1,-1
8,1,-1,-1,-1,-1,-1,0.00269461451013342,0.00269461451013342,0.00269461451013386,0.00269461451013342,0.00269461451013342,-0.0150337708204633,-0.0150337708204629,-0.0150337708204633,-0.0150337708204633,-0.0150337708204629,-0.0150337708204633,-0.0150337708204629,-0.0150337708204633,-0.0150337708204633,-0.0150337708204629,-0.00333250634101923,-0.00333250634101923,-0.00333250634101923,-0.00333250634101923,-0.00333250634101923,-0.00333250634101923,-0.00333250634101923,-0.00333250634101923,-0.00333250634101923,-0.00333250634101923,-1,-1,-1,-1,-1,-1,-1,-1,-1,-1,-1,-1,-1,-1,-1
7,1,-1,-1,-1,-1,-1,0.0150934074495104,0.0150934074495104,0.0150934074495099,0.0150934074495104,0.0150934074495099,-0.00949163087481919,-0.00949163087481919,-0.00949163087481963,-0.00949163087481919,-0.00949163087481963,-0.00949163087481919,-0.00949163087481919,-0.00949163087481919,-0.00949163087481963,-0.00949163087481919,0.00313313591503261,0.00313313591503306,0.00313313591503306,0.00313313591503261,0.00313313591503306,0.00313313591503306,0.00313313591503261,0.00313313591503306,0.00313313591503306,0.00313313591503261,-1,-1,-1,-1,-1,-1,-1,-1,-1,-1,-1,-1,-1,-1,-1
19719,1,-1,-1,-1,-1,-1,-1,-1,-1,-1,-1,-1,-1,-1,-1,-1,-1,-1,-1,-1,-1,-1,-1,-1,-1,-1,-1,-1,-1,-1,-1,-1,0.0384392558936542,-0.00311996443775975,-0.0560825307431922,-0.0768038242949691,-0.0460810619610612,0.0166480152927853,0.0718606486991675,0.0899795536089816,0.0688775217935367,0.0305144565495068,0.00335061054569485,-1,-1,-1
10960,1,-1,-1,-1,-1,-1,-1,0.0201855302305796,0.0190609456037389,0.0168533487911877,0.014060533229086,0.0113473297259534,0.00912275698528653,0.0073594524198457,0.00578044095206831,0.00428647878697852,0.00316741850670388,0.00273430467031099,0.00268919120803179,0.00203640577253994,-0.000195277113289816,-0.00418605161695407,-0.00940228902835427,-0.0153379493678294,-0.0219260448519663,-0.0291922591243838,-0.0367957551469318,-0.0441240571008255,-0.0506878615453918,-0.0561981865344481,-0.0603778794830792,-0.0629998731904502,-0.0641412452741639,-0.0644097492662707,-1,-1,-1,-1,-1,-1,-1,-1,-1,-1,-1,-1
9555,1,-1,-1,-1,-1,-1,-1,-1,-1,-1,-1,-1,-1,-1,-1,-1,-1,-1,-1,-1,-1,-1,-1,-1,-0.301029995663981,1.16136800223497,0.139661993429006,-1,-1,-1,-1,-1,-1,-1,-1,-1,-1,-1,-1,-1,-1,-1,-1,-1,-1,-1
4,1,-1,-1,-1,-1,-1,-1,-0.0425538772355913,-0.0197554925011914,-0.0129151253513553,-0.0466205801599882,-0.0886148063498911,-0.0828816922401838,-0.0206807169091197,0.04078229200455,0.0412242094458504,-0.00874350294751158,-0.0436290398492383,-0.0436826056156667,-0.00240059403161963,0.0400416292963532,-1,-1,-1,-1,-1,-1,-1,-1,-1,-1,-1,-1,-1,-1,-1,-1,-1,-1,-1,-1,-1,-1,-1,-1,-1
3,1,-1,-1,-1,-1,-1,-1,-1,0.0330002601029253,-0.096854853995272,-0.096854853995272,-0.096854853995272,0.0579919469776866,-0.0249603867222219,-0.0249603867222219,-0.0249603867222221,-0.0249603867222221,-0.0249603867222219,-0.0249603867222221,0.0458851866778227,0.0458851866778227,-1,-1,-1,-1,-1,-1,-1,-1,-1,-1,-1,-1,-1,-1,-1,-1,-1,-1,-1,-1,-1,-1,-1,-1,-1
8937,1,-1,-1,-1,-1,-1,-1,-1,-1,-1,-1,-1,-1,-1,-1,-1,-1,-1,-1,-1,-1,-1,-1,-0.00332570802254833,0.00464980180754753,0.0214945119394414,0.0446438869476182,0.0689539845888748,0.0900346116922607,0.106575962801065,0.119702645631845,0.130286697362972,0.13741771492665,0.139843258583023,0.138483422118685,0.136514125495991,-1,-1,-1,-1,-1,-1,-1,-1,-1,-1
8934,1,-1,-1,-1,-1,-1,-1,-1,-1,-1,-1,-1,-1,-1,-1,-1,-1,-1,-1,-1,-1,-1,-1,0.0977130296232802,0.0836123409844332,0.0527627130791379,0.0137832597313972,-0.0137213087043071,-0.0143348318387235,0.00827635583633168,0.0338168366512279,0.0443248262837266,0.0396069739684313,0.0328452733702376,0.0332435674585683,0.0372159534891587,-1,-1,-1,-1,-1,-1,-1,-1,-1,-1
8935,1,-1,-1,-1,-1,-1,-1,-1,-1,-1,-1,-1,-1,-1,-1,-1,-1,-1,-1,-1,-1,-1,-1,-1,-1,-1,0.304816930739438,0.186770913354885,0.0571270594343667,0.0200291267420896,0.0518996489543613,0.0583710147491263,0.0194348896631122,0.00782330979666002,0.0654351085683331,0.132213982828149,-1,-1,-1,-1,-1,-1,-1,-1,-1,-1
8936,1,-1,-1,-1,-1,-1,-1,-1,-1,-1,-1,-1,-1,-1,-1,-1,-1,-1,-1,-1,-1,-1,-1,-1,-1,-1,-1,0.28182429839944,0.187168422037306,0.0690080027718525,0.0154052866276886,0.046038313630129,0.100783931623572,0.106507070296989,0.0515399947621855,-0.00597584001558094,-1,-1,-1,-1,-1,-1,-1,-1,-1,-1
6,1,-1,-1,-1,-1,-1,-1,-1,-1,-0.0817281097072167,-0.0817281097072171,-0.0817281097072171,-0.0817281097072171,-0.0817281097072171,-0.0817281097072167,-0.0817281097072171,-0.0231561535126139,-0.0231561535126139,-0.0231561535126139,-0.0231561535126139,-0.0231561535126144,-0.0231561535126139,-0.0231561535126139,-0.0231561535126139,-0.0231561535126139,-0.0231561535126139,-0.0231561535126139,-0.0231561535126139,-0.0231561535126139,-1,-1,-1,-1,-1,-1,-1,-1,-1,-1,-1,-1,-1,-1,-1,-1,-1
11355,1,-1,-1,-1,-1,-1,-1,-1,-1,-1,-1,0.131425600025846,0.131425600025846,0.131425600025846,0.131425600025846,0.131425600025846,0.131425600025846,0.131425600025846,0.131425600025846,0.131425600025846,0.131425600025846,0.131425600025846,0.131425600025846,0.131425600025846,0.131425600025846,-0.82985807345752,-0.0243836120071261,-0.0243836120071261,-0.0243836120071261,-0.0243836120071261,-0.380836575846865,-1,-1,-1,-1,-1,-1,-1,-1,-1,-1,-1,-1,-1,-1,-1
11353,1,-1,-1,-1,-1,-1,-1,-1,-1,-1,-1,-0.00677296681391804,-0.00677296681391759,-0.00677296681391804,-0.00677296681391804,-0.00677296681391804,-0.00677296681391804,-0.00677296681391804,-0.00677296681391759,-0.00677296681391804,-0.00677296681391804,-0.00677296681391804,-0.00677296681391804,-0.00677296681391804,-0.00677296681391804,-0.389051149835586,-0.0899315986276212,-0.0899315986276208,-0.0899315986276212,-0.0899315986276208,-1.10833947478884,-1,-1,-1,-1,-1,-1,-1,-1,-1,-1,-1,-1,-1,-1,-1
4714,1,-1,-1,-1,-1,-1,-1,-1,-1,-1,-1,-1,-1,-0.0209442109827388,-0.0209442109827389,-0.0209442109827387,-0.0209442109827389,-0.0209442109827388,-0.0209442109827388,-0.0209442109827388,-0.0209442109827388,-0.0209442109827389,-0.0209442109827387,-0.0209442109827389,-0.0209442109827388,-0.0209442109827389,-0.0209442109827388,-0.0209442109827388,-0.0209442109827388,-0.0209442109827389,-0.0209442109827387,-0.0209442109827389,0.120411998265592,0.120411998265592,0.120411998265592,0.120411998265593,0.120411998265592,-1,-1,-1,-1,-1,-1,-1,-1,-1
4712,1,-1,-1,-1,-1,-1,-1,-1,-1,-1,-1,-1,-1,-0.102004771108474,-0.102004771108474,-0.102004771108474,-0.102004771108474,-0.102004771108474,-0.102004771108474,-0.102004771108474,-0.102004771108474,-0.102004771108474,-0.102004771108474,-0.102004771108474,-0.102004771108474,-0.102004771108474,-0.102004771108474,-0.102004771108474,-0.102004771108474,-0.102004771108474,-0.102004771108474,-0.102004771108474,0.412355098941563,0.412355098941563,0.412355098941563,0.412355098941563,0.412355098941563,-1,-1,-1,-1,-1,-1,-1,-1,-1
4713,1,-1,-1,-1,-1,-1,-1,-1,-1,-1,-1,-1,-1,0.00536787044933318,0.00536787044933318,0.00536787044933318,0.0053678704493334,0.00536787044933318,0.00536787044933318,0.00536787044933318,0.0053678704493334,0.00536787044933318,0.00536787044933318,0.0053678704493334,0.00536787044933318,0.00536787044933318,0.00536787044933318,0.00536787044933318,0.0053678704493334,0.00536787044933318,0.00536787044933318,0.00536787044933318,0.0165069776110427,0.0165069776110425,0.0165069776110425,0.0165069776110425,0.0165069776110427,-1,-1,-1,-1,-1,-1,-1,-1,-1
4711,1,-1,-1,-1,-1,-1,-1,-1,-1,-1,-1,-1,-1,-0.0191946881859661,-0.0191946881859664,-0.0191946881859661,-0.0191946881859664,-0.0191946881859661,-0.0191946881859661,-0.0191946881859664,-0.0191946881859661,-0.0191946881859664,-0.0191946881859661,-0.0191946881859661,-0.0191946881859664,-0.0191946881859661,-0.0191946881859664,-0.0191946881859661,-0.0191946881859661,-0.0191946881859664,-0.0191946881859661,-0.0191946881859664,-0.0557507201905658,-0.0557507201905656,-0.0557507201905658,-0.0557507201905658,-0.0557507201905658,-1,-1,-1,-1,-1,-1,-1,-1,-1
4723,1,-1,-1,-1,-1,-1,-1,-1,-1,-1,-1,-1,-1,-1,-1,-1,-1,-1,0.0671693841341621,0.0599403626840713,0.0454823197838881,0.023795255433614,-0.00303888360131177,-0.0266923102591328,-0.0450830777744082,-0.0586891385287003,-0.0683189067386776,-0.0679125346354543,-0.0474412340007921,-0.0059644322562038,0.0409781900496005,0.070873280784828,0.0727895537693408,0.0558072116057247,0.0385695663254122,0.0317337289300297,0.0320150483676915,-1,-1,-1,-1,-1,-1,-1,-1,-1
8945,1,-1,-1,-1,-1,-1,-1,-1,-1,-1,-1,-1,-1,-1,-1,-1,-1,-1,-1,-1,-0.0461571306594539,-0.0461571306594535,-0.0612696567389226,-0.0133639615579817,0.00778361320607424,0.00778361320607379,0.00778361320607379,0.00778361320607424,0.00778361320607379,0.0469965626762234,0.0424038485530875,0.0197440581957569,-0.0682503180159344,-0.0682503180159344,-0.0682503180159344,-0.0682503180159344,-1,-1,-1,-1,-1,-1,-1,-1,-1,-1
4655,1,-1,-1,-1,-1,-1,-1,-1,-1,-1,-1,-1,-1,-1,-1,-1,-1,-1,-1,-1,-0.0271788311612964,-0.0271788311612964,-0.0555173278498313,-0.0243593458594447,0.00898430095486669,0.00898430095486669,0.00898430095486669,0.00898430095486713,0.00898430095486669,0.0475112058789784,-1,-1,-1,-1,-1,-1,-1,-1,-1,-1,-1,-1,-1,-1,-1,-1
18297,1,-1,-1,-1,-1,-1,-1,-1,-1,-1,-1,-1,-1,-1,-1,-1,-1,-1,-1,-1,-1,-1,-1,-0.109144469425068,-0.104735350520013,-0.288065018499614,-1,-1,-1,-1,-1,-1,-1,-1,-1,-1,-1,-1,-1,-1,-1,-1,-1,-1,-1,-1
18235,1,-1,-1,-1,-1,-1,-1,-1,-1,-1,-1,-1,-1,-1,-1,-1,-1,-1,-1,-1,-1,-1,-1,-0.0803727394336762,-0.0803727394336762,-0.080372739433676,-0.0803727394336762,-0.080372739433676,-0.0803727394336762,-0.0803727394336762,-0.080372739433676,-0.0803727394336762,-0.0803727394336762,-0.080372739433676,-0.0803727394336762,-0.0803727394336762,-0.0803727394336761,-0.080372739433676,-0.0803727394336763,-0.080372739433676,-0.0803727394336763,-0.080372739433676,-0.0803727394336761,-0.0803727394336763,-0.080372739433676,-1
19786,-1,-1,-1,-1,-1,-1,-1,-1,-1,-1,-1,-1,-1,-1,-1,-1,-1,-1,-1,-1,-1,-1,-1,-1,-1,-1,-1,-1,-1,-1,-1,-1,-1,-1,-1,-1,-1,-1,-1,-1,-1,-1,-1,-1,-1,-1
19782,-1,-1,-1,-1,-1,-1,-1,-1,-1,-1,-1,-1,-1,-1,-1,-1,-1,-1,-1,-1,-1,-1,-1,-1,-1,-1,-1,-1,-1,-1,-1,-1,-1,-1,-1,-1,-1,-1,-1,-1,-1,-1,-1,-1,-1,-1
19780,-1,-1,-1,-1,-1,-1,-1,-1,-1,-1,-1,-1,-1,-1,-1,-1,-1,-1,-1,-1,-1,-1,-1,-1,-1,-1,-1,-1,-1,-1,-1,-1,-1,-1,-1,-1,-1,-1,-1,-1,-1,-1,-1,-1,-1,-1
19779,-1,-1,-1,-1,-1,-1,-1,-1,-1,-1,-1,-1,-1,-1,-1,-1,-1,-1,-1,-1,-1,-1,-1,-1,-1,-1,-1,-1,-1,-1,-1,-1,-1,-1,-1,-1,-1,-1,-1,-1,-1,-1,-1,-1,-1,-1
19774,-1,-1,-1,-1,-1,-1,-1,-1,-1,-1,-1,-1,-1,-1,-1,-1,-1,-1,-1,-1,-1,-1,-1,-1,-1,-1,-1,-1,-1,-1,-1,-1,-1,-1,-1,-1,-1,-1,-1,-1,-1,-1,-1,-1,-1,-1
19773,-1,-1,-1,-1,-1,-1,-1,-1,-1,-1,-1,-1,-1,-1,-1,-1,-1,-1,-1,-1,-1,-1,-1,-1,-1,-1,-1,-1,-1,-1,-1,-1,-1,-1,-1,-1,-1,-1,-1,-1,-1,-1,-1,-1,-1,-1
19761,-1,-1,-1,-1,-1,-1,-1,-1,-1,-1,-1,-1,-1,-1,-1,-1,-1,-1,-1,-1,-1,-1,-1,-1,-1,-1,-1,-1,-1,-1,-1,-1,-1,-1,-1,-1,-1,-1,-1,-1,-1,-1,-1,-1,-1,-1
19760,-1,-1,-1,-1,-1,-1,-1,-1,-1,-1,-1,-1,-1,-1,-1,-1,-1,-1,-1,-1,-1,-1,-1,-1,-1,-1,-1,-1,-1,-1,-1,-1,-1,-1,-1,-1,-1,-1,-1,-1,-1,-1,-1,-1,-1,-1
19759,-1,-1,-1,-1,-1,-1,-1,-1,-1,-1,-1,-1,-1,-1,-1,-1,-1,-1,-1,-1,-1,-1,-1,-1,-1,-1,-1,-1,-1,-1,-1,-1,-1,-1,-1,-1,-1,-1,-1,-1,-1,-1,-1,-1,-1,-1
19757,-1,-1,-1,-1,-1,-1,-1,-1,-1,-1,-1,-1,-1,-1,-1,-1,-1,-1,-1,-1,-1,-1,-1,-1,-1,-1,-1,-1,-1,-1,-1,-1,-1,-1,-1,-1,-1,-1,-1,-1,-1,-1,-1,-1,-1,-1
19755,-1,-1,-1,-1,-1,-1,-1,-1,-1,-1,-1,-1,-1,-1,-1,-1,-1,-1,-1,-1,-1,-1,-1,-1,-1,-1,-1,-1,-1,-1,-1,-1,-1,-1,-1,-1,-1,-1,-1,-1,-1,-1,-1,-1,-1,-1
19750,-1,-1,-1,-1,-1,-1,-1,-1,-1,-1,-1,-1,-1,-1,-1,-1,-1,-1,-1,-1,-1,-1,-1,-1,-1,-1,-1,-1,-1,-1,-1,-1,-1,-1,-1,-1,-1,-1,-1,-1,-1,-1,-1,-1,-1,-1
19745,-1,-1,-1,-1,-1,-1,-1,-1,-1,-1,-1,-1,-1,-1,-1,-1,-1,-1,-1,-1,-1,-1,-1,-1,-1,-1,-1,-1,-1,-1,-1,-1,-1,-1,-1,-1,-1,-1,-1,-1,-1,-1,-1,-1,-1,-1
10099,1,-1,-1,-1,-1,-1,-1,-1,-1,-1,-1,-1,-1,-1,-1,-1,-1,-1,-1,-1,-1,-1,-1,-1,-0.00706845945002643,-0.00706845945002654,-0.00706845945002643,-0.00706845945002643,-0.00706845945002654,-0.00706845945002632,-0.00706845945002654,-0.00706845945002643,-0.00706845945002643,-0.00706845945002654,-0.00706845945002643,-0.00706845945002643,-0.0351700615899913,-0.0351700615899914,-0.0351700615899914,-1,-1,-1,-1,-1,-1,-1
10098,1,-1,-1,-1,-1,-1,-1,-1,-1,-1,-1,-1,-1,-1,-1,-1,-1,-1,-1,-1,-1,-1,-1,-1,-0.00256782895118501,-0.0025678289511849,-0.00256782895118501,-0.0025678289511849,-0.00256782895118501,-0.00256782895118501,-0.0025678289511849,-0.0025678289511849,-0.00256782895118501,-0.00256782895118501,-0.0025678289511849,-0.00256782895118501,-0.00214470333513661,-0.00214470333513661,-0.00214470333513661,-1,-1,-1,-1,-1,-1,-1
10101,1,-1,-1,-1,-1,-1,-1,-1,-1,-1,-1,-1,-1,-1,-1,-1,-1,-1,-1,-1,-1,-1,-1,-1,-1,-1,-1,-1,-1,-1,-1,-1,-1,-1,-1,-1,0,0,0,-1,-1,-1,-1,-1,-1,-1
10100,1,-1,-1,-1,-1,-1,-1,-1,-1,-1,-1,-1,-1,-1,-1,-1,-1,-1,-1,-1,-1,-1,-1,-1,-1,-1,-1,-1,-1,-1,-1,-1,-1,-1,-1,-1,-0.0156655208920745,-0.0156655208920744,-0.0156655208920746,-1,-1,-1,-1,-1,-1,-1
9554,1,-1,-1,-1,-1,-1,-1,-1,-1,-1,-1,-1,-1,-1,-1,-1,-1,-1,-1,-1,-1,-1,-1,-1,-0.0334237554869496,0.453318340047038,-0.0187494360128388,0,-1,-1,-1,-1,-1,-1,-1,-1,-1,-1,-1,-1,-1,-1,-1,-1,-1,-1
9550,1,-1,-1,-1,-1,-1,-1,-1,-1,-1,-1,-1,-1,-1,-1,-1,-1,-1,-1,-1,-1,-1,-1,-1,0.457150173789042,0.19225032632916,-1.00772589973662,0.404570587571051,-1,-1,-1,-1,-1,-1,-1,-1,-1,-1,-1,-1,-1,-1,-1,-1,-1,-1
9549,1,-1,-1,-1,-1,-1,-1,-1,-1,-1,-1,-1,-1,-1,-1,-1,-1,-1,-1,-1,-1,-1,-1,-1,-0.143090998952756,0.972676872788765,-0.759385926807674,-0.110071459066027,-1,-1,-1,-1,-1,-1,-1,-1,-1,-1,-1,-1,-1,-1,-1,-1,-1,-1
9548,1,-1,-1,-1,-1,-1,-1,-1,-1,-1,-1,-1,-1,-1,-1,-1,-1,-1,-1,-1,-1,-1,-1,-1,-0.290564561985816,-0.243038048686294,0.920818753952375,0.0530784434834195,-1,-1,-1,-1,-1,-1,-1,-1,-1,-1,-1,-1,-1,-1,-1,-1,-1,-1
5416,1,-1,-1,-1,-1,-1,-1,-1,-1,-1,-1,-1,-1,-1,-1,-1,-1,-1,-1,-1,-1,-1,-1,-1,-1,-1,-1,-1,0.2583548067704,-1,-1,-1,-1,-1,-1,-1,-1,-1,-1,-1,-1,-1,-1,-1,-1,-1
9546,1,-1,-1,-1,-1,-1,-1,-1,-1,-1,-1,-1,-1,-1,-1,-1,-1,-1,-1,-1,-1,-1,-1,-1,-0.724322878135809,0.587505733586482,-0.512137234538048,0.551817579609939,-1,-1,-1,-1,-1,-1,-1,-1,-1,-1,-1,-1,-1,-1,-1,-1,-1,-1
9415,1,-1,-1,-1,-1,-1,-1,-1,-1,-1,-1,-1,-1,-1,-1,-1,-1,-1,-1,-1,-1,-1,-1,-1,0.686380877027998,-0.563448123117297,-0.596069627638775,0.678256383826125,-1,-1,-1,-1,-1,-1,-1,-1,-1,-1,-1,-1,-1,-1,-1,-1,-1,-1
9414,1,-1,-1,-1,-1,-1,-1,-1,-1,-1,-1,-1,-1,-1,-1,-1,-1,-1,-1,-1,-1,-1,-1,-1,0.199028781131383,0.0931786778919368,-1.22401481137286,0.884016106044627,-1,-1,-1,-1,-1,-1,-1,-1,-1,-1,-1,-1,-1,-1,-1,-1,-1,-1
9413,1,-1,-1,-1,-1,-1,-1,-1,-1,-1,-1,-1,-1,-1,-1,-1,-1,-1,-1,-1,-1,-1,-1,-1,-0.194452980859362,-0.91159583039898,0.711433458639645,0.431146077644624,-1,-1,-1,-1,-1,-1,-1,-1,-1,-1,-1,-1,-1,-1,-1,-1,-1,-1
5380,1,-1,-1,-1,-1,-1,-1,-1,-1,-1,-1,-1,-1,-1,-1,-1,-1,-1,-1,-1,-1,-1,-1,-1,-1,-1,-1,-1,-0.197269563467781,-1,-1,-1,-1,-1,-1,-1,-1,-1,-1,-1,-1,-1,-1,-1,-1,-1
9412,1,-1,-1,-1,-1,-1,-1,-1,-1,-1,-1,-1,-1,-1,-1,-1,-1,-1,-1,-1,-1,-1,-1,-1,0,1.66437727069426,0.44340428883207,0.00166055114389785,-1,-1,-1,-1,-1,-1,-1,-1,-1,-1,-1,-1,-1,-1,-1,-1,-1,-1
9410,1,-1,-1,-1,-1,-1,-1,-1,-1,-1,-1,-1,-1,-1,-1,-1,-1,-1,-1,-1,-1,-1,-1,-1,1.09177037335565,-0.817069316414013,-0.660051938305649,0.918329953548681,-1,-1,-1,-1,-1,-1,-1,-1,-1,-1,-1,-1,-1,-1,-1,-1,-1,-1
9408,1,-1,-1,-1,-1,-1,-1,-1,-1,-1,-1,-1,-1,-1,-1,-1,-1,-1,-1,-1,-1,-1,-1,-1,0.899398674632493,-0.354040006800723,-0.394090992501121,0.20986968543364,-1,-1,-1,-1,-1,-1,-1,-1,-1,-1,-1,-1,-1,-1,-1,-1,-1,-1
18893,1,-1,-1,-1,-1,-1,-1,-1,-1,-1,-1,-1,-1,-1,-1,-1,-1,-1,-1,-1,-1,-1,-1,-1,-1,-1,0.386335490473235,-0.159764592516346,-0.19819320327969,-1,-1,-1,-1,-1,-1,-1,-1,-1,-1,-1,-1,-1,-1,-1,-1,-1
18884,1,-1,-1,-1,-1,-1,-1,-1,-1,-1,-1,-1,-1,-1,-1,-1,-1,-1,-1,-1,-1,-1,-1,-1,-1,-1,0.213879819945081,-0.431798275933005,0.161502897245192,-1,-1,-1,-1,-1,-1,-1,-1,-1,-1,-1,-1,-1,-1,-1,-1,-1
18883,1,-1,-1,-1,-1,-1,-1,-1,-1,-1,-1,-1,-1,-1,-1,-1,-1,-1,-1,-1,-1,-1,-1,-1,-1,-1,0.161436647564356,-1.06766647031669,1.0016012982973,-1,-1,-1,-1,-1,-1,-1,-1,-1,-1,-1,-1,-1,-1,-1,-1,-1
18881,1,-1,-1,-1,-1,-1,-1,-1,-1,-1,-1,-1,-1,-1,-1,-1,-1,-1,-1,-1,-1,-1,-1,-1,-1,-1,-0.25375299519754,0.319815482186538,-0.0786096446915703,-1,-1,-1,-1,-1,-1,-1,-1,-1,-1,-1,-1,-1,-1,-1,-1,-1
18879,1,-1,-1,-1,-1,-1,-1,-1,-1,-1,-1,-1,-1,-1,-1,-1,-1,-1,-1,-1,-1,-1,-1,-1,-1,-1,0.158908896475003,-0.90974631145588,0.99110924742402,-1,-1,-1,-1,-1,-1,-1,-1,-1,-1,-1,-1,-1,-1,-1,-1,-1
5527,1,-1,-1,-1,-1,-1,-1,-1,-1,-1,-1,-1,-1,-1,-1,-1,-1,-1,-1,-1,-1,-1,-1,-1,-1,-1,-1,-0.221848749616356,-0.213879819945081,-1,-1,-1,-1,-1,-1,-1,-1,-1,-1,-1,-1,-1,-1,-1,-1,-1
5291,1,-1,-1,-1,-1,-1,-1,-1,-1,-1,-1,-1,-1,-1,-1,-1,-1,-1,-1,-1,-1,-1,-1,-1,-1,-1,-1,-0.909159141407382,-1,-1,-1,-1,-1,-1,-1,-1,-1,-1,-1,-1,-1,-1,-1,-1,-1,-1
5526,1,-1,-1,-1,-1,-1,-1,-1,-1,-1,-1,-1,-1,-1,-1,-1,-1,-1,-1,-1,-1,-1,-1,-1,-1,-1,-1,0.80095954287335,-0.408159173853724,-1,-1,-1,-1,-1,-1,-1,-1,-1,-1,-1,-1,-1,-1,-1,-1,-1
5524,1,-1,-1,-1,-1,-1,-1,-1,-1,-1,-1,-1,-1,-1,-1,-1,-1,-1,-1,-1,-1,-1,-1,-1,-1,-1,-1,0.433921621503202,0.163953474459433,-1,-1,-1,-1,-1,-1,-1,-1,-1,-1,-1,-1,-1,-1,-1,-1,-1
5292,1,-1,-1,-1,-1,-1,-1,-1,-1,-1,-1,-1,-1,-1,-1,-1,-1,-1,-1,-1,-1,-1,-1,-1,-1,-1,-1,-0.522729330815771,-1,-1,-1,-1,-1,-1,-1,-1,-1,-1,-1,-1,-1,-1,-1,-1,-1,-1
5513,1,-1,-1,-1,-1,-1,-1,-1,-1,-1,-1,-1,-1,-1,-1,-1,-1,-1,-1,-1,-1,-1,-1,-1,-1,-1,-1,-0.014678015455813,0.111850362800993,-1,-1,-1,-1,-1,-1,-1,-1,-1,-1,-1,-1,-1,-1,-1,-1,-1
5282,1,-1,-1,-1,-1,-1,-1,-1,-1,-1,-1,-1,-1,-1,-1,-1,-1,-1,-1,-1,-1,-1,-1,-1,-1,-1,-1,0.352182518111362,-1,-1,-1,-1,-1,-1,-1,-1,-1,-1,-1,-1,-1,-1,-1,-1,-1,-1
5281,1,-1,-1,-1,-1,-1,-1,-1,-1,-1,-1,-1,-1,-1,-1,-1,-1,-1,-1,-1,-1,-1,-1,-1,-1,-1,-1,0.52090017929825,-1,-1,-1,-1,-1,-1,-1,-1,-1,-1,-1,-1,-1,-1,-1,-1,-1,-1
5273,1,-1,-1,-1,-1,-1,-1,-1,-1,-1,-1,-1,-1,-1,-1,-1,-1,-1,-1,-1,-1,-1,-1,-1,-1,-1,-1,0.263846796715194,-1,-1,-1,-1,-1,-1,-1,-1,-1,-1,-1,-1,-1,-1,-1,-1,-1,-1
9949,1,-1,-1,-1,-1,-1,-1,-1,-1,-1,-1,-1,-1,-1,-1,-1,-1,-1,-1,-1,-1,-1,-1,-1,-1,-1,-1,-1,-1,-0.0243764012459025,-0.0243764012459029,0.0473269663519162,0.0473269663519162,0.0162446237135838,0.0162446237135838,0.0270306222352366,0.0270306222352366,-1,-1,-1,-1,-1,-1,-1,-1,-1
9358,1,-1,-1,-1,-1,-1,-1,-1,-1,-1,-1,-1,-1,-1,-1,-1,-1,-1,-1,-1,-1,-1,-1,-1,-1,-1,-1,-1,-1,-1,0.453042921253702,0.149175542793371,-1,-1,-1,-1,-1,-1,-1,-1,-1,-1,-1,-1,-1,-1
9356,1,-1,-1,-1,-1,-1,-1,-1,-1,-1,-1,-1,-1,-1,-1,-1,-1,-1,-1,-1,-1,-1,-1,-1,-1,-1,-1,-1,-1,-1,1.1149545157017,-0.84813862056882,-1,-1,-1,-1,-1,-1,-1,-1,-1,-1,-1,-1,-1,-1
9355,1,-1,-1,-1,-1,-1,-1,-1,-1,-1,-1,-1,-1,-1,-1,-1,-1,-1,-1,-1,-1,-1,-1,-1,-1,-1,-1,-1,-1,-1,1.13126577126031,-2.27438134758677,-1,-1,-1,-1,-1,-1,-1,-1,-1,-1,-1,-1,-1,-1
19825,1,-1,-1,-1,-1,-1,-1,-1,-1,-1,-1,-1,-1,-1,-1,-1,-1,-1,-1,-1,-1,-1,-1,-1,-1,-1,-1,-1,-1,-1,-1,-1,-0.153550325376063,-0.109014567845711,0.00706863513968092,0.136906839762312,0.153900062452397,0.0484706410027851,-0.00208290952614387,0.142436680480237,0.355091088282128,0.373475318721765,0.148604433055627,-0.0843583068056133,-0.124968485432718,-0.0528549790983797
18242,1,-1,-1,-1,-1,-1,-1,-1,-1,-1,-1,-1,-1,-1,-1,-1,-1,-1,-1,-1,-1,-1,-1,-1,-1,-1,-1,-1,-1,-1,-1,-1,-1,-1,0.0448925885237386,-0.00841976582662057,0.00228760581800852,0.00228760581800852,0.153686608610405,0.0664763096615577,0.0384526198596113,-0.00906573673260958,-0.0470187448904891,-1,-1,-1
9038,1,-1,-1,-1,-1,-1,-1,-1,-1,-1,-1,-1,-1,-1,-1,-1,-1,-1,-1,-1,-1,-1,-1,-1,-1,-1,-1,-1,-1,-1,-1,-1,-1,-1,-0.115595828741552,-0.115595828741552,-0.115595828741552,0.0457574905606752,-1,-1,-1,-1,-1,-1,-1,-1
8213,1,-1,-1,-1,-1,-1,-1,-1,-1,-1,-1,-1,-1,-1,-1,-1,-1,-1,-1,-1,-1,-1,-1,-1,-1,-1,-1,-1,-1,-1,-1,-1,-1,-1,-1,-0.42276359239707,0.0705810742857074,0.267171728403014,-0.0496877841891075,0.229674087128313,-0.146128035678238,-1,-1,-1,-1,-1
8212,1,-1,-1,-1,-1,-1,-1,-1,-1,-1,-1,-1,-1,-1,-1,-1,-1,-1,-1,-1,-1,-1,-1,-1,-1,-1,-1,-1,-1,-1,-1,-1,-1,-1,-1,0.055986879721966,0.0559868797219663,0.0725506671486118,0,-0.761760834195474,-1,-1,-1,-1,-1,-1
25279,1,-1,-1,-1,-1,-1,-1,-1,-1,-1,-1,-1,-1,-1,-1,-1,-1,-1,-1,-1,-1,-1,-1,-1,-1,-1,-1,-1,-1,-1,-1,-1,-1,-1,-1,-1,-1,-1,-0.0440336883275868,-0.0440336883275869,-0.0171680251370139,-0.0160537798780786,0.0448479729886702,-0.0412288313619394,-0.055681181646117,-1
25278,1,-1,-1,-1,-1,-1,-1,-1,-1,-1,-1,-1,-1,-1,-1,-1,-1,-1,-1,-1,-1,-1,-1,-1,-1,-1,-1,-1,-1,-1,-1,-1,-1,-1,-1,-1,-1,-1,-0.127916623463362,-0.127916623463362,0.0132619306678368,-0.0464837356829293,0.00541746503229357,0.0785826319185248,-0.0987860180068117,-1
19501,1,-1,-1,-1,-1,-1,-1,-1,-1,-1,-1,-1,-1,-1,-1,-1,-1,-1,-1,-1,-1,-1,-1,-1,-1,-1,-1,-1,-1,-1,-1,-1,-1,-1,-1,-1,-1,-1,0.102605816267932,0.102605816267932,-0.224583036603609,-0.0988190028153875,-0.0549958615291415,-0.00877392430750518,-0.0827410568138451,-1
19626,1,-1,-1,-1,-1,-1,-1,-1,-1,-1,-1,-1,-1,-1,-1,-1,-1,-1,-1,-1,-1,-1,-1,-1,-1,-1,-1,-1,-1,-1,-1,-1,-1,-1,-1,-1,-1,-1,-1,-1,-1,-1,-1,0.139366232982125,0.0702011724746055,-1
