population_id,1970,1971,1972,1973,1974,1975,1976,1977,1978,1979,1980,1981,1982,1983,1984,1985,1986,1987,1988,1989,1990,1991,1992,1993,1994,1995,1996,1997,1998,1999,2000,2001,2002,2003,2004,2005,2006,2007,2008,2009,2010,2011,2012,2013,2014,2015
17745,1,-1,-1,-1,-1,0.00887478185460555,0.00887478185460511,0.00887478185460555,0.00887478185460555,0.00887478185460555,0.00887478185460511,0.00887478185460555,0.00887478185460555,0.00887478185460555,0.00887478185460511,0.00887478185460555,0.00887478185460511,0.00887478185460555,0.00887478185460555,0.00887478185460555,0.00887478185460511,0.00887478185460555,0.00887478185460555,0.00887478185460555,0.00887478185460511,0.00887478185460555,0.00887478185460555,0.00887478185460511,-1,-1,-1,-1,-1,-1,-1,-1,-1,-1,-1,-1,-1,-1,-1,-1,-1,-1
17744,1,-1,-1,-1,-1,0.0124148496235144,0.0124148496235144,0.0124148496235144,0.0124148496235144,0.0124148496235139,0.0124148496235148,0.0124148496235139,0.0124148496235144,0.0124148496235144,0.0124148496235144,0.0124148496235144,0.0124148496235144,0.0124148496235144,0.0124148496235144,0.0124148496235144,0.0124148496235144,0.0124148496235144,0.0124148496235144,0.0124148496235144,0.0124148496235144,0.0124148496235144,0.0124148496235144,0.0124148496235144,-1,-1,-1,-1,-1,-1,-1,-1,-1,-1,-1,-1,-1,-1,-1,-1,-1,-1
17743,1,-1,-1,-1,-1,-0.00167756022075682,-0.00167756022075682,-0.00167756022075771,-0.00167756022075682,-0.00167756022075682,-0.00167756022075682,-0.00167756022075771,-0.00167756022075682,-0.00167756022075682,-0.00167756022075771,-0.00167756022075682,-0.00167756022075682,-0.00167756022075771,-0.00167756022075682,-0.00167756022075682,-0.00167756022075682,-0.00167756022075771,-0.00167756022075682,-0.00167756022075682,-0.00167756022075771,-0.00167756022075682,-0.00167756022075682,-0.00167756022075682,-1,-1,-1,-1,-1,-1,-1,-1,-1,-1,-1,-1,-1,-1,-1,-1,-1,-1
17742,1,-1,-1,-1,-1,-0.00753910561505844,-0.00753910561505844,-0.00753910561505933,-0.00753910561505844,-0.00753910561505844,-0.00753910561505844,-0.00753910561505844,-0.00753910561505844,-0.00753910561505933,-0.00753910561505844,-0.00753910561505844,-0.00753910561505844,-0.00753910561505844,-0.00753910561505844,-0.00753910561505933,-0.00753910561505844,-0.00753910561505844,-0.00753910561505844,-0.00753910561505844,-0.00753910561505844,-0.00753910561505933,-0.00753910561505844,-0.00753910561505844,-1,-1,-1,-1,-1,-1,-1,-1,-1,-1,-1,-1,-1,-1,-1,-1,-1,-1
17741,1,-1,-1,-1,-1,-0.0101162129776871,-0.0101162129776871,-0.0101162129776879,-0.0101162129776871,-0.0101162129776879,-0.0101162129776871,-0.0101162129776879,-0.0101162129776871,-0.0101162129776879,-0.0101162129776871,-0.0101162129776879,-0.0101162129776871,-0.0101162129776879,-0.0101162129776871,-0.0101162129776879,-0.0101162129776871,-0.0101162129776879,-0.0101162129776871,-0.0101162129776879,-0.0101162129776871,-0.0101162129776879,-0.0101162129776871,-0.0101162129776879,-1,-1,-1,-1,-1,-1,-1,-1,-1,-1,-1,-1,-1,-1,-1,-1,-1,-1
8578,1,-1,-1,-1,-1,-1,0.0485111436522745,0.048511143652274,0.0485111436522745,0.048511143652274,0.0485111436522745,0.048511143652274,0.0485111436522745,-1,-1,-1,-1,-1,-1,-1,-1,-1,-1,-1,-1,-1,-1,-1,-1,-1,-1,-1,-1,-1,-1,-1,-1,-1,-1,-1,-1,-1,-1,-1,-1,-1
176,1,-1,-1,-1,-1,-1,0.00586897604579484,0.00586897604579484,0.00586897604579484,0.0744134205491733,0.0744134205491735,0.0744134205491735,0.0744134205491735,0.0181424297353818,0.018142429735382,0.018142429735382,0.018142429735382,0.018142429735382,0.0181424297353818,0.018142429735382,0.0540258001222831,0.0540258001222829,0.0540258001222829,0.0540258001222831,0.0540258001222831,0.0540258001222829,0.0540258001222829,-1,-1,-1,-1,-1,-1,-1,-1,-1,-1,-1,-1,-1,-1,-1,-1,-1,-1,-1
8566,1,-1,-1,-1,-1,-1,0.0485111436522745,0.048511143652274,0.0485111436522745,0.048511143652274,0.0485111436522745,0.048511143652274,0.0485111436522745,-1,-1,-1,-1,-1,-1,-1,-1,-1,-1,-1,-1,-1,-1,-1,-1,-1,-1,-1,-1,-1,-1,-1,-1,-1,-1,-1,-1,-1,-1,-1,-1,-1
180,1,-1,-1,-1,-1,-1,0.0837726951146638,0.0837726951146638,0.0837726951146638,-0.00625841990663112,-0.00625841990663134,-0.00625841990663112,-0.00625841990663112,0.0416038816699227,0.0416038816699225,0.0416038816699227,0.0416038816699227,0.0416038816699225,0.0416038816699227,0.0416038816699227,0.0547190384937914,0.0547190384937912,0.0547190384937914,0.0547190384937912,0.0547190384937914,0.0547190384937914,0.0547190384937912,-1,-1,-1,-1,-1,-1,-1,-1,-1,-1,-1,-1,-1,-1,-1,-1,-1,-1,-1
8558,1,-1,-1,-1,-1,-1,-0.0566047921225743,-0.0566047921225743,-0.0566047921225745,-0.0566047921225743,-0.0566047921225743,-0.0566047921225743,-0.0566047921225745,-1,-1,-1,-1,-1,-1,-1,-1,-1,-1,-1,-1,-1,-1,-1,-1,-1,-1,-1,-1,-1,-1,-1,-1,-1,-1,-1,-1,-1,-1,-1,-1,-1
178,1,-1,-1,-1,-1,-1,-0.00395094226499998,-0.00395094226500009,-0.00395094226500003,-0.0765526270419404,-0.0765526270419403,-0.0765526270419404,-0.0765526270419403,0.0504770136159006,0.0504770136159007,0.0504770136159007,0.0504770136159006,0.0504770136159007,0.0504770136159007,0.0504770136159006,0.0316926785166224,0.0316926785166223,0.0316926785166224,0.0316926785166224,0.0316926785166223,0.0316926785166223,0.0316926785166225,-1,-1,-1,-1,-1,-1,-1,-1,-1,-1,-1,-1,-1,-1,-1,-1,-1,-1,-1
8557,1,-1,-1,-1,-1,-1,-0.0400582145983299,-0.0400582145983299,-0.0400582145983299,-0.0400582145983295,-0.0400582145983299,-0.0400582145983299,-0.0400582145983295,-1,-1,-1,-1,-1,-1,-1,-1,-1,-1,-1,-1,-1,-1,-1,-1,-1,-1,-1,-1,-1,-1,-1,-1,-1,-1,-1,-1,-1,-1,-1,-1,-1
179,1,-1,-1,-1,-1,-1,-0.0163533753702536,-0.0163533753702536,-0.0163533753702536,-0.0198137309912065,-0.0198137309912068,-0.0198137309912065,-0.0198137309912065,0.022890472789751,0.0228904727897512,0.0228904727897512,0.0228904727897512,0.022890472789751,0.0228904727897512,0.0228904727897512,-0.0257556217542081,-0.0257556217542081,-0.0257556217542079,-0.0257556217542081,-0.0257556217542081,-0.0257556217542081,-0.0257556217542079,-1,-1,-1,-1,-1,-1,-1,-1,-1,-1,-1,-1,-1,-1,-1,-1,-1,-1,-1
8552,1,-1,-1,-1,-1,-1,-0.0896151040975266,-0.0896151040975268,-0.0896151040975266,0.154324989471175,0.154324989471175,0.154324989471175,0.154324989471175,-0.0177845383807291,-0.0177845383807291,-0.0177845383807291,-0.0177845383807289,-0.0177845383807291,-0.0177845383807291,-0.0177845383807291,-0.0177845383807291,-0.0177845383807289,-0.0177845383807291,-0.0177845383807291,-0.0177845383807289,-0.0177845383807291,-0.0177845383807291,-0.0177845383807291,-0.0177845383807291,-0.0177845383807289,-0.0177845383807291,-0.0177845383807291,-0.0177845383807291,-0.0177845383807291,-0.0177845383807289,-0.0177845383807291,-0.0177845383807291,-0.0177845383807289,-0.0177845383807291,-1,-1,-1,-1,-1,-1,-1
175,1,-1,-1,-1,-1,-1,0.0305901244518817,0.0305901244518818,0.0305901244518818,0.10649218306807,0.10649218306807,0.10649218306807,0.10649218306807,0.0572901550927399,0.05729015509274,0.0572901550927399,0.0572901550927399,0.05729015509274,0.0572901550927398,0.05729015509274,0.0116042583889849,0.0116042583889848,0.0116042583889849,0.0116042583889848,0.0116042583889849,0.0116042583889849,0.0116042583889849,-1,-1,-1,-1,-1,-1,-1,-1,-1,-1,-1,-1,-1,-1,-1,-1,-1,-1,-1
177,1,-1,-1,-1,-1,-1,-1,-1,-1,-1,-1,-1,-1,0.188888470676274,0.188888470676274,0.188888470676274,0.188888470676274,0.188888470676274,0.188888470676274,0.188888470676274,-1,-1,-1,-1,-1,-1,-1,-1,-1,-1,-1,-1,-1,-1,-1,-1,-1,-1,-1,-1,-1,-1,-1,-1,-1,-1
17791,1,-1,-1,-1,-1,-1,-1,-1,-1,-1,-1,-1,-1,-1,-1,-1,-1,-1,-1,-1,-1,-1,-1,-1,-1,-1,0.0104630593641057,0.019622319145971,0.0302904589575324,0.0319365854003708,0.0201680289118475,-0.00100328846556419,-0.023922459522022,-0.0425318761100977,-0.0541332572323117,-0.0589635563868036,-1,-1,-1,-1,-1,-1,-1,-1,-1,-1
17789,1,-1,-1,-1,-1,-1,-1,-1,-1,-1,-1,-1,-1,-1,-1,-1,-1,-1,-1,-1,-1,-1,-1,-1,-1,-1,-0.0920111068997094,-0.0721238485352411,-0.0372353918512536,0.00023524551745524,0.0282923939559501,0.0407446023507907,0.0373660712290111,0.0229174758028061,0.00608185493316515,-0.00426293997759863,-1,-1,-1,-1,-1,-1,-1,-1,-1,-1
10406,1,-1,-1,-1,-1,-1,-1,-1,-1,-1,-1,-1,-1,-1,-1,-1,-1,-1,-1,-1,-1,-1,-1,-1,-1,-1,0.00121505042852132,0.00127213210932764,0.00135012426410652,0.001412055120807,0.00147541344513824,0.00160405789167317,0.00184365266048592,0.00217291907574557,0.00251822740213736,0.00280844102796163,0.0030122698430497,0.00313280776635527,0.00318518780391774,-1,-1,-1,-1,-1,-1,-1
10405,1,-1,-1,-1,-1,-1,-1,-1,-1,-1,-1,-1,-1,-1,-1,-1,-1,-1,-1,-1,-1,-1,-1,-1,-1,-1,0.0147259514982903,0.00723749869648871,-0.00905209409799079,-0.0287605023699484,-0.0437391681139325,-0.05360354889778,-0.0679910947663418,-0.0940011046045686,-0.121262354672125,-0.125014538146551,-0.0902311817920814,-0.0331385687271075,0.00814426552895953,-1,-1,-1,-1,-1,-1,-1
10404,1,-1,-1,-1,-1,-1,-1,-1,-1,-1,-1,-1,-1,-1,-1,-1,-1,-1,-1,-1,-1,-1,-1,-1,-1,-1,-0.0244834020850651,-0.0557197411837702,-0.136430020574938,-0.260094536222741,-0.36769032670901,-0.375021230737045,-0.245102558593167,-0.0371613463299711,0.127412375926961,0.16287377265831,0.0916528293449031,0.0162965872921539,-1,-1,-1,-1,-1,-1,-1,-1
10403,1,-1,-1,-1,-1,-1,-1,-1,-1,-1,-1,-1,-1,-1,-1,-1,-1,-1,-1,-1,-1,-1,-1,-1,-1,-1,0.0380978051409966,0.025949490216846,-0.00581992561696798,-0.0584980862645483,-0.11994605241577,-0.167990003126046,-0.182379481279947,-0.156731777175299,-0.10158877635272,-0.0372255353562189,0.0174431474023051,0.05229068089125,0.0671129585870834,-1,-1,-1,-1,-1,-1,-1
10490,1,-1,-1,-1,-1,-1,-1,-1,-1,-1,-1,-1,-1,-1,-1,-1,-1,-1,-1,-1,-1,-1,-1,-1,-1,-1,-1,-1,-1,-0.297503904722453,0.0721002008890537,0.0996774883476852,-1,-1,-1,-1,-1,-1,-1,-1,-1,-1,-1,-1,-1,-1
17695,1,-1,-1,-1,-1,-1,-1,-1,-1,-1,-1,-1,-1,-1,-1,-1,-1,-1,-1,-1,-1,-1,-1,-1,-1,-1,-1,-1,-1,-1,-1,-1,-0.69721172467968,-0.161768668330916,-0.161768668330916,0.565948245193078,-0.405537190422559,-1,-1,-1,-1,-1,-1,-1,-1,-1
19801,1,-1,-1,-1,-1,-1,-1,-1,-1,-1,-1,-1,-1,-1,-1,-1,-1,-1,-1,-1,-1,-1,-1,-1,-1,-1,-1,-1,-1,-1,-1,-1,-1,0.091799874050688,0.0383732443844462,-0.0690806578081231,-0.0690806578081231,-0.0690806578081231,-0.0690806578081231,-0.0690806578081231,-0.0690806578081231,-0.0690806578081231,-0.0690806578081231,0.0805448091203731,-0.0266694283375186,-1
11778,1,-1,-1,-1,-1,-1,-1,-1,-1,-1,-1,-1,-1,-1,-1,-1,-1,-1,-1,-1,-1,-1,-1,-1,-1,-1,-1,-1,-1,-1,-1,-1,-1,-1,-0.00832899582697311,-0.00832899582697311,-0.00832899582697322,-0.008328995826973,-0.00832899582697311,-0.00832899582697311,0.0774122233087783,-0.0774122233087783,-1,-1,-1,-1
21266,1,-1,-1,-1,-1,-1,-1,-1,-1,-1,-1,-1,-1,-1,-1,-1,-1,-1,-1,-1,-1,-1,-1,-1,-1,-1,-1,-1,-1,-1,-1,-1,-1,-1,-1,-1,-1,-1,-0.0659743469854375,-0.065974346985437,-0.0659743469854375,-0.0659743469854375,-0.0659743469854375,-0.00311334208471425,-0.0031133420847147,-0.00311334208471425
27177,1,-1,-1,-1,-1,-1,-1,-1,-1,-1,-1,-1,-1,-1,-1,-1,-1,-1,-1,-1,-1,-1,-1,-1,-1,-1,-1,-1,-1,-1,-1,-1,-1,-1,-1,-1,-1,-1,-1,-1,0.523601966899434,-0.505487331871056,0.0276428555322974,-1,-1,-1
27175,1,-1,-1,-1,-1,-1,-1,-1,-1,-1,-1,-1,-1,-1,-1,-1,-1,-1,-1,-1,-1,-1,-1,-1,-1,-1,-1,-1,-1,-1,-1,-1,-1,-1,-1,-1,-1,-1,-1,-1,-0.781967312965569,0.156491167019144,0.453457336521869,-0.580044251510242,0.237578139068228,0.263111113848801
27174,1,-1,-1,-1,-1,-1,-1,-1,-1,-1,-1,-1,-1,-1,-1,-1,-1,-1,-1,-1,-1,-1,-1,-1,-1,-1,-1,-1,-1,-1,-1,-1,-1,-1,-1,-1,-1,-1,-1,-1,0.197928100692171,0.0989026593815836,-0.223366126439861,-0.483134238502186,0.362516875676528,-0.561058386323947
27173,1,-1,-1,-1,-1,-1,-1,-1,-1,-1,-1,-1,-1,-1,-1,-1,-1,-1,-1,-1,-1,-1,-1,-1,-1,-1,-1,-1,-1,-1,-1,-1,-1,-1,-1,-1,-1,-1,-1,-1,-0.268360878910613,0.0724487260691217,-1,-1,-0.41577196206195,0.615467384505751
27172,1,-1,-1,-1,-1,-1,-1,-1,-1,-1,-1,-1,-1,-1,-1,-1,-1,-1,-1,-1,-1,-1,-1,-1,-1,-1,-1,-1,-1,-1,-1,-1,-1,-1,-1,-1,-1,-1,-1,-1,-0.130027364810603,-0.065944308963196,0.152371263063,-0.0569403859750652,0.0198690745994827,0.120617362825657
27171,1,-1,-1,-1,-1,-1,-1,-1,-1,-1,-1,-1,-1,-1,-1,-1,-1,-1,-1,-1,-1,-1,-1,-1,-1,-1,-1,-1,-1,-1,-1,-1,-1,-1,-1,-1,-1,-1,-1,-1,-0.00202372384762067,-0.259340107484205,-0.0987189478631276,0.0126538620332893,-0.239726555773233,0.429596547053981
27170,1,-1,-1,-1,-1,-1,-1,-1,-1,-1,-1,-1,-1,-1,-1,-1,-1,-1,-1,-1,-1,-1,-1,-1,-1,-1,-1,-1,-1,-1,-1,-1,-1,-1,-1,-1,-1,-1,-1,-1,0.260601338608373,-0.54274599011198,-1,-1,-1,-1
27169,1,-1,-1,-1,-1,-1,-1,-1,-1,-1,-1,-1,-1,-1,-1,-1,-1,-1,-1,-1,-1,-1,-1,-1,-1,-1,-1,-1,-1,-1,-1,-1,-1,-1,-1,-1,-1,-1,-1,-1,0.0831839885012986,0.169155995719145,0.169155995719145,0.169155995719145,-0.2497857531557,-0.2497857531557
27166,1,-1,-1,-1,-1,-1,-1,-1,-1,-1,-1,-1,-1,-1,-1,-1,-1,-1,-1,-1,-1,-1,-1,-1,-1,-1,-1,-1,-1,-1,-1,-1,-1,-1,-1,-1,-1,-1,-1,-1,-0.301408300985727,-0.309244299357953,-1,-1,-0.2497857531557,-0.2497857531557
27165,1,-1,-1,-1,-1,-1,-1,-1,-1,-1,-1,-1,-1,-1,-1,-1,-1,-1,-1,-1,-1,-1,-1,-1,-1,-1,-1,-1,-1,-1,-1,-1,-1,-1,-1,-1,-1,-1,-1,-1,0.046212711873887,-0.153219111838961,-0.0235953688358166,-0.358195501893886,0.459426888684585,-1
27163,1,-1,-1,-1,-1,-1,-1,-1,-1,-1,-1,-1,-1,-1,-1,-1,-1,-1,-1,-1,-1,-1,-1,-1,-1,-1,-1,-1,-1,-1,-1,-1,-1,-1,-1,-1,-1,-1,-1,-1,-0.0921803231584306,0.664583174801932,-0.43976318566981,-0.621436936668467,-0.239543115651434,0.342031600667996
27162,1,-1,-1,-1,-1,-1,-1,-1,-1,-1,-1,-1,-1,-1,-1,-1,-1,-1,-1,-1,-1,-1,-1,-1,-1,-1,-1,-1,-1,-1,-1,-1,-1,-1,-1,-1,-1,-1,-1,-1,-0.664552439532326,0.650315827121113,0.281498311132726,-0.646991041140855,0.851576090214847,-0.0216815097413907
27161,1,-1,-1,-1,-1,-1,-1,-1,-1,-1,-1,-1,-1,-1,-1,-1,-1,-1,-1,-1,-1,-1,-1,-1,-1,-1,-1,-1,-1,-1,-1,-1,-1,-1,-1,-1,-1,-1,-1,-1,-0.0709990825558441,0.0284897393022731,-0.153743982268004,-0.134125096352218,-0.172802690710806,0.0713993401554757
27160,1,-1,-1,-1,-1,-1,-1,-1,-1,-1,-1,-1,-1,-1,-1,-1,-1,-1,-1,-1,-1,-1,-1,-1,-1,-1,-1,-1,-1,-1,-1,-1,-1,-1,-1,-1,-1,-1,-1,-1,-0.152214741386202,0.445978883882674,-0.262661989082348,-0.233009139422047,0.158149267157065,-0.0342845971600858
27159,1,-1,-1,-1,-1,-1,-1,-1,-1,-1,-1,-1,-1,-1,-1,-1,-1,-1,-1,-1,-1,-1,-1,-1,-1,-1,-1,-1,-1,-1,-1,-1,-1,-1,-1,-1,-1,-1,-1,-1,0.090633043663999,-0.158694387179266,-0.3503655063592,0.28189379959698,-0.0517546460506007,0.0859583272984199
27158,1,-1,-1,-1,-1,-1,-1,-1,-1,-1,-1,-1,-1,-1,-1,-1,-1,-1,-1,-1,-1,-1,-1,-1,-1,-1,-1,-1,-1,-1,-1,-1,-1,-1,-1,-1,-1,-1,-1,-1,-0.216519916111289,-1,-1,-1,-1,-1
27156,1,-1,-1,-1,-1,-1,-1,-1,-1,-1,-1,-1,-1,-1,-1,-1,-1,-1,-1,-1,-1,-1,-1,-1,-1,-1,-1,-1,-1,-1,-1,-1,-1,-1,-1,-1,-1,-1,-1,-1,-0.0573801208864954,0.121049200755873,-0.194360145366769,0.507331044463498,-0.201979675016874,0.424622916252932
27155,1,-1,-1,-1,-1,-1,-1,-1,-1,-1,-1,-1,-1,-1,-1,-1,-1,-1,-1,-1,-1,-1,-1,-1,-1,-1,-1,-1,-1,-1,-1,-1,-1,-1,-1,-1,-1,-1,-1,-1,0.436398260491213,0.183969171409649,-0.315887723785046,-0.315887723785046,0.0614868800125472,-1
27154,1,-1,-1,-1,-1,-1,-1,-1,-1,-1,-1,-1,-1,-1,-1,-1,-1,-1,-1,-1,-1,-1,-1,-1,-1,-1,-1,-1,-1,-1,-1,-1,-1,-1,-1,-1,-1,-1,-1,-1,0.103292545117255,-0.0474246499281381,0.290627235264214,0.0478056816469238,0.0764910092124686,-0.307051937366886
27153,1,-1,-1,-1,-1,-1,-1,-1,-1,-1,-1,-1,-1,-1,-1,-1,-1,-1,-1,-1,-1,-1,-1,-1,-1,-1,-1,-1,-1,-1,-1,-1,-1,-1,-1,-1,-1,-1,-1,-1,0.24537383270615,-0.414608087661732,0.0385789059335518,-0.0207180583890164,-0.0207180583890162,-0.0379188818151799
27152,1,-1,-1,-1,-1,-1,-1,-1,-1,-1,-1,-1,-1,-1,-1,-1,-1,-1,-1,-1,-1,-1,-1,-1,-1,-1,-1,-1,-1,-1,-1,-1,-1,-1,-1,-1,-1,-1,-1,-1,-0.21855693915602,-0.345098040014257,-0.345098040014257,0.590206316419162,0.590206316419162,-0.958998394995985
27151,1,-1,-1,-1,-1,-1,-1,-1,-1,-1,-1,-1,-1,-1,-1,-1,-1,-1,-1,-1,-1,-1,-1,-1,-1,-1,-1,-1,-1,-1,-1,-1,-1,-1,-1,-1,-1,-1,-1,-1,0.157879643747493,-0.0951469133780547,-0.00517256530616073,-0.0868732449170945,0.0740096400422082,0.0337924023336281
27150,1,-1,-1,-1,-1,-1,-1,-1,-1,-1,-1,-1,-1,-1,-1,-1,-1,-1,-1,-1,-1,-1,-1,-1,-1,-1,-1,-1,-1,-1,-1,-1,-1,-1,-1,-1,-1,-1,-1,-1,0.15855588543137,0.178193186629822,0.130027584554682,-0.557520230935551,0.538384396797057,-0.0377863893246988
27149,1,-1,-1,-1,-1,-1,-1,-1,-1,-1,-1,-1,-1,-1,-1,-1,-1,-1,-1,-1,-1,-1,-1,-1,-1,-1,-1,-1,-1,-1,-1,-1,-1,-1,-1,-1,-1,-1,-1,-1,0.0299655691970289,0.0288203001946057,-0.309241060514898,-0.295799969281503,0.304318252765266,-0.032865583620416
27168,1,-1,-1,-1,-1,-1,-1,-1,-1,-1,-1,-1,-1,-1,-1,-1,-1,-1,-1,-1,-1,-1,-1,-1,-1,-1,-1,-1,-1,-1,-1,-1,-1,-1,-1,-1,-1,-1,-1,-1,-1,-0.162775506909072,-1,-1,-1,-1
27167,1,-1,-1,-1,-1,-1,-1,-1,-1,-1,-1,-1,-1,-1,-1,-1,-1,-1,-1,-1,-1,-1,-1,-1,-1,-1,-1,-1,-1,-1,-1,-1,-1,-1,-1,-1,-1,-1,-1,-1,-1,0.110223097051306,0.101343367772483,-0.182104242838204,-0.2497857531557,-0.2497857531557
27157,1,-1,-1,-1,-1,-1,-1,-1,-1,-1,-1,-1,-1,-1,-1,-1,-1,-1,-1,-1,-1,-1,-1,-1,-1,-1,-1,-1,-1,-1,-1,-1,-1,-1,-1,-1,-1,-1,-1,-1,-1,0.0444211956300118,0.0444211956300118,0.391236312083143,0.391236312083143,-1
27176,1,-1,-1,-1,-1,-1,-1,-1,-1,-1,-1,-1,-1,-1,-1,-1,-1,-1,-1,-1,-1,-1,-1,-1,-1,-1,-1,-1,-1,-1,-1,-1,-1,-1,-1,-1,-1,-1,-1,-1,-1,-1,0.629960054141632,0.035634081706628,0.0356340817066279,-1
27164,1,-1,-1,-1,-1,-1,-1,-1,-1,-1,-1,-1,-1,-1,-1,-1,-1,-1,-1,-1,-1,-1,-1,-1,-1,-1,-1,-1,-1,-1,-1,-1,-1,-1,-1,-1,-1,-1,-1,-1,-1,-1,-1,-1,-1,0.0414361167780326
