ID,min_year,max_year
28,1969,1994
29,1975,1991
30,1983,1990
31,1965,2010
32,1959,1984
33,1970,1985
34,1978,1998
35,1983,1990
36,1970,1990
37,1975,1985
38,1973,1984
39,1965,2011
40,1970,1985
41,1976,1986
42,1984,1997
43,1989,1997
44,1978,1998
45,1978,1998
46,1984,1999
47,1984,2004
48,1976,2005
49,1965,2006
50,1975,2006
51,1976,1995
52,1975,2006
53,1975,2006
54,1972,2003
55,1959,1984
56,1983,1990
57,1963,1992
58,1959,1992
59,1961,1986
60,1961,1994
61,1961,1993
62,1970,1985
63,1983,1995
64,1973,1995
65,1973,1978
66,1975,1996
67,1968,1977
68,1968,1977
69,1962,1994
70,1978,1998
71,1983,1990
72,1965,2010
73,1970,2002
74,1970,1987
75,1965,2006
76,1981,2004
77,1965,2005
78,1983,1990
79,1965,2010
80,1959,1984
81,1977,1988
82,1950,1989
83,1950,1998
84,1965,2011
85,1983,1990
86,1967,1975
87,1959,1984
88,1988,1998
89,1950,1980
90,1965,1991
91,1990,1996
92,1965,2010
93,1972,2010
94,1990,2011
95,1989,2002
96,1978,1990
97,1980,1990
98,1980,1985
99,1978,1998
100,1969,1992
101,1965,2011
102,1983,1992
103,1976,1988
104,1980,1993
105,1978,1998
106,1965,2011
107,1965,2011
108,1978,1998
109,1970,1995
110,1979,1994
111,1967,2004
112,1970,2000
113,1959,1984
114,1983,1990
115,1965,2006
116,1973,1980
117,1970,1992
118,1976,1999
119,1970,2000
120,1987,1996
121,1965,2006
122,1978,1998
123,1977,2008
124,1976,1998
125,1998,2002
126,1975,2004
127,1961,1989
128,1966,1990
129,1959,1984
130,1983,1997
131,1978,1998
132,1975,1985
133,1975,2006
134,1994,2003
135,1978,1991
136,1992,1995
137,1971,1986
138,1983,1997
139,1983,1997
140,1978,1998
141,1976,1995
142,1978,1998
143,1983,1990
144,1991,1997
145,1959,1984
146,1969,1992
147,1964,1992
148,1958,1986
149,1965,1991
150,1965,1991
151,1965,2011
152,1985,1997
153,1980,1997
154,1965,2006
155,1983,1990
156,1965,2010
157,1969,1982
158,1972,1992
159,1991,1997
160,1969,1985
161,1960,1988
162,1965,1986
163,1983,1997
164,1986,1997
165,1984,1997
166,1970,2001
167,1985,1995
168,1959,1984
169,1983,1997
170,1978,1998
171,1969,1980
172,1982,1992
173,1974,1984
174,1974,1984
2392,1964,2005
2393,1964,2005
2394,1970,2005
2395,1970,2005
3495,1987,1993
3496,1992,2000
3497,1975,2006
4473,1959,1984
4474,1959,1984
4475,1959,1984
4593,1980,1993
4594,1987,2000
4635,1967,1975
4703,1997,2008
4710,1962,2008
4718,1989,2002
4719,2003,2006
4720,2003,2006
4721,2003,2006
4724,1989,2003
4726,1999,2006
4734,2002,2013
4735,2002,2005
4736,2002,2005
4737,2002,2006
4738,2000,2006
4739,2002,2006
4740,2002,2015
4741,2002,2014
4742,2002,2014
4743,2002,2006
4744,1999,2006
4745,1999,2006
4746,1998,2011
4747,2001,2003
4748,2000,2004
4749,2002,2004
4750,1998,2004
4751,2002,2006
4752,2002,2005
4753,2002,2006
4754,2002,2005
4755,2002,2005
4756,2002,2006
4757,2002,2005
4758,2002,2006
4759,2002,2005
4760,2002,2005
4761,2002,2005
4762,2002,2006
4763,2002,2005
4764,2002,2005
4765,2002,2005
4766,2002,2005
4767,2002,2005
4768,2002,2006
4769,2002,2006
4770,2002,2005
4771,2002,2005
4772,2002,2006
4773,2002,2005
4774,2002,2005
4775,2002,2005
4776,2001,2003
4777,1997,2004
4778,1996,2005
4779,1997,2004
4780,2001,2004
4781,1997,2004
4782,1994,2005
4783,2001,2003
4784,1996,2003
4785,1997,2004
4786,1996,2003
4787,2001,2003
4788,2001,2006
4789,2001,2003
4790,2001,2006
4791,2001,2006
4792,2001,2006
4793,2001,2006
4794,2001,2006
4795,2001,2003
4796,2001,2006
4797,2001,2006
4855,1984,1992
4889,2001,2002
4914,1975,1998
4916,1976,1997
4923,1996,2002
4926,1965,2007
4928,1982,1996
4955,1981,1996
4976,1999,2002
4977,1999,2002
4978,1999,2002
4979,1999,2002
4980,1999,2002
4981,1999,2002
4982,1999,2002
4984,1999,2002
4985,1999,2002
4986,1999,2002
4987,1999,2002
4988,1999,2002
4989,1999,2002
5000,1999,2002
5001,1999,2002
5002,1999,2002
5003,1999,2002
5004,1999,2002
5005,1999,2002
5006,1999,2002
5008,1999,2002
5009,1999,2002
5010,1999,2002
5011,1999,2002
5012,1999,2002
5013,1999,2002
5016,1986,2014
5017,1971,1991
5018,1971,1991
5020,1971,1991
5021,1971,1991
5022,1971,1991
5023,1985,1991
5024,1989,1991
5026,1981,1993
5027,1981,1993
5028,1981,1993
5029,1981,1993
5061,1971,1991
5062,1971,1991
5063,1971,1991
5064,1971,1991
5065,1971,1991
5066,1971,1991
5067,1971,1991
5068,1971,1991
5069,1971,1991
5070,1971,1991
5243,1988,1989
5244,1977,1990
5245,1980,1990
5246,1975,1990
5247,1960,2001
5248,1977,1986
5249,1977,1986
5250,1977,1986
5251,1960,2001
5252,1960,2001
5253,1967,2001
5254,1960,2001
5255,1956,1985
5256,1986,2003
5257,1965,1995
5258,1965,1995
5259,1965,1995
5260,1965,1995
5261,1965,1995
5262,1965,1995
5263,1969,1995
5264,1965,1996
5265,1965,1997
5266,1965,1996
5267,1965,1996
5268,1969,1997
5330,1960,1998
5331,1960,1983
5332,1968,1997
5333,1968,1997
5334,1968,1997
5335,1968,1997
5336,1968,1997
5337,1968,1997
5338,1968,2011
5348,1980,1993
5349,1980,1993
5350,1980,1997
5351,1980,1992
5352,1980,1992
5353,1980,1995
5354,1980,1997
5355,1980,1997
5356,1980,1997
5357,1980,1997
5358,1980,1997
5359,1980,1992
5360,1980,1997
5361,1980,1993
5362,1980,1997
5363,1980,1997
5364,1980,1992
5365,1980,1993
5366,1980,2011
5463,1991,1999
5476,1991,1999
5477,1991,1999
5488,1991,1999
5489,1991,1999
5589,1958,2003
5593,1958,2003
5594,1950,2003
5595,1961,1993
5596,1971,2001
5597,1971,2001
5598,2001,2002
5602,2001,2002
5603,2001,2002
5604,2001,2002
5606,2001,2002
5607,2001,2002
5608,2001,2002
5611,1971,1997
5615,1981,1997
5616,1981,1997
5634,1987,1996
5635,1972,2000
5671,1991,2003
5673,1987,2003
5674,1993,2003
5675,1990,2003
5676,1988,2003
5677,1982,2003
5680,1959,2003
5690,1982,2009
5691,1982,1999
5693,1992,1999
5694,1990,1999
5695,1994,1998
5696,1991,1999
5832,1983,1990
5833,1983,1990
5834,1983,1990
5871,1983,1990
5877,1959,1984
6164,1994,1996
6225,1994,1998
6226,1970,2005
6230,1970,2005
6231,1970,2005
6232,1994,1998
6242,1994,1998
6243,1994,1998
6257,1994,1998
6306,1976,1983
6311,1994,1998
6354,1994,1998
6363,1994,1998
6389,2003,2006
6431,1998,2000
6432,1998,2000
6433,1998,2000
6434,1998,2000
6435,1998,2000
6436,1998,2000
6437,1998,2000
6438,1998,2000
6439,1998,2000
6440,1998,2000
6441,1998,2000
6442,1998,2000
7673,1976,2002
7674,1976,1995
7675,1977,1997
7676,1977,1997
7677,1958,1998
7678,1977,1997
7679,1977,1997
7680,1977,1997
7681,1977,1997
7682,1977,1997
7683,1977,1997
7684,1977,1997
7685,1977,1997
7687,1977,1997
7688,1977,1994
7689,1977,1997
7690,1991,2001
7691,1970,1992
7692,1970,1992
7694,1970,1992
7695,1970,1992
7696,1970,1992
7697,1970,1992
7698,1970,1992
7699,1970,1992
7708,1991,2001
7709,1970,1976
7710,1976,1992
7711,1992,2001
7712,1991,2001
7713,1978,1992
7714,1992,2001
7715,1973,1992
7716,1991,2001
7717,1992,2001
7719,1967,1978
7720,1973,1992
7721,1975,1992
7722,1982,1991
7724,1973,1992
7727,1987,1990
7728,1970,1992
7839,2006,2008
7840,1994,2001
7841,1994,2001
7842,1994,2001
7843,1994,2001
8465,1963,1986
8466,1963,1987
8523,1973,2005
8524,1973,2005
8526,1973,2005
8527,1973,2005
8528,1973,2005
8530,1973,2005
8532,1973,2005
8534,1973,2005
8535,1973,2005
8536,1973,2005
8537,1973,2005
8538,1973,2005
8539,1973,2005
8540,1973,2005
8553,1973,1993
8554,1994,2004
8555,1970,1999
8641,1989,2003
8646,1993,1999
8647,1999,2001
8648,1998,2003
8654,1978,1997
8656,1965,1992
8711,1994,1996
8713,1994,1996
8714,1994,1996
8716,1994,1996
8718,1994,1996
8720,1994,1996
8932,2005,2009
9107,1982,1997
9108,1971,1995
9109,1971,1994
9110,1977,1989
9111,1977,1994
9112,1977,2000
9113,1985,1994
9114,1977,1994
9115,1977,1993
9116,1985,1998
9117,1985,1998
9118,1990,1998
9119,1990,1998
9120,1990,1998
9121,1985,1998
9122,1990,1998
9123,1985,1998
9124,1985,1998
9125,1985,1998
9242,1985,2001
9243,1991,2003
9245,1995,2003
9246,2000,2003
9784,1980,2006
9785,1980,2006
9786,1980,2006
9787,1980,2006
9788,1980,2006
9789,1980,2006
9790,1980,2006
9791,1980,2006
9792,1980,2006
9793,1980,2006
9818,1962,1991
9819,1962,1991
9821,1977,2001
9822,1977,2001
9823,1976,2000
9824,1977,2001
9825,1977,2001
9826,1977,2001
9827,1985,2010
9828,1999,2003
9829,1985,2010
9830,1985,2010
9831,1999,2003
9832,1991,2001
9833,1985,2010
9834,1999,2003
9835,1985,2005
9836,1997,2001
9837,1985,2005
9838,1985,2010
9839,1999,2014
9840,1999,2003
9841,1985,2005
9842,1987,1990
9843,1997,2002
9844,1987,1990
9845,1987,1990
9846,1987,1990
9847,1997,2002
9848,1987,1990
9849,1997,2002
9850,1997,2002
9851,1987,1990
9853,1997,2002
9854,1987,1990
9855,1997,2002
9856,1997,2002
9857,1987,1990
9858,1997,2002
9859,1987,1990
9860,1977,2007
9861,1987,1990
9862,1977,2007
9863,1977,2007
9864,1977,2007
9865,1977,2007
9866,1961,1978
9867,1977,2007
9868,1977,2007
9869,1990,2000
9870,1990,2000
9871,1990,1998
9872,1990,1999
9873,1990,2000
9874,1990,1998
9875,1990,2000
9876,1990,1998
9877,1977,2007
9878,1990,2000
9879,1977,2007
9880,1990,1998
9881,1990,1998
9882,1977,2007
9883,1977,2007
9884,1977,2007
9885,1990,2000
9886,1990,2000
9887,1977,2007
9888,1977,2007
9890,1977,2007
9891,1988,1997
9892,1977,2007
9893,1988,1997
9894,1988,1997
9895,1988,1997
9896,1977,2007
9897,1988,1997
9898,1988,1997
9899,1977,2007
9900,1988,1997
9901,1977,2007
9902,1989,1997
9903,1977,2007
9904,1993,1997
9905,1989,1997
9906,1973,1996
9908,1975,1989
9909,1989,1997
9910,1989,1997
9911,1989,1997
9912,1989,1997
9913,1993,1997
9914,1993,1997
9915,1989,1997
9916,1975,1989
9917,1989,1997
9918,1975,1989
9919,1975,1989
9920,1998,2006
9921,1998,2006
9922,1998,2006
9924,1989,1997
9925,1998,2006
9926,1998,2006
9927,1988,1997
9928,1998,2006
9929,1988,1997
9930,1988,1997
9932,1988,1997
9933,1988,1997
9934,1998,2006
9935,1988,1997
9936,1998,2006
9937,1988,1997
9938,1998,2006
9939,1988,1997
9940,1988,1997
9941,1988,1997
9942,1988,1997
9943,1998,2006
9944,1998,2006
9945,1998,2006
9946,1998,2006
9947,1967,1995
9950,1969,2001
9951,1969,2001
9952,1978,2006
9953,1969,1996
9954,1996,2006
9956,1978,2006
9957,1995,2004
9958,1968,1996
9960,1978,2006
9961,1968,1996
9963,1990,1998
9964,1978,2006
9965,1990,2000
9966,1978,2006
9967,1978,2006
9968,1978,2004
9969,1978,2004
9970,1978,2006
9971,1991,2004
9972,1996,2008
9973,1996,2008
9974,1996,2008
9975,1996,2008
9976,1996,2008
9977,1996,2008
9978,1996,2008
9979,1996,2008
9980,1973,1996
9982,2002,2008
9983,1996,2008
9984,1961,1996
9985,1996,2008
9986,2002,2006
9987,2002,2006
9988,1989,1998
9989,2002,2006
9990,2002,2006
9991,2002,2006
9992,2002,2006
9993,2002,2006
9994,1989,1998
9995,2002,2006
9996,1989,1998
9997,2002,2006
9998,1989,1998
9999,2002,2006
10001,1989,1998
10002,2002,2006
10003,1989,1998
10004,2002,2006
10005,1989,1994
10006,2002,2006
10007,1989,1998
10008,1996,2006
10010,1981,2006
10011,1980,2007
10012,1980,2007
10013,1986,2006
10014,1980,2007
10015,1990,2006
10016,1973,2006
10017,1980,2007
10018,1980,2007
10019,1980,2007
10020,1973,2006
10021,1986,2005
10022,1986,2006
10023,1986,2006
10025,1980,2007
10026,1982,2006
10027,1980,2000
10028,1973,2006
10029,1980,2007
10030,1973,2006
10031,1980,2007
10032,1973,2006
10033,1980,2007
10034,1980,2007
10035,1980,2007
10036,1980,2007
10037,1980,2007
10039,1984,2001
10040,1980,2007
10041,1980,2007
10042,1980,2007
10043,1980,2007
10044,1980,2007
10045,1981,1998
10047,1980,2007
10048,1980,2007
10049,1980,2007
10050,1980,2007
10052,1980,2007
10053,1980,2007
10054,1980,2007
10055,1999,2008
10056,1999,2008
10057,2000,2008
10058,1999,2008
10059,1999,2008
10060,1999,2008
10061,1999,2007
10062,1999,2008
10064,1970,1983
10065,1982,1985
10066,1965,1973
10067,1997,2006
10068,2002,2006
10069,1989,1998
10071,1958,1978
10072,1972,1988
10081,1997,2006
10082,1997,2006
10083,1997,2006
10084,1997,2006
10085,1997,2006
10087,1997,2006
10088,1997,2006
10089,1998,2006
10090,1997,2006
10091,1999,2006
10092,1997,2006
10093,1997,2006
10094,1997,2006
10095,1997,2006
10096,1968,2008
10097,1995,2007
11127,1993,1999
11128,1973,1977
11129,1973,1977
11130,1976,1996
11134,1995,1997
11149,1973,1977
11150,1973,1977
11151,1973,1977
11152,1973,1977
11203,1992,2003
11204,1992,2003
11205,1993,2003
11276,2001,2005
11277,1981,1983
11278,2001,2005
11284,2000,2005
11285,1995,2010
11295,1977,2005
11651,1958,2006
13433,2006,2012
13446,1995,2012
13447,2005,2010
13448,2006,2012
13450,2001,2010
13452,2006,2012
13455,1991,2012
13456,2001,2010
13457,2001,2010
13459,2001,2010
13460,2001,2010
13461,2006,2012
13462,2004,2008
13463,2006,2012
13464,2001,2010
13465,1995,2010
13466,1980,2012
13467,1980,2012
13468,2002,2013
13469,2006,2012
13470,1995,2008
13471,2006,2012
13472,1980,2012
13473,1988,2012
13474,1982,2013
13475,2001,2010
13476,1980,2012
13477,1976,2012
13478,1995,2013
13479,2003,2010
13480,1995,2007
13481,2006,2012
13482,2004,2008
13483,1995,2010
13484,1980,2012
13485,1988,2012
13486,1982,2013
13487,2010,2013
13488,2004,2008
13489,2006,2012
13490,1995,2006
13491,1995,2012
13492,1988,2012
13493,2010,2013
13494,2010,2013
13495,2004,2005
13496,1995,2007
13497,2009,2012
13498,1980,2012
13499,2001,2005
13500,2004,2005
14933,1997,2009
14936,1986,2011
14956,1976,2014
18234,2006,2008
18252,1994,2015
18254,1994,2015
18256,1998,2013
18258,1972,2012
18259,1995,2005
18261,1972,2012
18262,1972,2012
18264,1986,2008
18265,1972,2012
18266,1972,2012
18268,1988,2007
18271,1998,2006
18288,1977,2010
18291,1995,2009
18292,1977,2010
18293,1977,2010
18298,1960,1993
18300,2011,2015
18303,2011,2015
18305,2011,2015
18306,1986,2009
18307,2011,2015
18308,1999,2008
18310,2011,2015
18311,1974,2009
18313,2003,2010
18315,1990,2006
18317,1995,2010
18318,1975,2009
18319,1980,2009
18320,2001,2009
18321,1988,2013
18322,1998,2011
18323,1990,2007
18325,2000,2014
18327,2006,2014
18331,2004,2010
19514,2002,2012
19519,2002,2012
19520,2002,2012
19522,2004,2012
19523,2004,2012
19550,2004,2012
19556,2005,2013
19572,2005,2013
19573,2005,2013
19574,2005,2013
19575,2005,2013
19576,2005,2013
19700,2012,2013
19717,1973,2013
19721,1995,2005
19725,1995,2005
19741,1995,2015
19742,2002,2015
19746,2002,2015
19752,2006,2015
19758,2010,2014
19762,2006,2006
19764,2006,2015
19766,2004,2012
19768,2007,2013
19770,2005,2015
19778,1995,2015
19784,2009,2012
19787,2012,2015
19788,2012,2015
25396,2008,2015
25397,2011,2015
