"LPI_final" "CI_low" "CI_high"
"1970" 1 1 1
"1971" -99 NA NA
"1972" -99 NA NA
"1973" -99 NA NA
"1974" -99 NA NA
"1975" 1.00090152403196 1.00090152403196 1.00090152403196
"1976" 1.00310381047003 0.955383244047617 1.07929574187736
"1977" 1.00531094260514 0.914179122186012 1.10719282314409
"1978" 1.00752293109929 0.904688517335166 1.13626918000612
"1979" 1.05374110710166 0.911654382514325 1.24063390718063
"1980" 1.10207945300494 0.906672951047524 1.33550552212143
"1981" 1.15263522752413 0.902991661632512 1.43506212152089
"1982" 1.20551015093071 0.902473334579214 1.53780644395731
"1983" 1.34911488121183 0.996880709093377 1.78866557642528
"1984" 1.50982632647431 1.09010015633409 2.06963066252714
"1985" 1.68968230049269 1.19471867657066 2.36918255787286
"1986" 1.89096336879037 1.2924836549455 2.75433273814375
"1987" 2.1162217661062 1.45599461398118 3.14355121869673
"1988" 2.36831375861418 1.67587643707964 3.50642279662692
"1989" 2.6504358612479 1.90927795417873 3.90944397004329
"1990" 2.76682155270837 1.96646031135943 4.08383213819683
"1991" 2.88831796175865 2.00308955297536 4.3356600536799
"1992" 3.01514950975118 2.04818973978426 4.41365327392447
"1993" 3.14755047280782 2.15155134298737 4.6433232147261
"1994" 3.28576541456159 2.23612664753684 4.91600397381322
"1995" 3.43004963790085 2.32779531349811 5.26156903318993
"1996" 3.46976139143553 2.39217269002615 5.1912940606722
"1997" 3.37991044367383 2.30636657721344 5.19333787990685
"1998" 3.19117564788225 2.10883781514243 4.83608254853988
"1999" 2.662677073837 1.70541352856102 4.23083982810156
"2000" 2.35465884318856 1.3997044004879 3.99188283309907
"2001" 2.05473555151293 1.2624532574353 3.74768943514722
"2002" 1.45665991267248 0.758367270975125 2.78640124831566
"2003" 1.31729064731408 0.690081647067259 2.48134124892182
"2004" 1.23206471365926 0.625445224656516 2.43417093095429
"2005" 1.35434868142009 0.632890682732716 2.93264657008371
"2006" 1.17997742762231 0.552314906874337 2.61767123535155
"2007" 1.1582069673188 0.548833207918554 2.55628926865347
"2008" 1.12711480651496 0.524269252110136 2.44638563816106
"2009" 1.00965613404009 0.450054590915325 2.19816588486835
"2010" 0.952753679838694 0.419629140810264 1.95298125095124
"2011" 0.928913633471709 0.381820301863212 1.96459916971366
"2012" 0.884010687014634 0.37157162370475 1.80369261590343
"2013" 0.698202183723191 0.288832131010974 1.68509000691207
"2014" 0.836414306153105 0.353663641303306 1.98207462886581
"2015" 0.80919657445715 0.322009684624394 1.88845019811819
"2016" -99 NA NA
"2017" -99 NA NA
"2018" -99 NA NA
"2019" -99 NA NA
