Species,1970,1971,1972,1973,1974,1975,1976,1977,1978,1979,1980,1981,1982,1983,1984,1985,1986,1987,1988,1989,1990,1991,1992,1993,1994,1995,1996,1997,1998,1999,2000,2001,2002,2003,2004,2005,2006,2007,2008,2009,2010,2011,2012,2013,2014,2015,2016,2017,2018
Atelopus_ignescens,1,-0.0607370113267467,-0.0607370113267467,-0.0607370113267468,-0.0607370113267467,-0.0607370113267467,-0.0607370113267468,-0.0607370113267469,-0.0607370113267467,-0.0607370113267467,-0.0607370113267467,-0.0607370113267467,-0.083113804973443,-0.0831138049734429,-0.0831138049734429,-0.0831138049734428,-0.083113804973443,-0.0831138049734428,-0.0831138049734429,-0.0831138049734429,-0.083113804973443,-0.0831138049734429,-0.083113804973443,-0.0831138049734428,-0.0831138049734429,-0.0831138049734429,-0.0831138049734428,-0.083113804973443,-0.0831138049734432,-0.0831138049734428,-0.0831138049734428,NA,NA,NA,NA,NA,NA,NA,NA,NA,NA,NA,NA,NA,NA,NA,NA,NA,NA
Aneides_aeneus,1,-0.0825412372789849,-0.0825412372789851,-0.0825412372789851,-0.0825412372789849,-0.0825412372789851,-0.0825412372789849,-0.0825412372789851,-0.0825412372789851,-0.0825412372789849,-0.0825412372789851,-0.0825412372789851,-0.0825412372789848,-0.0101966652650703,0.1261476604221,-0.082541237278985,-0.0825412372789851,-0.0825412372789849,-0.082541237278985,-0.0825412372789849,-0.082541237278985,0,-1,0.952531001876861,0,-0.952531001876861,1,0,0,0,NA,NA,NA,NA,NA,NA,NA,NA,NA,NA,NA,NA,NA,NA,NA,NA,NA,NA,NA
Chiropterotriton_dimidiatus,1,NA,-0.154899952741074,0.252118238378966,0.252118238378966,-0.940428797670165,-0.940428797670165,0.0680599000044827,0.0680599000044825,0.0680599000044827,0.320479644965386,0.320479644965386,-0.182339614883821,-0.0215607218508411,-0.0215607218508411,-0.0215607218508411,-0.021560721850841,-0.021560721850841,-0.0215607218508411,-0.021560721850841,-0.0215607218508412,-0.021560721850841,-0.021560721850841,-0.0486024913077081,-0.0486024913077081,-0.0486024913077081,-0.0486024913077081,-0.048602491307708,NA,NA,NA,NA,NA,NA,NA,NA,NA,NA,NA,NA,NA,NA,NA,NA,NA,NA,NA,NA,NA
Chiropterotriton_multidentatus,1,NA,0.171223436069125,-0.0346629633006823,-0.0346629633006823,-0.413349524016509,-0.413349524016509,-0.187310932277183,-0.187310932277183,-0.187310932277183,-0.265767560920669,-0.265767560920669,0.204179700013448,0.0640959289930772,0.0640959289930772,0.0640959289930771,0.0640959289930773,0.0640959289930772,0.0640959289930772,0.0640959289930772,0.0640959289930773,0.0640959289930771,0.0640959289930773,-0.128191857986154,-0.128191857986154,-0.128191857986154,-0.128191857986154,-0.128191857986154,NA,NA,NA,NA,NA,NA,NA,NA,NA,NA,NA,NA,NA,NA,NA,NA,NA,NA,NA,NA,NA
Ambystoma_cingulatum,1,NA,-0.0799625600647713,-0.0799625600647713,-0.0799625600647712,-0.0799625600647713,-0.0799625600647713,-0.0799625600647713,-0.0799625600647712,-0.0799625600647713,-0.0799625600647714,-0.0799625600647712,-0.0799625600647713,-0.0799625600647711,-0.0799625600647714,-0.0799625600647712,-0.129691875063941,-0.129691875063941,-0.129691875063941,-0.129691875063941,-0.129691875063941,NA,NA,NA,NA,NA,NA,NA,NA,NA,NA,NA,NA,NA,NA,NA,NA,NA,NA,NA,NA,NA,NA,NA,NA,NA,NA,NA,NA
Pseudoeurycea_nigromaculata,1,NA,NA,-0.458035398616793,-0.458035398616793,-0.0325177872352653,-0.0325177872352653,0.120696664089201,0.120696664089201,0.120696664089201,0.120696664089201,0.120696664089201,0.120696664089201,-1,0,0,0,0,0,0,0,0,0,0,0,0,0,0,0,0,NA,NA,NA,NA,NA,NA,NA,NA,NA,NA,NA,NA,NA,NA,NA,NA,NA,NA,NA
Parvimolge_townsendi,1,NA,NA,-0.583295241071364,-0.583295241071364,0.583295241071364,0.583295241071364,-0.194431747023788,-0.194431747023788,-0.194431747023788,-0.194431747023788,-0.194431747023788,-0.194431747023788,-1,0,0,0,0,0,0,0,0,0,0,0,0,0,0,0,0,NA,NA,NA,NA,NA,NA,NA,NA,NA,NA,NA,NA,NA,NA,NA,NA,NA,NA,NA
Thorius_pennatulus,1,NA,NA,0.265608320531462,0.265608320531462,-0.265608320531462,-0.265608320531462,-0.209288070349748,-0.209288070349748,-0.209288070349748,-0.209288070349748,-0.209288070349748,-0.209288070349748,-0.613982038896541,0,0,0,0,0,0,0,0,0,0,0,0,0,0,0,0,NA,NA,NA,NA,NA,NA,NA,NA,NA,NA,NA,NA,NA,NA,NA,NA,NA,NA,NA
Craugastor_bransfordii,1,NA,NA,NA,0.166331421766525,NA,NA,NA,NA,NA,NA,NA,NA,NA,NA,NA,NA,NA,NA,NA,NA,NA,NA,NA,NA,NA,NA,NA,NA,NA,NA,NA,NA,NA,-0.280881210184254,-0.280881210184254,-0.280881210184254,-0.280881210184254,-0.280881210184253,NA,NA,NA,NA,NA,NA,NA,NA,NA,NA
Craugastor_talamancae,1,NA,NA,NA,-1,NA,NA,NA,NA,NA,NA,NA,NA,NA,NA,NA,NA,NA,NA,NA,NA,NA,NA,NA,NA,NA,NA,NA,NA,NA,NA,NA,NA,NA,0.0513624336170047,0.0513624336170048,0.0513624336170047,0.0513624336170048,0.0513624336170047,NA,NA,NA,NA,NA,NA,NA,NA,NA,NA
Hypopachus_pictiventris,1,NA,NA,NA,-0.1249387366083,NA,NA,NA,NA,NA,NA,NA,NA,NA,NA,NA,NA,NA,NA,NA,NA,NA,NA,NA,NA,NA,NA,NA,NA,NA,NA,NA,NA,NA,NA,NA,NA,NA,NA,NA,NA,NA,NA,NA,NA,NA,NA,NA,NA
Oophaga_pumilio,1,NA,NA,NA,0.0763883458634547,NA,NA,NA,NA,NA,NA,NA,NA,NA,NA,NA,NA,NA,NA,NA,NA,NA,NA,NA,NA,NA,NA,NA,NA,NA,NA,NA,NA,NA,NA,NA,NA,NA,NA,NA,NA,NA,NA,NA,NA,NA,NA,NA,NA
Strabomantis_biporcatus,1,NA,NA,NA,0,NA,NA,NA,NA,NA,NA,NA,NA,NA,NA,NA,NA,NA,NA,NA,NA,NA,NA,NA,NA,NA,NA,NA,NA,NA,NA,NA,NA,NA,NA,NA,NA,NA,NA,NA,NA,NA,NA,NA,NA,NA,NA,NA,NA
Pseudoeurycea_unguidentis,1,NA,NA,NA,NA,0.451560243769176,-0.56424661489775,-0.0381526738245988,-0.0381526738245988,-0.0381526738245987,-0.0381526738245989,0,0.0508702317661317,0.0508702317661318,0.0508702317661318,-0.0299934630369564,-0.0299934630369563,-0.0299934630369564,-0.0299934630369564,-0.0299934630369564,-0.0299934630369563,-0.0299934630369564,-0.0299934630369564,-0.0299934630369563,-0.0299934630369564,-0.0299934630369563,-0.0299934630369563,-0.0299934630369564,-0.758065153126427,-0.758065153126427,NA,NA,NA,NA,NA,NA,NA,NA,NA,NA,NA,NA,NA,NA,NA,NA,NA,NA,NA
Pseudoeurycea_smithi,1,NA,NA,NA,NA,0.204280187961065,-0.50990248084766,0,0,0,0,-0.542049392684234,-0.194131034057428,-0.194131034057428,-0.194131034057428,-0.00990814978650906,-0.00990814978650917,-0.00990814978650906,-0.00990814978650906,-0.00990814978650911,-0.00990814978650911,-0.00990814978650906,-0.00990814978650909,-0.00990814978650909,-0.00990814978650917,-0.00990814978650903,-0.00990814978650909,-0.00990814978650909,-0.355562795051814,-0.355562795051814,NA,NA,NA,NA,NA,NA,NA,NA,NA,NA,NA,NA,NA,NA,NA,NA,NA,NA,NA
Plethodon_jordani,1,NA,NA,NA,NA,0.0442946617252962,0.0572585961445095,0.0482920824048341,0.0257316665186302,-0.0110451533021869,-0.0434443185953569,-0.0479821869009854,-0.0328835328005652,0.0360956521637239,0.0669014016065146,0.0464309406563495,0.00594895847484977,-0.017410905679752,-0.0133274630770752,0.00370372582560741,0.0159477687722578,NA,NA,NA,NA,NA,NA,NA,NA,NA,NA,NA,NA,NA,NA,NA,NA,NA,NA,NA,NA,NA,NA,NA,NA,NA,NA,NA,NA
Pseudoeurycea_goebeli,1,NA,NA,NA,NA,NA,-0.0633733455023066,-0.0633733455023066,-0.0633733455023066,-0.0633733455023065,-0.0633733455023066,-0.0633733455023065,-0.0633733455023066,-0.0633733455023066,-0.0633733455023066,-0.0633733455023065,-0.0633733455023066,-0.0633733455023065,-0.0633733455023065,-0.0633733455023065,-0.0633733455023066,-0.0633733455023065,-0.0633733455023065,-0.0633733455023067,-0.0633733455023065,-0.0633733455023065,-0.0633733455023065,-0.0633733455023067,-0.0633733455023065,-0.0633733455023064,-0.0633733455023065,-0.0633733455023068,-0.0633733455023064,-0.0633733455023065,-0.0633733455023065,-0.0633733455023067,-0.0633733455023064,NA,NA,NA,NA,NA,NA,NA,NA,NA,NA,NA,NA
Pseudoeurycea_rex,1,NA,NA,NA,NA,NA,-0.058967553152396,-0.058967553152396,-0.058967553152396,-0.058967553152396,-0.0589675531523961,-0.058967553152396,-0.058967553152396,-0.058967553152396,-0.0589675531523962,-0.058967553152396,-0.058967553152396,-0.058967553152396,-0.058967553152396,-0.0589675531523959,-0.058967553152396,-0.0589675531523959,-0.0589675531523959,-0.0589675531523962,-0.058967553152396,-0.058967553152396,-0.0589675531523959,-0.0589675531523962,-0.0589675531523959,-0.058967553152396,-0.0589675531523959,-0.0589675531523962,-0.0589675531523959,-0.0589675531523959,-0.058967553152396,-0.0589675531523962,-0.058967553152396,NA,NA,NA,NA,NA,NA,NA,NA,NA,NA,NA,NA
Pseudoeurycea_brunnata,1,NA,NA,NA,NA,NA,-0.0646555281865369,-0.0646555281865369,-0.0646555281865368,-0.0646555281865368,-0.0646555281865369,-0.0646555281865368,-0.0646555281865369,-0.0646555281865368,-0.0646555281865369,-0.0646555281865368,-0.0646555281865369,-0.0646555281865368,-0.0646555281865369,-0.0646555281865368,-0.0646555281865369,-0.0646555281865369,-0.0646555281865368,-0.0646555281865371,-0.0646555281865367,-0.0646555281865368,-0.0646555281865368,-0.064655528186537,-0.0646555281865368,-0.0646555281865368,-0.0646555281865368,-0.064655528186537,-0.0646555281865368,-0.0646555281865368,-0.0646555281865368,-0.064655528186537,-0.0646555281865368,NA,NA,NA,NA,NA,NA,NA,NA,NA,NA,NA,NA
Dendrotriton_bromeliacius,1,NA,NA,NA,NA,NA,-0.0445736336710333,-0.0445736336710333,-0.0445736336710333,-0.0445736336710333,-0.0445736336710333,-0.0445736336710333,-0.0445736336710333,-0.0445736336710333,-0.0445736336710334,-0.0445736336710333,-0.0445736336710334,-0.0445736336710333,-0.0445736336710334,-0.0445736336710332,-0.0445736336710334,-0.0445736336710333,-0.0445736336710333,-0.0445736336710334,-0.0445736336710333,-0.0445736336710333,-0.0445736336710333,-0.0445736336710335,-0.0445736336710333,-0.0445736336710332,-0.0445736336710333,-0.0445736336710335,-0.0445736336710332,-0.0445736336710333,-0.0445736336710333,-0.0445736336710333,-0.0445736336710334,NA,NA,NA,NA,NA,NA,NA,NA,NA,NA,NA,NA
Bolitoglossa_lincolni,1,NA,NA,NA,NA,NA,-0.00690177604117234,-0.00690177604117231,-0.00690177604117226,-0.0069017760411724,-0.00690177604117226,-0.00690177604117234,-0.00690177604117231,-0.00690177604117231,-0.00690177604117231,-0.00690177604117229,-0.00690177604117234,-0.00690177604117226,-0.00690177604117234,-0.0069017760411724,-0.00690177604117226,-0.00690177604117231,-0.00690177604117229,-0.00690177604117231,-0.00690177604117233,-0.00690177604117231,-0.00690177604117229,-0.00690177604117233,-0.00690177604117227,-0.00690177604117237,-0.00690177604117227,-0.00690177604117236,-0.00690177604117231,-0.0069017760411723,-0.00690177604117235,-0.00690177604117228,-0.00690177604117232,NA,NA,NA,NA,NA,NA,NA,NA,NA,NA,NA,NA
Bolitoglossa_morio,1,NA,NA,NA,NA,NA,0.0203458724270945,0.0203458724270945,0.0203458724270945,0.0203458724270945,0.0203458724270945,0.0203458724270945,0.0203458724270945,0.0203458724270945,0.0203458724270945,0.0203458724270945,0.0203458724270945,0.0203458724270945,0.0203458724270945,0.0203458724270945,0.0203458724270945,0.0203458724270945,0.0203458724270945,0.0203458724270946,0.0203458724270945,0.0203458724270945,0.0203458724270945,0.0203458724270945,0.0203458724270945,0.0203458724270945,0.0203458724270945,0.0203458724270945,0.0203458724270945,0.0203458724270945,0.0203458724270945,0.0203458724270946,0.0203458724270945,NA,NA,NA,NA,NA,NA,NA,NA,NA,NA,NA,NA
Bolitoglossa_rostrata,1,NA,NA,NA,NA,NA,-0.0646555281865369,-0.0646555281865371,-0.0646555281865366,-0.0646555281865369,-0.0646555281865371,-0.0646555281865366,-0.0646555281865369,-0.0646555281865369,-0.0646555281865371,-0.0646555281865366,-0.0646555281865371,-0.0646555281865366,-0.064655528186537,-0.0646555281865367,-0.064655528186537,-0.0646555281865367,-0.0646555281865369,-0.0646555281865371,-0.0646555281865367,-0.0646555281865368,-0.0646555281865368,-0.064655528186537,-0.0646555281865368,-0.0646555281865368,-0.0646555281865368,-0.064655528186537,-0.0646555281865368,-0.0646555281865368,-0.0646555281865368,-0.064655528186537,-0.0646555281865368,NA,NA,NA,NA,NA,NA,NA,NA,NA,NA,NA,NA
Rhinella_dapsilis,1,NA,NA,NA,NA,NA,NA,NA,NA,NA,NA,NA,NA,NA,-1,NA,NA,NA,NA,NA,NA,NA,NA,NA,NA,NA,NA,NA,NA,NA,NA,NA,NA,NA,NA,NA,NA,NA,NA,NA,NA,NA,NA,NA,NA,NA,NA,NA,NA
Allobates_marchesianus,1,NA,NA,NA,NA,NA,NA,NA,NA,NA,NA,NA,NA,NA,0.276677064363124,NA,-0.0216873297599847,-0.0216873297599847,-0.0216873297599847,-0.0216873297599847,-0.0216873297599847,-0.0216873297599846,-0.0216873297599848,-0.0216873297599846,-0.0216873297599848,-0.0216873297599846,-0.0216873297599847,-0.0216873297599848,-0.0216873297599846,-0.0216873297599847,-0.0216873297599847,-0.0216873297599847,-0.0216873297599847,-0.0216873297599847,-0.0216873297599847,-0.0216873297599847,-0.0216873297599847,-0.0216873297599847,NA,NA,NA,NA,NA,NA,NA,NA,NA,NA,NA
Adenomera_andreae,1,NA,NA,NA,NA,NA,NA,NA,NA,NA,NA,NA,NA,NA,-0.572760874265025,NA,0.0155540629323528,0.0155540629323528,0.0155540629323528,0.0155540629323527,0.0155540629323528,0.0155540629323528,0.0155540629323528,0.0155540629323528,0.0155540629323528,0.0155540629323528,0.0155540629323528,0.0155540629323527,0.0155540629323528,0.0155540629323528,0.0155540629323528,0.0155540629323528,0.0155540629323528,0.0155540629323528,0.0155540629323527,0.0155540629323528,0.0155540629323528,0.0155540629323528,NA,NA,NA,NA,NA,NA,NA,NA,NA,NA,NA
Leiopelma_archeyi,1,NA,NA,NA,NA,NA,NA,NA,NA,NA,NA,NA,NA,NA,0.174009614461739,0.152982541749309,0.114037764384072,0.0641910046630145,0.0075553415693359,-0.0537676384182473,-0.113703635741125,-0.1620961000016,-0.191744724773052,-0.203684021168065,NA,NA,NA,NA,NA,NA,NA,NA,NA,NA,NA,NA,NA,NA,NA,NA,NA,NA,NA,NA,NA,NA,NA,NA,NA
Rhyacotriton_variegatus,1,NA,NA,NA,NA,NA,NA,NA,NA,NA,NA,NA,NA,NA,NA,1,1,0,0,0,0,0,0,0,0,NA,NA,NA,NA,NA,NA,NA,NA,NA,NA,NA,NA,NA,NA,NA,NA,NA,NA,NA,NA,NA,NA,NA,NA
Plethodon_elongatus,1,NA,NA,NA,NA,NA,NA,NA,NA,NA,NA,NA,NA,NA,NA,-0.0367886842648131,-0.0367886842648133,0.0295380832534158,0.0295380832534158,0.0295380832534158,0.0295380832534158,0.0295380832534158,0.0295380832534158,0.0295380832534156,0.0295380832534158,NA,NA,NA,NA,NA,NA,NA,NA,NA,NA,NA,NA,NA,NA,NA,NA,NA,NA,NA,NA,NA,NA,NA,NA
Ensatina_eschscholtzii,1,NA,NA,NA,NA,NA,NA,NA,NA,NA,NA,NA,NA,NA,NA,-0.0304324544117085,-0.0304324544117085,-0.0102833540763627,-0.0102833540763627,-0.0102833540763627,-0.0102833540763627,-0.0102833540763627,-0.0102833540763627,-0.0102833540763627,-0.0102833540763627,-0.23967135735681,NA,NA,-0.0984864012430114,-0.594234653816006,NA,NA,NA,NA,NA,NA,NA,NA,NA,NA,NA,NA,NA,NA,NA,NA,NA,NA,NA
Batrachoseps_attenuatus,1,NA,NA,NA,NA,NA,NA,NA,NA,NA,NA,NA,NA,NA,NA,0,0,0.00933758052777156,0.00933758052777112,0.00933758052777156,0.00933758052777156,0.00933758052777112,0.00933758052777156,0.00933758052777112,0.00933758052777156,NA,NA,NA,NA,NA,NA,NA,NA,NA,NA,NA,NA,NA,NA,NA,NA,NA,NA,NA,NA,NA,NA,NA,NA
Aneides_vagrans,1,NA,NA,NA,NA,NA,NA,NA,NA,NA,NA,NA,NA,NA,NA,0.0518747187691808,0.051874718769181,-0.00724899337221085,-0.00724899337221085,-0.00724899337221085,-0.00724899337221063,-0.00724899337221108,-0.00724899337221063,-0.00724899337221085,-0.00724899337221085,NA,NA,NA,NA,NA,NA,NA,NA,NA,NA,NA,NA,NA,NA,NA,NA,NA,NA,NA,NA,NA,NA,NA,NA
Aneides_flavipunctatus,1,NA,NA,NA,NA,NA,NA,NA,NA,NA,NA,NA,NA,NA,NA,0.0684552267393173,0.0684552267393173,-0.258425462659897,-0.258425462659898,-0.258425462659897,-0.258425462659897,-0.258425462659897,-0.258425462659898,-0.258425462659897,-0.258425462659897,NA,NA,NA,NA,NA,NA,NA,NA,NA,NA,NA,NA,NA,NA,NA,NA,NA,NA,NA,NA,NA,NA,NA,NA
Plethodon_vehiculum,1,NA,NA,NA,NA,NA,NA,NA,NA,NA,NA,NA,NA,NA,NA,-0.39175463174118,NA,NA,NA,NA,NA,NA,NA,NA,NA,-0.206589987614387,NA,NA,-0.296874035892823,0.277663777339769,NA,NA,NA,NA,NA,NA,NA,NA,NA,NA,NA,NA,NA,NA,NA,NA,NA,NA,NA
Dryophytes_versicolor,1,NA,NA,NA,NA,NA,NA,NA,NA,NA,NA,NA,NA,NA,NA,0.00218306377039207,0.00218306377047084,0.00218306377064581,0.00218306377087291,0.18604717442142,-0.205240100860821,0.239652159245399,-0.202928635902484,0.194891119552971,0.00218306377334687,0.00218306377485133,0.0021830637763266,0.00218306377758415,0.00218306377864358,0.0021830637796359,0.00218306378064487,0.00218306378162669,0.00218306378245914,0.00218306378304128,0.00218306378335847,0.00218306378347538,NA,NA,NA,NA,NA,NA,NA,NA,NA,NA,NA,NA,NA
Dryophytes_chrysoscelis,1,NA,NA,NA,NA,NA,NA,NA,NA,NA,NA,NA,NA,NA,NA,-0.00263056928093908,-0.00269308550355196,-0.00234243770702661,-0.00122995100294795,0.000408178701436196,0.00208194984085536,0.00361002387434828,0.00505452427490238,0.00620455741560316,0.00651482758301511,0.00569667906974577,0.00411771212759621,0.00241420030942868,0.000879294516292706,-0.000524016096270397,-0.00168236310730852,-0.00225413939075469,-0.00217077969288071,-0.0018874199330112,NA,NA,NA,NA,NA,NA,NA,NA,NA,NA,NA,NA,NA,NA,NA
Rhinella_proboscidea,1,NA,NA,NA,NA,NA,NA,NA,NA,NA,NA,NA,NA,NA,NA,NA,-0.0555632399413024,-0.0313021190612362,-0.0313021190612362,-0.0313021190612363,-0.0313021190612362,-0.0313021190612362,-0.0313021190612362,-0.0313021190612363,-0.0313021190612362,-0.0313021190612361,-0.0313021190612362,-0.0313021190612362,-0.0313021190612362,-0.0313021190612363,-0.0313021190612361,-0.0313021190612363,-0.0313021190612361,-0.0313021190612364,-0.0313021190612361,-0.0313021190612361,-0.0313021190612363,-0.0313021190612361,NA,NA,NA,NA,NA,NA,NA,NA,NA,NA,NA
Anomaloglossus_stepheni,1,NA,NA,NA,NA,NA,NA,NA,NA,NA,NA,NA,NA,NA,NA,NA,0.0143468207919184,0.0143468207919184,0.0143468207919184,0.0143468207919184,0.0143468207919184,0.0143468207919184,0.0143468207919184,0.0143468207919184,0.0143468207919184,0.0143468207919184,0.0143468207919184,0.0143468207919184,0.0143468207919184,0.0143468207919184,0.0143468207919184,0.0143468207919184,0.0143468207919184,0.0143468207919184,0.0143468207919184,0.0143468207919184,0.0143468207919184,0.0143468207919184,NA,NA,NA,NA,NA,NA,NA,NA,NA,NA,NA
Pristimantis_fenestratus,1,NA,NA,NA,NA,NA,NA,NA,NA,NA,NA,NA,NA,NA,NA,NA,-0.0267293467967201,-0.02672934679672,-0.0267293467967201,-0.02672934679672,-0.0267293467967201,-0.0267293467967199,-0.0267293467967201,-0.02672934679672,-0.0267293467967201,-0.02672934679672,-0.02672934679672,-0.0267293467967201,-0.0267293467967201,-0.02672934679672,-0.02672934679672,-0.02672934679672,-0.0267293467967201,-0.02672934679672,-0.02672934679672,-0.02672934679672,-0.02672934679672,-0.02672934679672,NA,NA,NA,NA,NA,NA,NA,NA,NA,NA,NA
Pristimantis_toftae,1,NA,NA,NA,NA,NA,NA,NA,NA,NA,NA,NA,NA,NA,NA,NA,NA,-0.0554621874040891,-0.055462187404089,-0.0554621874040891,-0.055462187404089,NA,NA,NA,NA,NA,NA,NA,-0.290564561985816,NA,NA,NA,NA,NA,NA,NA,NA,NA,NA,NA,NA,NA,NA,NA,NA,NA,NA,NA,NA
Phyllomedusa_vaillantii,1,NA,NA,NA,NA,NA,NA,NA,NA,NA,NA,NA,NA,NA,NA,NA,NA,-0.226617431910831,-0.226617431910831,-0.226617431910831,-0.226617431910831,NA,NA,NA,NA,NA,NA,NA,NA,NA,NA,NA,NA,NA,NA,NA,NA,NA,NA,NA,NA,NA,NA,NA,NA,NA,NA,NA,NA
Trachycephalus_coriaceus,1,NA,NA,NA,NA,NA,NA,NA,NA,NA,NA,NA,NA,NA,NA,NA,NA,-0.348174238314916,-0.348174238314917,-0.348174238314916,-0.348174238314917,NA,NA,NA,NA,NA,NA,NA,NA,NA,NA,NA,NA,NA,NA,NA,NA,NA,NA,NA,NA,NA,NA,NA,NA,NA,NA,NA,NA
Dendropsophus_sarayacuensis,1,NA,NA,NA,NA,NA,NA,NA,NA,NA,NA,NA,NA,NA,NA,NA,NA,-0.124001649720009,-0.124001649720009,-0.124001649720009,-0.124001649720009,NA,NA,NA,NA,NA,NA,NA,NA,NA,NA,NA,NA,NA,NA,NA,NA,NA,NA,NA,NA,NA,NA,NA,NA,NA,NA,NA,NA
Aneides_hardii,1,NA,NA,NA,NA,NA,NA,NA,NA,NA,NA,NA,NA,NA,NA,NA,NA,-0.1249387366083,0.31162464519895,0.166872196349615,-0.0984449469924768,0.0915574774380722,0.0915574774380722,-0.00462268678978465,-0.00462268678978465,-0.134904763481137,0.0863629095958482,NA,NA,NA,NA,NA,NA,NA,NA,NA,NA,NA,NA,NA,NA,NA,NA,NA,NA,NA,NA,NA,NA
Eleutherodactylus_coqui,1,NA,NA,NA,NA,NA,NA,NA,NA,NA,NA,NA,NA,NA,NA,NA,NA,NA,-0.0968677323237548,-0.0117024866279658,0.0367538003054731,0.100069190065959,0.0906821522376453,-0.0103118594179077,-0.130703848223594,-0.141726656828131,0.00191189902182465,0.0238144440717032,0.0410029303808477,0.0911166432935042,0.0519134864949289,0.0438664590366995,0.0300725821831668,0.0749829813194986,0.000217298386983145,-0.0959573913528109,-0.0354462059908926,0.00324557523051749,NA,NA,NA,NA,NA,NA,NA,NA,NA,NA,NA
Leiopelma_pakeka,1,NA,NA,NA,NA,NA,NA,NA,NA,NA,NA,NA,NA,NA,NA,NA,NA,NA,NA,0.013839072160194,0.0150216898325765,0.0150216898325766,0.0150216898325769,0.0150216898325765,0.0138396614664755,0.0238953526499011,0.0238953526499011,-0.0227731648625666,-0.00678213980702195,-0.0132691682954181,0.0178963921653756,-0.0282820612850358,-0.0346316988728708,-0.019839615367014,-0.019839615367014,-0.019839615367014,-0.0294339272670283,-0.188811166428565,-0.188811166428565,NA,NA,NA,NA,NA,NA,NA,NA,NA,NA
Eleutherodactylus_portoricensis,1,NA,NA,NA,NA,NA,NA,NA,NA,NA,NA,NA,NA,NA,NA,NA,NA,NA,NA,NA,NA,-0.175702478989111,-0.146864477008965,-0.0982229060637694,-0.0505648760338988,-0.0210022249935095,-0.0116938413946996,-0.0122372562700306,-0.0103520726333323,-0.000931969365974145,0.0126036235812523,0.0232806510263276,0.167833711949956,0.158427789438383,0.141627469869032,0.126707217714844,0.116125501435417,0.111505282069493,NA,NA,NA,NA,NA,NA,NA,NA,NA,NA,NA
Eleutherodactylus_unicolor,1,NA,NA,NA,NA,NA,NA,NA,NA,NA,NA,NA,NA,NA,NA,NA,NA,NA,NA,NA,NA,-0.000632121144775066,-0.000632121146403097,-0.000632121149447107,-0.000632121153332221,-0.00063212115760658,-0.000632121161914467,-0.000632121165659916,-0.000632121168158584,-0.000632121169238609,-0.000632121169446664,NA,NA,NA,NA,NA,NA,NA,NA,NA,NA,NA,NA,NA,NA,NA,NA,NA,NA
Eleutherodactylus_gryllus,1,NA,NA,NA,NA,NA,NA,NA,NA,NA,NA,NA,NA,NA,NA,NA,NA,NA,NA,NA,NA,-0.0937071784828669,-0.0910680104975949,-0.0868159714644363,-0.0812112075778817,-0.0722723178682221,-0.0590957517946107,-0.0456375313120061,-0.0382193634371459,-0.0385824977567162,-0.0416312867902748,NA,NA,NA,NA,NA,NA,NA,NA,NA,NA,NA,NA,NA,NA,NA,NA,NA,NA
Rana_temporaria,1,NA,NA,NA,NA,NA,NA,NA,NA,NA,NA,NA,NA,NA,NA,NA,NA,NA,NA,NA,NA,NA,NA,-0.218798908506102,NA,NA,NA,NA,NA,NA,NA,NA,NA,NA,NA,NA,NA,NA,NA,NA,NA,NA,NA,NA,NA,NA,NA,NA,NA
Bufo_bufo,1,NA,NA,NA,NA,NA,NA,NA,NA,NA,NA,NA,NA,NA,NA,NA,NA,NA,NA,NA,NA,NA,NA,-0.200400896022024,NA,NA,NA,NA,NA,NA,NA,NA,NA,NA,NA,NA,NA,NA,NA,NA,NA,NA,NA,NA,NA,NA,NA,NA,NA
Rana_arvalis,1,NA,NA,NA,NA,NA,NA,NA,NA,NA,NA,NA,NA,NA,NA,NA,NA,NA,NA,NA,NA,NA,NA,-0.360160439779998,NA,NA,NA,NA,NA,NA,NA,NA,NA,NA,NA,NA,NA,NA,NA,NA,NA,NA,NA,NA,NA,NA,NA,NA,NA
Sechellophryne_gardineri,1,NA,NA,NA,NA,NA,NA,NA,NA,NA,NA,NA,NA,NA,NA,NA,NA,NA,NA,NA,NA,NA,NA,NA,NA,NA,0.0104630593641057,0.019622319145971,0.0302904589575324,0.0319365854003708,0.0201680289118475,-0.00100328846556419,-0.023922459522022,-0.0425318761100977,-0.0541332572323117,-0.0589635563868036,NA,NA,NA,NA,NA,NA,NA,NA,NA,NA,NA,NA,NA
Sooglossus_sechellensis,1,NA,NA,NA,NA,NA,NA,NA,NA,NA,NA,NA,NA,NA,NA,NA,NA,NA,NA,NA,NA,NA,NA,NA,NA,NA,-0.0920111068997094,-0.0721238485352411,-0.0372353918512536,0.00023524551745524,0.0282923939559501,0.0407446023507907,0.0373660712290111,0.0229174758028061,0.00608185493316515,-0.00426293997759863,NA,NA,NA,NA,NA,NA,NA,NA,NA,NA,NA,NA,NA
Pristimantis_peruvianus,1,NA,NA,NA,NA,NA,NA,NA,NA,NA,NA,NA,NA,NA,NA,NA,NA,NA,NA,NA,NA,NA,NA,NA,NA,NA,NA,NA,-0.176126606346127,NA,NA,NA,NA,NA,NA,NA,NA,NA,NA,NA,NA,NA,NA,NA,NA,NA,NA,NA,NA
Ambystoma_gracile,1,NA,NA,NA,NA,NA,NA,NA,NA,NA,NA,NA,NA,NA,NA,NA,NA,NA,NA,NA,NA,NA,NA,NA,NA,NA,NA,NA,-0.712984366136141,0.414651886415513,0.183988392647297,-0.0590496560389973,NA,NA,NA,NA,NA,NA,NA,NA,NA,NA,NA,NA,NA,NA,NA,NA,NA
Taricha_granulosa,1,NA,NA,NA,NA,NA,NA,NA,NA,NA,NA,NA,NA,NA,NA,NA,NA,NA,NA,NA,NA,NA,NA,NA,NA,NA,NA,NA,-0.182930683585987,0.602059991327962,-0.602059991327962,0.301029995663981,NA,NA,NA,NA,NA,NA,NA,NA,NA,NA,NA,NA,NA,NA,NA,NA,NA
Rana_cascadae,1,NA,NA,NA,NA,NA,NA,NA,NA,NA,NA,NA,NA,NA,NA,NA,NA,NA,NA,NA,NA,NA,NA,NA,NA,NA,NA,NA,0.66216735642827,-0.243038048686294,-0.301029995663981,0,NA,NA,NA,NA,NA,NA,NA,NA,NA,NA,NA,NA,NA,NA,NA,NA,NA
Smilisca_baudinii,1,NA,NA,NA,NA,NA,NA,NA,NA,NA,NA,NA,NA,NA,NA,NA,NA,NA,NA,NA,NA,NA,NA,NA,NA,NA,NA,NA,0.494850021680094,-0.397940008672038,-0.397940008672038,0.261262868792493,0.613798394599206,-0.301029995663981,-0.34948500216801,-0.349485002168009,0.895312333056253,0.0696252829724214,NA,NA,NA,NA,NA,NA,NA,NA,NA,NA,NA
Scinax_staufferi,1,NA,NA,NA,NA,NA,NA,NA,NA,NA,NA,NA,NA,NA,NA,NA,NA,NA,NA,NA,NA,NA,NA,NA,NA,NA,NA,NA,-0.146128035678238,0.301029995663981,0.191730393362856,-0.0805799412401895,-0.412180447786648,-0.0263937486825414,-0.0263937486825419,-0.0263937486825414,0.491361693834273,-0.792391689498254,NA,NA,NA,NA,NA,NA,NA,NA,NA,NA,NA
Rhinophrynus_dorsalis,1,NA,NA,NA,NA,NA,NA,NA,NA,NA,NA,NA,NA,NA,NA,NA,NA,NA,NA,NA,NA,NA,NA,NA,NA,NA,NA,NA,-0.0376287494579977,-0.0376287494579977,-0.0376287494579977,-0.0376287494579976,-0.0376287494579977,0.0475089600496741,0.0475089600496741,0.0475089600496741,-0.0969100130080565,0.193820026016113,NA,NA,NA,NA,NA,NA,NA,NA,NA,NA,NA
Lithobates_berlandieri,1,NA,NA,NA,NA,NA,NA,NA,NA,NA,NA,NA,NA,NA,NA,NA,NA,NA,NA,NA,NA,NA,NA,NA,NA,NA,NA,NA,0,-0.301029995663981,0,0,0,0,0.198970004336019,0.198970004336019,0.146128035678238,NA,NA,NA,NA,NA,NA,NA,NA,NA,NA,NA,NA
Leptodactylus_melanonotus,1,NA,NA,NA,NA,NA,NA,NA,NA,NA,NA,NA,NA,NA,NA,NA,NA,NA,NA,NA,NA,NA,NA,NA,NA,NA,NA,NA,-0.602059991327962,-0.174742501084005,-0.612273132779855,0.0663233347786729,0.179209583152666,0.179209583152666,0.0134012462059835,0.0134012462059835,NA,NA,NA,NA,NA,NA,NA,NA,NA,NA,NA,NA,NA
Leptodactylus_fragilis,1,NA,NA,NA,NA,NA,NA,NA,NA,NA,NA,NA,NA,NA,NA,NA,NA,NA,NA,NA,NA,NA,NA,NA,NA,NA,NA,NA,0.0668955545919958,-0.0545978522318427,0.108705276211993,0.108705276211993,-0.0962440977679427,-0.0962440977679427,-0.0962440977679427,0.334477772959979,0.0668955545919958,-0.301029995663981,NA,NA,NA,NA,NA,NA,NA,NA,NA,NA,NA
Hypopachus_variolosus,1,NA,NA,NA,NA,NA,NA,NA,NA,NA,NA,NA,NA,NA,NA,NA,NA,NA,NA,NA,NA,NA,NA,NA,NA,NA,NA,NA,0.0413425598672335,0.041342559867426,0.041342559867688,0.0413425598678185,0.0413425598676886,0.0413425598673354,0.0413425598669255,0.0413425598666273,0.136167344461349,0.0551119246371189,NA,NA,NA,NA,NA,NA,NA,NA,NA,NA,NA
Tlalocohyla_picta,1,NA,NA,NA,NA,NA,NA,NA,NA,NA,NA,NA,NA,NA,NA,NA,NA,NA,NA,NA,NA,NA,NA,NA,NA,NA,NA,NA,-0.00631986938524531,-0.00621532526113966,0.040471949780069,0.0390999724934054,-0.0822520809006334,-0.0843711865325175,-0.0306409029518592,-0.0319784360283824,-0.163705724043974,-0.173126525223832,NA,NA,NA,NA,NA,NA,NA,NA,NA,NA,NA
Dendropsophus_microcephalus,1,NA,NA,NA,NA,NA,NA,NA,NA,NA,NA,NA,NA,NA,NA,NA,NA,NA,NA,NA,NA,NA,NA,NA,NA,NA,NA,NA,0.00346364169950236,0.218095960951227,0.182350360130907,0.141908579842237,-0.109418142561659,-0.134496559709751,-0.147195290417436,0.17729480647192,-0.198101542461467,0.19115192332469,NA,NA,NA,NA,NA,NA,NA,NA,NA,NA,NA
Tlalocohyla_loquax,1,NA,NA,NA,NA,NA,NA,NA,NA,NA,NA,NA,NA,NA,NA,NA,NA,NA,NA,NA,NA,NA,NA,NA,NA,NA,NA,NA,-0.0947444957782029,-0.0947444957781878,0.123810143416212,0.123810143416076,-0.194383655271411,-0.194383655271515,-0.194383655271478,-0.194383655271339,0.27923400899841,-0.8750612633917,NA,NA,NA,NA,NA,NA,NA,NA,NA,NA,NA
Dendropsophus_ebraccatus,1,NA,NA,NA,NA,NA,NA,NA,NA,NA,NA,NA,NA,NA,NA,NA,NA,NA,NA,NA,NA,NA,NA,NA,NA,NA,NA,NA,0.40895073571534,0.251664084113365,0.0469225146789187,-0.029916272680454,-0.0374223758890173,2.6680415293287e-05,0.0271293924874826,0.0055134281824096,-0.18656148720372,-0.296740869225315,NA,NA,NA,NA,NA,NA,NA,NA,NA,NA,NA
Incilius_valliceps,1,NA,NA,NA,NA,NA,NA,NA,NA,NA,NA,NA,NA,NA,NA,NA,NA,NA,NA,NA,NA,NA,NA,NA,NA,NA,NA,NA,-0.271038126928457,-0.166656890355084,-0.0151607240023235,0.074787168434757,0.0199885813524532,-0.132237774208258,-0.193022024690554,0.00328365503872852,0.392842732261187,0.697886491967346,NA,NA,NA,NA,NA,NA,NA,NA,NA,NA,NA
Rhinella_marina,1,NA,NA,NA,NA,NA,NA,NA,NA,NA,NA,NA,NA,NA,NA,NA,NA,NA,NA,NA,NA,NA,NA,NA,NA,NA,NA,NA,0.114400745168392,-0.676693609624867,0.176091259055681,0.176091259055681,-0.0642137656365043,0.00403894953053174,-0.108868752295891,-0.108868752295891,-0.108868752295891,-0.108868752295891,NA,NA,NA,NA,NA,NA,NA,NA,NA,NA,NA
Agalychnis_callidryas,1,NA,NA,NA,NA,NA,NA,NA,NA,NA,NA,NA,NA,NA,NA,NA,NA,NA,NA,NA,NA,NA,NA,NA,NA,NA,NA,NA,0.494511701140444,0.403372973144053,0.18039576838997,-0.121493787956557,-0.328284821718512,-0.29365907720587,-0.0611404190555794,0.173919613708552,0.455005828614897,-0.247743661624063,NA,NA,NA,NA,NA,NA,NA,NA,NA,NA,NA
Anaxyrus_americanus,1,NA,NA,NA,NA,NA,NA,NA,NA,NA,NA,NA,NA,NA,NA,NA,NA,NA,NA,NA,NA,NA,NA,NA,NA,NA,NA,NA,NA,-0.134698573897456,NA,NA,NA,NA,NA,NA,NA,NA,NA,NA,NA,NA,NA,NA,NA,NA,NA,NA,NA
Leptodactylus_albilabris,1,NA,NA,NA,NA,NA,NA,NA,NA,NA,NA,NA,NA,NA,NA,NA,NA,NA,NA,NA,NA,NA,NA,NA,NA,NA,NA,NA,NA,-0.17846123882622,NA,NA,NA,NA,NA,NA,NA,NA,NA,NA,NA,NA,NA,NA,NA,NA,NA,NA,NA
Eleutherodactylus_wightmanae,1,NA,NA,NA,NA,NA,NA,NA,NA,NA,NA,NA,NA,NA,NA,NA,NA,NA,NA,NA,NA,NA,NA,NA,NA,NA,NA,NA,NA,0.0162049796622653,NA,NA,NA,NA,NA,NA,NA,NA,NA,NA,NA,NA,NA,NA,NA,NA,NA,NA,NA
Eleutherodactylus_brittoni,1,NA,NA,NA,NA,NA,NA,NA,NA,NA,NA,NA,NA,NA,NA,NA,NA,NA,NA,NA,NA,NA,NA,NA,NA,NA,NA,NA,NA,-0.315483482469064,NA,NA,NA,NA,NA,NA,NA,NA,NA,NA,NA,NA,NA,NA,NA,NA,NA,NA,NA
Eleutherodactylus_richmondi,1,NA,NA,NA,NA,NA,NA,NA,NA,NA,NA,NA,NA,NA,NA,NA,NA,NA,NA,NA,NA,NA,NA,NA,NA,NA,NA,NA,NA,-0.826074802700826,NA,NA,NA,NA,NA,NA,NA,NA,NA,NA,NA,NA,NA,NA,NA,NA,NA,NA,NA
Eleutherodactylus_antillensis,1,NA,NA,NA,NA,NA,NA,NA,NA,NA,NA,NA,NA,NA,NA,NA,NA,NA,NA,NA,NA,NA,NA,NA,NA,NA,NA,NA,NA,-0.720159303405957,NA,NA,NA,NA,NA,NA,NA,NA,NA,NA,NA,NA,NA,NA,NA,NA,NA,NA,NA
Hemisus_marmoratus,1,NA,NA,NA,NA,NA,NA,NA,NA,NA,NA,NA,NA,NA,NA,NA,NA,NA,NA,NA,NA,NA,NA,NA,NA,NA,NA,NA,NA,-0.297503904722453,0.0721002008890537,0.0996774883476852,NA,NA,NA,NA,NA,NA,NA,NA,NA,NA,NA,NA,NA,NA,NA,NA,NA
Triprion_petasatus,1,NA,NA,NA,NA,NA,NA,NA,NA,NA,NA,NA,NA,NA,NA,NA,NA,NA,NA,NA,NA,NA,NA,NA,NA,NA,NA,NA,NA,0.083546051450075,-0.602059991327962,0.349485002168009,0.349485002168009,-0.698970004336019,0.150514997831991,0.150514997831991,0.301029995663981,0.301029995663981,NA,NA,NA,NA,NA,NA,NA,NA,NA,NA,NA
Trachycephalus_typhonius,1,NA,NA,NA,NA,NA,NA,NA,NA,NA,NA,NA,NA,NA,NA,NA,NA,NA,NA,NA,NA,NA,NA,NA,NA,NA,NA,NA,NA,-0.0260557723518364,-0.0260557723520135,0.0647872388622163,0.0647872388620899,0.0647872388620021,0.0647872388619865,0.0647872388620376,-0.0260557723525076,-0.026055772352414,NA,NA,NA,NA,NA,NA,NA,NA,NA,NA,NA
Leptodactylus_fallax,1,NA,NA,NA,NA,NA,NA,NA,NA,NA,NA,NA,NA,NA,NA,NA,NA,NA,NA,NA,NA,NA,NA,NA,NA,NA,NA,NA,NA,NA,0.168261618875279,-0.0961307933386809,0.215177173490468,-0.246250493293502,-0.328046550585241,-0.204949640523804,-0.46932181185073,-0.17824586230099,-0.35649172460198,-0.35649172460198,-0.35649172460198,-0.35649172460198,0,NA,NA,NA,NA,NA,NA
Leiopelma_hamiltoni,1,NA,NA,NA,NA,NA,NA,NA,NA,NA,NA,NA,NA,NA,NA,NA,NA,NA,NA,NA,NA,NA,NA,NA,NA,NA,NA,NA,NA,NA,0.144137279054761,-0.0991349032270752,0.368953217229573,-0.404564847160751,NA,NA,NA,NA,NA,NA,NA,NA,NA,NA,NA,NA,NA,NA,NA
Gastrophryne_elegans,1,NA,NA,NA,NA,NA,NA,NA,NA,NA,NA,NA,NA,NA,NA,NA,NA,NA,NA,NA,NA,NA,NA,NA,NA,NA,NA,NA,NA,NA,0,0.698970004336019,-0.397940008672038,0.314002684340771,0.314002684340771,0.314002684340771,-0.544068044350276,NA,NA,NA,NA,NA,NA,NA,NA,NA,NA,NA,NA
Elachistocleis_ovalis,1,NA,NA,NA,NA,NA,NA,NA,NA,NA,NA,NA,NA,NA,NA,NA,NA,NA,NA,NA,NA,NA,NA,NA,NA,NA,NA,NA,NA,NA,NA,-0.301029995663981,NA,NA,NA,NA,NA,NA,NA,NA,NA,NA,NA,NA,NA,NA,NA,NA,NA
Pristimantis_inusitatus,1,NA,NA,NA,NA,NA,NA,NA,NA,NA,NA,NA,NA,NA,NA,NA,NA,NA,NA,NA,NA,NA,NA,NA,NA,NA,NA,NA,NA,NA,NA,NA,NA,0.770035393249555,-0.192508848312389,-0.192508848312389,-0.192508848312389,-0.192508848312389,0,0,NA,NA,NA,NA,NA,NA,NA,NA,NA
Pristimantis_eriphus,1,NA,NA,NA,NA,NA,NA,NA,NA,NA,NA,NA,NA,NA,NA,NA,NA,NA,NA,NA,NA,NA,NA,NA,NA,NA,NA,NA,NA,NA,NA,NA,NA,0.303133034114184,-0.229507889832339,-0.229507889832339,-0.229507889832339,-0.229507889832339,0.0246089453634795,0.0246089453634795,NA,NA,NA,NA,NA,NA,NA,NA,NA
Pristimantis_petersi,1,NA,NA,NA,NA,NA,NA,NA,NA,NA,NA,NA,NA,NA,NA,NA,NA,NA,NA,NA,NA,NA,NA,NA,NA,NA,NA,NA,NA,NA,NA,NA,NA,1,0.014958805117594,0.0149588051175937,0.014958805117594,0.0149588051175937,-0.429098302019389,-0.429098302019389,NA,NA,NA,NA,NA,NA,NA,NA,NA
Pristimantis_bicantus,1,NA,NA,NA,NA,NA,NA,NA,NA,NA,NA,NA,NA,NA,NA,NA,NA,NA,NA,NA,NA,NA,NA,NA,NA,NA,NA,NA,NA,NA,NA,NA,NA,-0.197083681649943,-0.473673636265283,-0.473673636265283,-0.473673636265283,-0.473673636265283,0,0,NA,NA,NA,NA,NA,NA,NA,NA,NA
Strabomantis_bufoniformis,1,NA,NA,NA,NA,NA,NA,NA,NA,NA,NA,NA,NA,NA,NA,NA,NA,NA,NA,NA,NA,NA,NA,NA,NA,NA,NA,NA,NA,NA,NA,NA,NA,NA,-0.400864274756529,-0.400864274756529,-0.400864274756529,-0.400864274756529,-0.400864274756529,NA,NA,NA,NA,NA,NA,NA,NA,NA,NA
Pristimantis_ridens,1,NA,NA,NA,NA,NA,NA,NA,NA,NA,NA,NA,NA,NA,NA,NA,NA,NA,NA,NA,NA,NA,NA,NA,NA,NA,NA,NA,NA,NA,NA,NA,NA,NA,-0.400864274756529,-0.400864274756529,-0.400864274756529,-0.400864274756529,-0.400864274756528,NA,NA,NA,NA,NA,NA,NA,NA,NA,NA
Pristimantis_pardalis,1,NA,NA,NA,NA,NA,NA,NA,NA,NA,NA,NA,NA,NA,NA,NA,NA,NA,NA,NA,NA,NA,NA,NA,NA,NA,NA,NA,NA,NA,NA,NA,NA,NA,0.0669700062188261,0.0669700062188259,0.0669700062188261,0.0669700062188259,0.0669700062188261,NA,NA,NA,NA,NA,NA,NA,NA,NA,NA
Pristimantis_museosus,1,NA,NA,NA,NA,NA,NA,NA,NA,NA,NA,NA,NA,NA,NA,NA,NA,NA,NA,NA,NA,NA,NA,NA,NA,NA,NA,NA,NA,NA,NA,NA,NA,NA,0.0080482437556495,0.0080482437556495,0.00804824375564928,0.00804824375564972,0.0080482437556495,NA,NA,NA,NA,NA,NA,NA,NA,NA,NA
Pristimantis_gaigei,1,NA,NA,NA,NA,NA,NA,NA,NA,NA,NA,NA,NA,NA,NA,NA,NA,NA,NA,NA,NA,NA,NA,NA,NA,NA,NA,NA,NA,NA,NA,NA,NA,NA,-0.400864274756529,-0.400864274756529,-0.400864274756529,-0.400864274756529,-0.400864274756528,NA,NA,NA,NA,NA,NA,NA,NA,NA,NA
Pristimantis_cruentus,1,NA,NA,NA,NA,NA,NA,NA,NA,NA,NA,NA,NA,NA,NA,NA,NA,NA,NA,NA,NA,NA,NA,NA,NA,NA,NA,NA,NA,NA,NA,NA,NA,NA,-0.0364537947479052,-0.0364537947479052,-0.0364537947479052,-0.0364537947479052,-0.0364537947479051,NA,NA,NA,NA,NA,NA,NA,NA,NA,NA
Pristimantis_cerasinus,1,NA,NA,NA,NA,NA,NA,NA,NA,NA,NA,NA,NA,NA,NA,NA,NA,NA,NA,NA,NA,NA,NA,NA,NA,NA,NA,NA,NA,NA,NA,NA,NA,NA,-0.0661503754567341,-0.0661503754567339,-0.0661503754567339,-0.0661503754567341,-0.0661503754567339,NA,NA,NA,NA,NA,NA,NA,NA,NA,NA
Oophaga_vicentei,1,NA,NA,NA,NA,NA,NA,NA,NA,NA,NA,NA,NA,NA,NA,NA,NA,NA,NA,NA,NA,NA,NA,NA,NA,NA,NA,NA,NA,NA,NA,NA,NA,NA,0.271419557405353,0.271419557405353,0.271419557405353,0.271419557405353,0.271419557405353,NA,NA,NA,NA,NA,NA,NA,NA,NA,NA
Oedipina_parvipes,1,NA,NA,NA,NA,NA,NA,NA,NA,NA,NA,NA,NA,NA,NA,NA,NA,NA,NA,NA,NA,NA,NA,NA,NA,NA,NA,NA,NA,NA,NA,NA,NA,NA,-0.400864274756529,-0.400864274756529,-0.400864274756529,-0.400864274756529,-0.400864274756528,NA,NA,NA,NA,NA,NA,NA,NA,NA,NA
Oedipina_collaris,1,NA,NA,NA,NA,NA,NA,NA,NA,NA,NA,NA,NA,NA,NA,NA,NA,NA,NA,NA,NA,NA,NA,NA,NA,NA,NA,NA,NA,NA,NA,NA,NA,NA,0.0124295813497692,0.0124295813497688,0.0124295813497688,0.0124295813497688,0.0124295813497692,NA,NA,NA,NA,NA,NA,NA,NA,NA,NA
Diasporus_quidditus,1,NA,NA,NA,NA,NA,NA,NA,NA,NA,NA,NA,NA,NA,NA,NA,NA,NA,NA,NA,NA,NA,NA,NA,NA,NA,NA,NA,NA,NA,NA,NA,NA,NA,0.179922194774594,0.179922194774594,0.179922194774594,0.179922194774594,0.179922194774594,NA,NA,NA,NA,NA,NA,NA,NA,NA,NA
Craugastor_megacephalus,1,NA,NA,NA,NA,NA,NA,NA,NA,NA,NA,NA,NA,NA,NA,NA,NA,NA,NA,NA,NA,NA,NA,NA,NA,NA,NA,NA,NA,NA,NA,NA,NA,NA,-0.400864274756528,-0.400864274756529,-0.400864274756529,-0.400864274756529,-0.400864274756529,NA,NA,NA,NA,NA,NA,NA,NA,NA,NA
Craugastor_gollmeri,1,NA,NA,NA,NA,NA,NA,NA,NA,NA,NA,NA,NA,NA,NA,NA,NA,NA,NA,NA,NA,NA,NA,NA,NA,NA,NA,NA,NA,NA,NA,NA,NA,NA,-0.0429516139910004,-0.0429516139910007,-0.0429516139910004,-0.0429516139910007,-0.0429516139910004,NA,NA,NA,NA,NA,NA,NA,NA,NA,NA
Bolitoglossa_schizodactyla,1,NA,NA,NA,NA,NA,NA,NA,NA,NA,NA,NA,NA,NA,NA,NA,NA,NA,NA,NA,NA,NA,NA,NA,NA,NA,NA,NA,NA,NA,NA,NA,NA,NA,-0.0156061592832384,-0.0156061592832386,-0.0156061592832384,-0.0156061592832384,-0.0156061592832386,NA,NA,NA,NA,NA,NA,NA,NA,NA,NA
Bolitoglossa_colonnea,1,NA,NA,NA,NA,NA,NA,NA,NA,NA,NA,NA,NA,NA,NA,NA,NA,NA,NA,NA,NA,NA,NA,NA,NA,NA,NA,NA,NA,NA,NA,NA,NA,NA,-0.184765894598036,-0.184765894598036,-0.184765894598036,-0.184765894598036,-0.184765894598036,NA,NA,NA,NA,NA,NA,NA,NA,NA,NA
Andinobates_minutus,1,NA,NA,NA,NA,NA,NA,NA,NA,NA,NA,NA,NA,NA,NA,NA,NA,NA,NA,NA,NA,NA,NA,NA,NA,NA,NA,NA,NA,NA,NA,NA,NA,NA,-0.400864274756529,-0.400864274756529,-0.400864274756529,-0.400864274756529,-0.400864274756528,NA,NA,NA,NA,NA,NA,NA,NA,NA,NA
Craugastor_fitzingeri,1,NA,NA,NA,NA,NA,NA,NA,NA,NA,NA,NA,NA,NA,NA,NA,NA,NA,NA,NA,NA,NA,NA,NA,NA,NA,NA,NA,NA,NA,NA,NA,NA,NA,0.0739822570143591,0.0739822570143587,0.0739822570143587,0.0739822570143591,0.0739822570143587,NA,NA,NA,NA,NA,NA,NA,NA,NA,NA
Craugastor_crassidigitus,1,NA,NA,NA,NA,NA,NA,NA,NA,NA,NA,NA,NA,NA,NA,NA,NA,NA,NA,NA,NA,NA,NA,NA,NA,NA,NA,NA,NA,NA,NA,NA,NA,NA,-0.230151287972062,-0.230151287972062,-0.230151287972062,-0.230151287972062,-0.230151287972062,NA,NA,NA,NA,NA,NA,NA,NA,NA,NA
Rhaebo_haematiticus,1,NA,NA,NA,NA,NA,NA,NA,NA,NA,NA,NA,NA,NA,NA,NA,NA,NA,NA,NA,NA,NA,NA,NA,NA,NA,NA,NA,NA,NA,NA,NA,NA,NA,-0.2,-0.2,-0.2,-0.2,-0.2,NA,NA,NA,NA,NA,NA,NA,NA,NA,NA
Incilius_coniferus,1,NA,NA,NA,NA,NA,NA,NA,NA,NA,NA,NA,NA,NA,NA,NA,NA,NA,NA,NA,NA,NA,NA,NA,NA,NA,NA,NA,NA,NA,NA,NA,NA,NA,0.0135925367237522,0.0135925367237524,0.0135925367237522,0.0135925367237524,0.0135925367237522,NA,NA,NA,NA,NA,NA,NA,NA,NA,NA
Allobates_talamancae,1,NA,NA,NA,NA,NA,NA,NA,NA,NA,NA,NA,NA,NA,NA,NA,NA,NA,NA,NA,NA,NA,NA,NA,NA,NA,NA,NA,NA,NA,NA,NA,NA,NA,-0.400864274756529,-0.400864274756529,-0.400864274756529,-0.400864274756529,-0.400864274756528,NA,NA,NA,NA,NA,NA,NA,NA,NA,NA
Plethodon_cinereus,1,NA,NA,NA,NA,NA,NA,NA,NA,NA,NA,NA,NA,NA,NA,NA,NA,NA,NA,NA,NA,NA,NA,NA,NA,NA,NA,NA,NA,NA,NA,NA,NA,NA,-0.0371418080045667,0.0296666949484604,0.030005107646925,-0.0785469651202768,0.0691234832121029,0.153566095197838,0.0209507833047354,0.0231929686123332,0.102318396403745,0.0540883306780179,0.0791319708036688,0.0403225336117015,NA,NA,NA
Rhinella_macrorhina,1,NA,NA,NA,NA,NA,NA,NA,NA,NA,NA,NA,NA,NA,NA,NA,NA,NA,NA,NA,NA,NA,NA,NA,NA,NA,NA,NA,NA,NA,NA,NA,NA,NA,NA,NA,-0.639075625191822,NA,NA,NA,NA,NA,NA,NA,NA,NA,NA,NA,NA
Physalaemus_biligonigerus,1,NA,NA,NA,NA,NA,NA,NA,NA,NA,NA,NA,NA,NA,NA,NA,NA,NA,NA,NA,NA,NA,NA,NA,NA,NA,NA,NA,NA,NA,NA,NA,NA,NA,NA,NA,NA,NA,-0.154962266100884,0.306939584650792,NA,NA,NA,NA,NA,NA,NA,NA,NA
Leptodactylus_latinasus,1,NA,NA,NA,NA,NA,NA,NA,NA,NA,NA,NA,NA,NA,NA,NA,NA,NA,NA,NA,NA,NA,NA,NA,NA,NA,NA,NA,NA,NA,NA,NA,NA,NA,NA,NA,NA,NA,-0.300517214728023,-0.452269625465926,NA,NA,NA,NA,NA,NA,NA,NA,NA
Pleurodema_borellii,1,NA,NA,NA,NA,NA,NA,NA,NA,NA,NA,NA,NA,NA,NA,NA,NA,NA,NA,NA,NA,NA,NA,NA,NA,NA,NA,NA,NA,NA,NA,NA,NA,NA,NA,NA,NA,NA,-0.0936088698585647,-0.288433808700848,NA,NA,NA,NA,NA,NA,NA,NA,NA
Odontophrynus_americanus,1,NA,NA,NA,NA,NA,NA,NA,NA,NA,NA,NA,NA,NA,NA,NA,NA,NA,NA,NA,NA,NA,NA,NA,NA,NA,NA,NA,NA,NA,NA,NA,NA,NA,NA,NA,NA,NA,-0.238560627359831,-0.5,NA,NA,NA,NA,NA,NA,NA,NA,NA
Oreobates_discoidalis,1,NA,NA,NA,NA,NA,NA,NA,NA,NA,NA,NA,NA,NA,NA,NA,NA,NA,NA,NA,NA,NA,NA,NA,NA,NA,NA,NA,NA,NA,NA,NA,NA,NA,NA,NA,NA,NA,-0.0484550065040282,-0.150514997831991,NA,NA,NA,NA,NA,NA,NA,NA,NA
Rhinella_arenarum,1,NA,NA,NA,NA,NA,NA,NA,NA,NA,NA,NA,NA,NA,NA,NA,NA,NA,NA,NA,NA,NA,NA,NA,NA,NA,NA,NA,NA,NA,NA,NA,NA,NA,NA,NA,NA,NA,-0.137682836316735,-0.114492976863161,NA,NA,NA,NA,NA,NA,NA,NA,NA
Ameerega_planipaleae,1,NA,NA,NA,NA,NA,NA,NA,NA,NA,NA,NA,NA,NA,NA,NA,NA,NA,NA,NA,NA,NA,NA,NA,NA,NA,NA,NA,NA,NA,NA,NA,NA,NA,NA,NA,NA,NA,NA,0.0339766935714981,0.0339766935714981,0.0339766935714981,0.0339766935714981,0.033976693571498,0.0339766935714981,0.0339766935714981,NA,NA,NA
Rhinella_icterica,1,NA,NA,NA,NA,NA,NA,NA,NA,NA,NA,NA,NA,NA,NA,NA,NA,NA,NA,NA,NA,NA,NA,NA,NA,NA,NA,NA,NA,NA,NA,NA,NA,NA,NA,NA,NA,NA,NA,-0.154901959985743,NA,NA,NA,NA,NA,NA,NA,-0.602059991327962,NA
Physalaemus_gracilis,1,NA,NA,NA,NA,NA,NA,NA,NA,NA,NA,NA,NA,NA,NA,NA,NA,NA,NA,NA,NA,NA,NA,NA,NA,NA,NA,NA,NA,NA,NA,NA,NA,NA,NA,NA,NA,NA,NA,0,NA,NA,NA,NA,NA,NA,NA,-0.564271430438563,NA
Rhinella_henseli,1,NA,NA,NA,NA,NA,NA,NA,NA,NA,NA,NA,NA,NA,NA,NA,NA,NA,NA,NA,NA,NA,NA,NA,NA,NA,NA,NA,NA,NA,NA,NA,NA,NA,NA,NA,NA,NA,NA,-0.477121254719662,NA,NA,NA,NA,NA,NA,NA,NA,0.352182518111362
Proceratophrys_bigibbosa,1,NA,NA,NA,NA,NA,NA,NA,NA,NA,NA,NA,NA,NA,NA,NA,NA,NA,NA,NA,NA,NA,NA,NA,NA,NA,NA,NA,NA,NA,NA,NA,NA,NA,NA,NA,NA,NA,NA,-0.159700842867512,NA,NA,NA,NA,NA,NA,NA,NA,NA
Melanophryniscus_devincenzii,1,NA,NA,NA,NA,NA,NA,NA,NA,NA,NA,NA,NA,NA,NA,NA,NA,NA,NA,NA,NA,NA,NA,NA,NA,NA,NA,NA,NA,NA,NA,NA,NA,NA,NA,NA,NA,NA,NA,0,NA,NA,NA,NA,NA,NA,NA,NA,NA
Leptodactylus_plaumanni,1,NA,NA,NA,NA,NA,NA,NA,NA,NA,NA,NA,NA,NA,NA,NA,NA,NA,NA,NA,NA,NA,NA,NA,NA,NA,NA,NA,NA,NA,NA,NA,NA,NA,NA,NA,NA,NA,NA,0,NA,NA,NA,NA,NA,NA,NA,NA,NA
Ischnocnema_henselii,1,NA,NA,NA,NA,NA,NA,NA,NA,NA,NA,NA,NA,NA,NA,NA,NA,NA,NA,NA,NA,NA,NA,NA,NA,NA,NA,NA,NA,NA,NA,NA,NA,NA,NA,NA,NA,NA,NA,-0.131278914639319,NA,NA,NA,NA,NA,NA,NA,NA,NA
Guibemantis_liber,1,NA,NA,NA,NA,NA,NA,NA,NA,NA,NA,NA,NA,NA,NA,NA,NA,NA,NA,NA,NA,NA,NA,NA,NA,NA,NA,NA,NA,NA,NA,NA,NA,NA,NA,NA,NA,NA,NA,NA,0.523601966899434,-0.505487331871056,0.0276428555322974,0.0113307446966644,0.0113307446966642,0.0113307446966646,0.0113307446966642,-0.204380898543558,NA
Boophis_luteus,1,NA,NA,NA,NA,NA,NA,NA,NA,NA,NA,NA,NA,NA,NA,NA,NA,NA,NA,NA,NA,NA,NA,NA,NA,NA,NA,NA,NA,NA,NA,NA,NA,NA,NA,NA,NA,NA,NA,NA,-0.025489584358432,-0.0254895843578475,-0.0254895843568996,-0.0254895843560125,-0.0254895843554916,-0.0254895843553387,-0.0254895843553489,NA,NA
Blommersia_grandisonae,1,NA,NA,NA,NA,NA,NA,NA,NA,NA,NA,NA,NA,NA,NA,NA,NA,NA,NA,NA,NA,NA,NA,NA,NA,NA,NA,NA,NA,NA,NA,NA,NA,NA,NA,NA,NA,NA,NA,NA,-0.106589447266111,-0.106589447267034,-0.106589447268617,-0.106589447270215,-0.10658944727123,-0.106589447271488,-0.10658944727127,-0.106589447271027,NA
Mantidactylus_melanopleura,1,NA,NA,NA,NA,NA,NA,NA,NA,NA,NA,NA,NA,NA,NA,NA,NA,NA,NA,NA,NA,NA,NA,NA,NA,NA,NA,NA,NA,NA,NA,NA,NA,NA,NA,NA,NA,NA,NA,NA,0.0165744568457326,0.0165744568459989,0.016574456846424,0.0165744568467766,0.0165744568468643,0.0165744568466722,0.0165744568463652,0.0165744568461575,NA
Anodonthyla_boulengerii,1,NA,NA,NA,NA,NA,NA,NA,NA,NA,NA,NA,NA,NA,NA,NA,NA,NA,NA,NA,NA,NA,NA,NA,NA,NA,NA,NA,NA,NA,NA,NA,NA,NA,NA,NA,NA,NA,NA,NA,-0.00975151941649344,-0.0097515194163991,-0.00975151941627658,-0.00975151941624874,-0.0097515194164014,-0.00975151941670865,-0.00975151941703634,-0.00975151941723329,NA
Boophis_marojezensis,1,NA,NA,NA,NA,NA,NA,NA,NA,NA,NA,NA,NA,NA,NA,NA,NA,NA,NA,NA,NA,NA,NA,NA,NA,NA,NA,NA,NA,NA,NA,NA,NA,NA,NA,NA,NA,NA,NA,NA,-0.123848411518539,-0.108583918644514,-0.078947951576321,-0.0406852484787311,-0.00152741745825169,0.0318189039194977,0.0548497053851386,0.0658398572897834,NA
Boophis_popi,1,NA,NA,NA,NA,NA,NA,NA,NA,NA,NA,NA,NA,NA,NA,NA,NA,NA,NA,NA,NA,NA,NA,NA,NA,NA,NA,NA,NA,NA,NA,NA,NA,NA,NA,NA,NA,NA,NA,NA,0.260601338608373,-0.54274599011198,NA,NA,NA,NA,NA,NA,NA
Gephyromantis_moseri,1,NA,NA,NA,NA,NA,NA,NA,NA,NA,NA,NA,NA,NA,NA,NA,NA,NA,NA,NA,NA,NA,NA,NA,NA,NA,NA,NA,NA,NA,NA,NA,NA,NA,NA,NA,NA,NA,NA,NA,0.0831839885012986,0.169155995719145,0.169155995719145,0.169155995719145,-0.2497857531557,-0.2497857531557,NA,NA,NA
Cophyla_tuberifera,1,NA,NA,NA,NA,NA,NA,NA,NA,NA,NA,NA,NA,NA,NA,NA,NA,NA,NA,NA,NA,NA,NA,NA,NA,NA,NA,NA,NA,NA,NA,NA,NA,NA,NA,NA,NA,NA,NA,NA,-0.301408300985727,-0.309244299357953,NA,NA,-0.2497857531557,-0.2497857531557,NA,NA,NA
Cophyla_barbouri,1,NA,NA,NA,NA,NA,NA,NA,NA,NA,NA,NA,NA,NA,NA,NA,NA,NA,NA,NA,NA,NA,NA,NA,NA,NA,NA,NA,NA,NA,NA,NA,NA,NA,NA,NA,NA,NA,NA,NA,0.046212711873887,-0.153219111838961,-0.0235953688358166,-0.358195501893886,0.459426888684585,0.171211340411103,0.171211340411103,0.0511959540671888,NA
Boophis_albilabris,1,NA,NA,NA,NA,NA,NA,NA,NA,NA,NA,NA,NA,NA,NA,NA,NA,NA,NA,NA,NA,NA,NA,NA,NA,NA,NA,NA,NA,NA,NA,NA,NA,NA,NA,NA,NA,NA,NA,NA,-0.0652212167934354,-0.065221216793595,-0.0652212167937679,-0.0652212167936987,-0.065221216793221,-0.0652212167924158,-0.0652212167916004,-0.0652212167911204,NA
Boophis_bottae,1,NA,NA,NA,NA,NA,NA,NA,NA,NA,NA,NA,NA,NA,NA,NA,NA,NA,NA,NA,NA,NA,NA,NA,NA,NA,NA,NA,NA,NA,NA,NA,NA,NA,NA,NA,NA,NA,NA,NA,0.0566604674631702,0.0566604674632428,0.0566604674629051,0.0566604674614478,0.0566604674585343,0.0566604674546634,0.0566604674510826,0.0566604674490567,NA
Mantidactylus_betsileanus,1,NA,NA,NA,NA,NA,NA,NA,NA,NA,NA,NA,NA,NA,NA,NA,NA,NA,NA,NA,NA,NA,NA,NA,NA,NA,NA,NA,NA,NA,NA,NA,NA,NA,NA,NA,NA,NA,NA,NA,-0.0360081277584012,-0.0637519626332902,-0.103004328380868,-0.122520496934338,-0.0990791296171082,-0.0366950748143463,0.0340856221619811,0.0775464861981201,NA
Mantidactylus_biporus,1,NA,NA,NA,NA,NA,NA,NA,NA,NA,NA,NA,NA,NA,NA,NA,NA,NA,NA,NA,NA,NA,NA,NA,NA,NA,NA,NA,NA,NA,NA,NA,NA,NA,NA,NA,NA,NA,NA,NA,-0.00497940057703401,-0.00497940057718048,-0.00497940057739128,-0.0049794005775068,-0.00497940057740663,-0.00497940057710804,-0.00497940057676254,-0.00497940057654896,NA
Boophis_rufioculis,1,NA,NA,NA,NA,NA,NA,NA,NA,NA,NA,NA,NA,NA,NA,NA,NA,NA,NA,NA,NA,NA,NA,NA,NA,NA,NA,NA,NA,NA,NA,NA,NA,NA,NA,NA,NA,NA,NA,NA,-0.0381869636895894,-0.0381869636887272,-0.0381869636872556,-0.0381869636857876,-0.0381869636848864,-0.0381869636847068,-0.0381869636849666,-0.0381869636852246,NA
Stumpffia_pardus,1,NA,NA,NA,NA,NA,NA,NA,NA,NA,NA,NA,NA,NA,NA,NA,NA,NA,NA,NA,NA,NA,NA,NA,NA,NA,NA,NA,NA,NA,NA,NA,NA,NA,NA,NA,NA,NA,NA,NA,-0.216519916111289,NA,NA,NA,NA,NA,NA,NA,NA
Cophyla_karenae,1,NA,NA,NA,NA,NA,NA,NA,NA,NA,NA,NA,NA,NA,NA,NA,NA,NA,NA,NA,NA,NA,NA,NA,NA,NA,NA,NA,NA,NA,NA,NA,NA,NA,NA,NA,NA,NA,NA,NA,-0.0511204718754275,0.0126165949627538,0.106872118034154,0.165674175976828,0.138235169822126,0.0292546313021353,-0.10190599474068,-0.18404043806518,NA
Blommersia_angolafa,1,NA,NA,NA,NA,NA,NA,NA,NA,NA,NA,NA,NA,NA,NA,NA,NA,NA,NA,NA,NA,NA,NA,NA,NA,NA,NA,NA,NA,NA,NA,NA,NA,NA,NA,NA,NA,NA,NA,NA,0.436398260491213,0.183969171409649,-0.315887723785046,-0.315887723785046,0.0614868800125472,NA,NA,NA,NA
Plethodontohyla_notosticta,1,NA,NA,NA,NA,NA,NA,NA,NA,NA,NA,NA,NA,NA,NA,NA,NA,NA,NA,NA,NA,NA,NA,NA,NA,NA,NA,NA,NA,NA,NA,NA,NA,NA,NA,NA,NA,NA,NA,NA,0.0714585266385601,0.0714585266383339,0.0714585266379533,0.0714585266375872,0.0714585266373868,0.0714585266373863,0.0714585266374972,0.071458526637589,NA
Cophyla_grandis,1,NA,NA,NA,NA,NA,NA,NA,NA,NA,NA,NA,NA,NA,NA,NA,NA,NA,NA,NA,NA,NA,NA,NA,NA,NA,NA,NA,NA,NA,NA,NA,NA,NA,NA,NA,NA,NA,NA,NA,0.24537383270615,-0.414608087661732,0.0385789059335518,-0.0207180583890164,-0.0207180583890162,-0.0379188818151799,0.146239741722984,0.293235118451034,NA
Stumpffia_jeannoeli,1,NA,NA,NA,NA,NA,NA,NA,NA,NA,NA,NA,NA,NA,NA,NA,NA,NA,NA,NA,NA,NA,NA,NA,NA,NA,NA,NA,NA,NA,NA,NA,NA,NA,NA,NA,NA,NA,NA,NA,-0.21855693915602,-0.345098040014257,-0.345098040014257,0.590206316419162,0.590206316419162,-0.958998394995985,0.301029995663981,NA,NA
Gephyromantis_redimitus,1,NA,NA,NA,NA,NA,NA,NA,NA,NA,NA,NA,NA,NA,NA,NA,NA,NA,NA,NA,NA,NA,NA,NA,NA,NA,NA,NA,NA,NA,NA,NA,NA,NA,NA,NA,NA,NA,NA,NA,0.00210365269916735,0.00210365269950652,0.00210365270036839,0.00210365270191515,0.00210365270410207,0.0021036527065551,0.00210365270863444,0.00210365270976187,NA
Mantidactylus_lugubris,1,NA,NA,NA,NA,NA,NA,NA,NA,NA,NA,NA,NA,NA,NA,NA,NA,NA,NA,NA,NA,NA,NA,NA,NA,NA,NA,NA,NA,NA,NA,NA,NA,NA,NA,NA,NA,NA,NA,NA,0.0382213039740751,0.0382213039739232,0.0382213039736527,0.0382213039733559,0.0382213039731246,0.0382213039729987,0.0382213039729582,0.0382213039729551,NA
Boophis_madagascariensis,1,NA,NA,NA,NA,NA,NA,NA,NA,NA,NA,NA,NA,NA,NA,NA,NA,NA,NA,NA,NA,NA,NA,NA,NA,NA,NA,NA,NA,NA,NA,NA,NA,NA,NA,NA,NA,NA,NA,NA,-0.0616466386046707,-0.0616466386040564,-0.0616466386028086,-0.0616466386010813,-0.0616466385991511,-0.0616466385973487,-0.0616466385960003,-0.0616466385953207,NA
Physalaemus_cuvieri,1,NA,NA,NA,NA,NA,NA,NA,NA,NA,NA,NA,NA,NA,NA,NA,NA,NA,NA,NA,NA,NA,NA,NA,NA,NA,NA,NA,NA,NA,NA,NA,NA,NA,NA,NA,NA,NA,NA,NA,-0.301029995663981,NA,NA,NA,NA,NA,NA,-0.1249387366083,NA
Leptodactylus_mystacinus,1,NA,NA,NA,NA,NA,NA,NA,NA,NA,NA,NA,NA,NA,NA,NA,NA,NA,NA,NA,NA,NA,NA,NA,NA,NA,NA,NA,NA,NA,NA,NA,NA,NA,NA,NA,NA,NA,NA,NA,0,NA,NA,NA,NA,NA,NA,NA,NA
Physalaemus_feioi,1,NA,NA,NA,NA,NA,NA,NA,NA,NA,NA,NA,NA,NA,NA,NA,NA,NA,NA,NA,NA,NA,NA,NA,NA,NA,NA,NA,NA,NA,NA,NA,NA,NA,NA,NA,NA,NA,NA,NA,-0.230448921378274,NA,NA,NA,NA,NA,NA,NA,NA
Boophis_albipunctatus,1,NA,NA,NA,NA,NA,NA,NA,NA,NA,NA,NA,NA,NA,NA,NA,NA,NA,NA,NA,NA,NA,NA,NA,NA,NA,NA,NA,NA,NA,NA,NA,NA,NA,NA,NA,NA,NA,NA,NA,NA,-0.162775506909072,-0.0456128322690053,-0.0456128322690053,-0.0456128322690053,-0.0456128322690053,-0.0456128322690053,0.0966490971204228,NA
Stumpffia_betampona,1,NA,NA,NA,NA,NA,NA,NA,NA,NA,NA,NA,NA,NA,NA,NA,NA,NA,NA,NA,NA,NA,NA,NA,NA,NA,NA,NA,NA,NA,NA,NA,NA,NA,NA,NA,NA,NA,NA,NA,NA,0.110223097051306,0.101343367772483,-0.182104242838204,-0.2497857531557,-0.2497857531557,0.301029995663981,0.398200767900468,NA
Plethodontohyla_laevis,1,NA,NA,NA,NA,NA,NA,NA,NA,NA,NA,NA,NA,NA,NA,NA,NA,NA,NA,NA,NA,NA,NA,NA,NA,NA,NA,NA,NA,NA,NA,NA,NA,NA,NA,NA,NA,NA,NA,NA,NA,0.0444211956300118,0.0444211956300118,0.391236312083143,0.391236312083143,-0.0417513099151336,NA,NA,NA
Proceratophrys_mantiqueira,1,NA,NA,NA,NA,NA,NA,NA,NA,NA,NA,NA,NA,NA,NA,NA,NA,NA,NA,NA,NA,NA,NA,NA,NA,NA,NA,NA,NA,NA,NA,NA,NA,NA,NA,NA,NA,NA,NA,NA,NA,-0.0969100130080565,NA,NA,NA,NA,NA,NA,NA
Boophis_pyrrhus,1,NA,NA,NA,NA,NA,NA,NA,NA,NA,NA,NA,NA,NA,NA,NA,NA,NA,NA,NA,NA,NA,NA,NA,NA,NA,NA,NA,NA,NA,NA,NA,NA,NA,NA,NA,NA,NA,NA,NA,NA,NA,0.629960054141632,0.035634081706628,0.0356340817066279,NA,NA,NA,NA
Boophis_roseipalmatus,1,NA,NA,NA,NA,NA,NA,NA,NA,NA,NA,NA,NA,NA,NA,NA,NA,NA,NA,NA,NA,NA,NA,NA,NA,NA,NA,NA,NA,NA,NA,NA,NA,NA,NA,NA,NA,NA,NA,NA,NA,NA,NA,NA,NA,0.0414361167780326,0.380211241711606,0.00299352943704158,NA
Adenomera_araucaria,1,NA,NA,NA,NA,NA,NA,NA,NA,NA,NA,NA,NA,NA,NA,NA,NA,NA,NA,NA,NA,NA,NA,NA,NA,NA,NA,NA,NA,NA,NA,NA,NA,NA,NA,NA,NA,NA,NA,NA,NA,NA,NA,NA,NA,NA,NA,0.301029995663981,NA
