Species,1976,1977,1978,1979,1980,1981,1982,1983,1984,1985,1986,1987,1988,1989,1990,1991,1992,1993,1994,1995,1996,1997,1998,1999,2000,2001,2002,2003,2004,2005,2006,2007,2008,2009,2010,2011,2012,2013,2014,2015,2016,2017,2018
Uta_stansburiana,1,NA,NA,NA,NA,NA,NA,NA,NA,NA,NA,NA,NA,NA,-0.469729764032726,-0.214652321792702,-1,1,0.212150309723486,NA,NA,NA,NA,NA,NA,NA,NA,NA,NA,NA,NA,NA,NA,NA,0.173888347548155,NA,NA,NA,NA,NA,NA,NA,NA
Clemmys_guttata,1,NA,NA,NA,NA,NA,NA,NA,NA,NA,NA,NA,NA,NA,NA,NA,NA,NA,NA,NA,NA,NA,NA,NA,0.104507916266128,0.094135820108294,0.0689714098929766,0.0165521736772365,0.0188341946414643,0.00146078039434183,-0.00187510637021449,0.00767252226235726,0.0224111046448581,0.0324478082496786,NA,NA,NA,NA,NA,NA,NA,NA,NA
Atelopus_ignescens,1,-0.0607370113267469,-0.0607370113267467,-0.0607370113267467,-0.0607370113267467,-0.0607370113267467,-0.083113804973443,-0.0831138049734429,-0.0831138049734429,-0.0831138049734428,-0.083113804973443,-0.0831138049734428,-0.0831138049734429,-0.0831138049734429,-0.083113804973443,-0.0831138049734429,-0.083113804973443,-0.0831138049734428,-0.0831138049734429,-0.0831138049734429,-0.0831138049734428,-0.083113804973443,-0.0831138049734432,-0.0831138049734428,-0.0831138049734428,NA,NA,NA,NA,NA,NA,NA,NA,NA,NA,NA,NA,NA,NA,NA,NA,NA,NA
Cyclura_pinguis,1,-0.0326605885715619,-0.032660588571562,-0.0326605885715621,-0.032660588571562,-0.032660588571562,-0.032660588571562,-0.032660588571562,-0.0326605885715619,-0.032660588571562,-0.0326605885715621,-0.0326605885715618,-0.032660588571562,-0.032660588571562,-0.0326605885715621,-0.032660588571562,NA,NA,NA,NA,NA,NA,NA,NA,NA,NA,NA,NA,NA,NA,NA,NA,NA,NA,NA,NA,NA,NA,NA,NA,NA,NA,NA
Chiropterotriton_dimidiatus,1,0.0680599000044827,0.0680599000044825,0.0680599000044827,0.320479644965386,0.320479644965386,-0.182339614883821,-0.0215607218508411,-0.0215607218508411,-0.0215607218508411,-0.021560721850841,-0.021560721850841,-0.0215607218508411,-0.021560721850841,-0.0215607218508412,-0.021560721850841,-0.021560721850841,-0.0486024913077081,-0.0486024913077081,-0.0486024913077081,-0.0486024913077081,-0.048602491307708,NA,NA,NA,NA,NA,NA,NA,NA,NA,NA,NA,NA,NA,NA,NA,NA,NA,NA,NA,NA,NA
Chiropterotriton_multidentatus,1,-0.187310932277183,-0.187310932277183,-0.187310932277183,-0.265767560920669,-0.265767560920669,0.204179700013448,0.0640959289930772,0.0640959289930772,0.0640959289930771,0.0640959289930773,0.0640959289930772,0.0640959289930772,0.0640959289930772,0.0640959289930773,0.0640959289930771,0.0640959289930773,-0.128191857986154,-0.128191857986154,-0.128191857986154,-0.128191857986154,-0.128191857986154,NA,NA,NA,NA,NA,NA,NA,NA,NA,NA,NA,NA,NA,NA,NA,NA,NA,NA,NA,NA,NA
Anolis_apletophallus,1,-0.00854317719279907,-0.00854317719279019,-0.00854317719277742,-0.00854317719275621,-0.00854317719272424,-0.00854317719268277,-0.00854317719263076,-0.00854317719257136,-0.00854317719250852,-0.00854317719245296,-0.00854317719240866,-0.0085431771923799,-0.00854317719236652,-0.00854317719236319,-0.00854317719236464,-0.00854317719237085,-0.00854317719238012,-0.00854317719239556,-0.00854317719241665,-0.00854317719244291,-0.00854317719247327,-0.00854317719250769,-0.00854317719254555,-0.00854317719258652,-0.00854317719263109,-0.00854317719267816,-0.00854317719272663,-0.00854317719277492,-0.00854317719282038,-0.0085431771928613,-0.00854317719289827,-0.00854317719292763,-0.008543177192947,-0.00854317719295572,NA,NA,NA,NA,NA,NA,NA,NA
Ambystoma_cingulatum,1,-0.0799625600647713,-0.0799625600647712,-0.0799625600647713,-0.0799625600647714,-0.0799625600647712,-0.0799625600647713,-0.0799625600647711,-0.0799625600647714,-0.0799625600647712,-0.129691875063941,-0.129691875063941,-0.129691875063941,-0.129691875063941,-0.129691875063941,NA,NA,NA,NA,NA,NA,NA,NA,NA,NA,NA,NA,NA,NA,NA,NA,NA,NA,NA,NA,NA,NA,NA,NA,NA,NA,NA,NA
Anolis_limifrons,1,0.146941746102333,-0.000801944586263925,-0.0828114864706653,-0.127772736742515,-0.262280051044171,-0.439133710253393,-0.431919079749073,0.0286193564451349,0.277751297400984,0.194260722068228,0.277003452663153,0.0761975164184157,-0.0493248716359849,NA,NA,NA,NA,NA,NA,NA,NA,NA,NA,NA,NA,NA,NA,NA,NA,NA,NA,NA,NA,NA,NA,NA,NA,NA,NA,NA,NA,NA
Pseudoeurycea_nigromaculata,1,0.120696664089201,0.120696664089201,0.120696664089201,0.120696664089201,0.120696664089201,0.120696664089201,-1,0,0,0,0,0,0,0,0,0,0,0,0,0,0,0,0,NA,NA,NA,NA,NA,NA,NA,NA,NA,NA,NA,NA,NA,NA,NA,NA,NA,NA,NA
Parvimolge_townsendi,1,-0.194431747023788,-0.194431747023788,-0.194431747023788,-0.194431747023788,-0.194431747023788,-0.194431747023788,-1,0,0,0,0,0,0,0,0,0,0,0,0,0,0,0,0,NA,NA,NA,NA,NA,NA,NA,NA,NA,NA,NA,NA,NA,NA,NA,NA,NA,NA,NA
Thorius_pennatulus,1,-0.209288070349748,-0.209288070349748,-0.209288070349748,-0.209288070349748,-0.209288070349748,-0.209288070349748,-0.613982038896541,0,0,0,0,0,0,0,0,0,0,0,0,0,0,0,0,NA,NA,NA,NA,NA,NA,NA,NA,NA,NA,NA,NA,NA,NA,NA,NA,NA,NA,NA
Sceloporus_scalaris,1,NA,NA,NA,0.531478917042255,0.427562475278839,0.148168577326775,NA,NA,NA,NA,NA,NA,NA,NA,NA,NA,NA,NA,NA,NA,NA,NA,NA,NA,NA,NA,NA,NA,NA,NA,NA,NA,NA,NA,NA,NA,NA,NA,NA,NA,NA,NA
Craugastor_bransfordii,1,NA,NA,NA,NA,NA,NA,NA,NA,NA,NA,NA,NA,NA,NA,NA,NA,NA,NA,NA,NA,NA,NA,NA,NA,NA,NA,NA,-0.280881210184254,-0.280881210184254,-0.280881210184254,-0.280881210184254,-0.280881210184253,NA,NA,NA,NA,NA,NA,NA,NA,NA,NA
Craugastor_talamancae,1,NA,NA,NA,NA,NA,NA,NA,NA,NA,NA,NA,NA,NA,NA,NA,NA,NA,NA,NA,NA,NA,NA,NA,NA,NA,NA,NA,0.0513624336170047,0.0513624336170048,0.0513624336170047,0.0513624336170048,0.0513624336170047,NA,NA,NA,NA,NA,NA,NA,NA,NA,NA
Hypopachus_pictiventris,1,NA,NA,NA,NA,NA,NA,NA,NA,NA,NA,NA,NA,NA,NA,NA,NA,NA,NA,NA,NA,NA,NA,NA,NA,NA,NA,NA,NA,NA,NA,NA,NA,NA,NA,NA,NA,NA,NA,NA,NA,NA,NA
Oophaga_pumilio,1,NA,NA,NA,NA,NA,NA,NA,NA,NA,NA,NA,NA,NA,NA,NA,NA,NA,NA,NA,NA,NA,NA,NA,NA,NA,NA,NA,NA,NA,NA,NA,NA,NA,NA,NA,NA,NA,NA,NA,NA,NA,NA
Strabomantis_biporcatus,1,NA,NA,NA,NA,NA,NA,NA,NA,NA,NA,NA,NA,NA,NA,NA,NA,NA,NA,NA,NA,NA,NA,NA,NA,NA,NA,NA,NA,NA,NA,NA,NA,NA,NA,NA,NA,NA,NA,NA,NA,NA,NA
Lacerta_agilis,1,0.108828177482461,0.102517879410385,0.0735416231053094,-0.159213075745808,-0.00948078695761834,-0.0236050687152507,0.0708321078697201,-0.0843257869448957,-0.106083128105378,-0.109616353470446,-0.0844128519620054,-0.0465553482882921,-0.0463320443762614,-0.0625073939195569,-0.0852206207022512,-0.0993740911841464,-0.111687274752391,-0.132614495804382,-0.0603973067698811,-0.0421922598264987,-0.00261961133226933,0.0344811743643448,0.0627598345414137,0.0813800696486951,0.0881428953774431,0.0884040058585006,0.0822093113576932,0.0717573303458334,0.085273742416442,0.0637408329838166,0.00784998934986658,-0.0546761730092045,-0.099222575032876,-0.116026334111382,-0.121362348070461,-0.134754401685634,-0.153236707092858,-0.157911104938111,-0.143128863373813,-0.126582648341413,NA,NA
Pseudoeurycea_unguidentis,1,-0.0381526738245988,-0.0381526738245988,-0.0381526738245987,-0.0381526738245989,0,0.0508702317661317,0.0508702317661318,0.0508702317661318,-0.0299934630369564,-0.0299934630369563,-0.0299934630369564,-0.0299934630369564,-0.0299934630369564,-0.0299934630369563,-0.0299934630369564,-0.0299934630369564,-0.0299934630369563,-0.0299934630369564,-0.0299934630369563,-0.0299934630369563,-0.0299934630369564,-0.758065153126427,-0.758065153126427,NA,NA,NA,NA,NA,NA,NA,NA,NA,NA,NA,NA,NA,NA,NA,NA,NA,NA,NA
Pseudoeurycea_smithi,1,0,0,0,0,-0.542049392684234,-0.194131034057428,-0.194131034057428,-0.194131034057428,-0.00990814978650906,-0.00990814978650917,-0.00990814978650906,-0.00990814978650906,-0.00990814978650911,-0.00990814978650911,-0.00990814978650906,-0.00990814978650909,-0.00990814978650909,-0.00990814978650917,-0.00990814978650903,-0.00990814978650909,-0.00990814978650909,-0.355562795051814,-0.355562795051814,NA,NA,NA,NA,NA,NA,NA,NA,NA,NA,NA,NA,NA,NA,NA,NA,NA,NA,NA
Geochelone_gigantea,1,0.000391350532922985,0.000391350532923518,0.000391350532923251,0.000391350532923518,0.000391350532923074,0.000391350532923518,0.000391350532923163,0.000391350532923251,0.00039135053292334,0.000391350532923429,0.000391350532923163,0.000391350532923518,0.000391350532923163,0.000391350532923429,0.000391350532923163,0.000391350532923518,0.00039135053292334,0.000391350532923251,0.000391350532923163,0.000391350532923518,0.000391350532923251,NA,NA,NA,NA,NA,NA,NA,NA,NA,NA,NA,NA,NA,NA,NA,NA,NA,NA,NA,NA,NA
Vipera_berus,1,-0.197066620247321,-0.0196244936903578,0.128415365310136,0.223782403875669,0.266304464566402,0.0307604368854824,0.0404229772955469,0.0367006554655041,0.00778876344483725,-0.024985027772245,-0.032875975808889,-0.0188181511329746,-0.0165915771089051,-0.0508176707797956,-0.108287712231458,-0.15135743432556,-0.149607313963371,-0.0937631528254316,-0.0190956533022156,0.0520733630532411,0.113831167107644,0.13053194367376,0.091617008537322,0.0283667947073132,-0.00925144122612187,0.00191583019141151,0.036910278793522,0.0496018826221529,0.0195132757805262,-0.0326368898406352,-0.0523268666791992,-0.0644922730917091,-0.0652705266356721,-0.0566982885149495,-0.0586282188887446,-0.0489984585182571,-0.0346899811954162,-0.0222350500101489,-0.0157331193619735,-0.0140762493983621,NA,NA
Clemmys_insculpta,1,0.00413307740865387,0.0101468190930818,0.0229422898074989,0.0343326863141842,0.02842936855879,-0.00226078626017934,-0.0434214091830221,-0.0682284480834077,-0.0640766904478576,-0.0474819602839298,-0.0486343142762313,-0.0818598406449595,-0.133800944567092,-0.178797985148463,-0.201265342546353,NA,NA,NA,NA,NA,NA,NA,NA,0.0175204239793953,0.0173977709055602,0.0166330347014068,0.0150176550219658,0.0132507568988025,0.0122549905852112,0.0119611656760243,0.0113027509990555,0.00969041312854424,0.00811805579512992,0.00822527370730342,0.010187877805294,0.0120624948273931,0.0117135480268442,0.00927040376578514,0.00707697627421222,NA,NA,NA
Plethodon_jordani,1,0.0482920824048341,0.0257316665186302,-0.0110451533021869,-0.0434443185953569,-0.0479821869009854,-0.0328835328005652,0.0360956521637239,0.0669014016065146,0.0464309406563495,0.00594895847484977,-0.017410905679752,-0.0133274630770752,0.00370372582560741,0.0159477687722578,NA,NA,NA,NA,NA,NA,NA,NA,NA,NA,NA,NA,NA,NA,NA,NA,NA,NA,NA,NA,NA,NA,NA,NA,NA,NA,NA,NA
Pseudoeurycea_goebeli,1,-0.0633733455023066,-0.0633733455023066,-0.0633733455023065,-0.0633733455023066,-0.0633733455023065,-0.0633733455023066,-0.0633733455023066,-0.0633733455023066,-0.0633733455023065,-0.0633733455023066,-0.0633733455023065,-0.0633733455023065,-0.0633733455023065,-0.0633733455023066,-0.0633733455023065,-0.0633733455023065,-0.0633733455023067,-0.0633733455023065,-0.0633733455023065,-0.0633733455023065,-0.0633733455023067,-0.0633733455023065,-0.0633733455023064,-0.0633733455023065,-0.0633733455023068,-0.0633733455023064,-0.0633733455023065,-0.0633733455023065,-0.0633733455023067,-0.0633733455023064,NA,NA,NA,NA,NA,NA,NA,NA,NA,NA,NA,NA
Pseudoeurycea_rex,1,-0.058967553152396,-0.058967553152396,-0.058967553152396,-0.0589675531523961,-0.058967553152396,-0.058967553152396,-0.058967553152396,-0.0589675531523962,-0.058967553152396,-0.058967553152396,-0.058967553152396,-0.058967553152396,-0.0589675531523959,-0.058967553152396,-0.0589675531523959,-0.0589675531523959,-0.0589675531523962,-0.058967553152396,-0.058967553152396,-0.0589675531523959,-0.0589675531523962,-0.0589675531523959,-0.058967553152396,-0.0589675531523959,-0.0589675531523962,-0.0589675531523959,-0.0589675531523959,-0.058967553152396,-0.0589675531523962,-0.058967553152396,NA,NA,NA,NA,NA,NA,NA,NA,NA,NA,NA,NA
Pseudoeurycea_brunnata,1,-0.0646555281865369,-0.0646555281865368,-0.0646555281865368,-0.0646555281865369,-0.0646555281865368,-0.0646555281865369,-0.0646555281865368,-0.0646555281865369,-0.0646555281865368,-0.0646555281865369,-0.0646555281865368,-0.0646555281865369,-0.0646555281865368,-0.0646555281865369,-0.0646555281865369,-0.0646555281865368,-0.0646555281865371,-0.0646555281865367,-0.0646555281865368,-0.0646555281865368,-0.064655528186537,-0.0646555281865368,-0.0646555281865368,-0.0646555281865368,-0.064655528186537,-0.0646555281865368,-0.0646555281865368,-0.0646555281865368,-0.064655528186537,-0.0646555281865368,NA,NA,NA,NA,NA,NA,NA,NA,NA,NA,NA,NA
Dendrotriton_bromeliacius,1,-0.0445736336710333,-0.0445736336710333,-0.0445736336710333,-0.0445736336710333,-0.0445736336710333,-0.0445736336710333,-0.0445736336710333,-0.0445736336710334,-0.0445736336710333,-0.0445736336710334,-0.0445736336710333,-0.0445736336710334,-0.0445736336710332,-0.0445736336710334,-0.0445736336710333,-0.0445736336710333,-0.0445736336710334,-0.0445736336710333,-0.0445736336710333,-0.0445736336710333,-0.0445736336710335,-0.0445736336710333,-0.0445736336710332,-0.0445736336710333,-0.0445736336710335,-0.0445736336710332,-0.0445736336710333,-0.0445736336710333,-0.0445736336710333,-0.0445736336710334,NA,NA,NA,NA,NA,NA,NA,NA,NA,NA,NA,NA
Bolitoglossa_lincolni,1,-0.00690177604117231,-0.00690177604117226,-0.0069017760411724,-0.00690177604117226,-0.00690177604117234,-0.00690177604117231,-0.00690177604117231,-0.00690177604117231,-0.00690177604117229,-0.00690177604117234,-0.00690177604117226,-0.00690177604117234,-0.0069017760411724,-0.00690177604117226,-0.00690177604117231,-0.00690177604117229,-0.00690177604117231,-0.00690177604117233,-0.00690177604117231,-0.00690177604117229,-0.00690177604117233,-0.00690177604117227,-0.00690177604117237,-0.00690177604117227,-0.00690177604117236,-0.00690177604117231,-0.0069017760411723,-0.00690177604117235,-0.00690177604117228,-0.00690177604117232,NA,NA,NA,NA,NA,NA,NA,NA,NA,NA,NA,NA
Bolitoglossa_morio,1,0.0203458724270945,0.0203458724270945,0.0203458724270945,0.0203458724270945,0.0203458724270945,0.0203458724270945,0.0203458724270945,0.0203458724270945,0.0203458724270945,0.0203458724270945,0.0203458724270945,0.0203458724270945,0.0203458724270945,0.0203458724270945,0.0203458724270945,0.0203458724270945,0.0203458724270946,0.0203458724270945,0.0203458724270945,0.0203458724270945,0.0203458724270945,0.0203458724270945,0.0203458724270945,0.0203458724270945,0.0203458724270945,0.0203458724270945,0.0203458724270945,0.0203458724270945,0.0203458724270946,0.0203458724270945,NA,NA,NA,NA,NA,NA,NA,NA,NA,NA,NA,NA
Bolitoglossa_rostrata,1,-0.0646555281865371,-0.0646555281865366,-0.0646555281865369,-0.0646555281865371,-0.0646555281865366,-0.0646555281865369,-0.0646555281865369,-0.0646555281865371,-0.0646555281865366,-0.0646555281865371,-0.0646555281865366,-0.064655528186537,-0.0646555281865367,-0.064655528186537,-0.0646555281865367,-0.0646555281865369,-0.0646555281865371,-0.0646555281865367,-0.0646555281865368,-0.0646555281865368,-0.064655528186537,-0.0646555281865368,-0.0646555281865368,-0.0646555281865368,-0.064655528186537,-0.0646555281865368,-0.0646555281865368,-0.0646555281865368,-0.064655528186537,-0.0646555281865368,NA,NA,NA,NA,NA,NA,NA,NA,NA,NA,NA,NA
Lampropeltis_getula,1,-0.0068455066942289,-0.0155513492554746,-0.144991535145289,-0.0184215441174685,-0.0213866423860316,-0.021929138163141,-0.0207638528103569,-0.0180846941004557,-0.0140488692180052,-0.00927804537910581,-0.00388010657866766,0.00203883488887763,0.00723417996973963,0.00958455735048691,0.0086086197578531,0.00403983708594746,-0.00505227507639366,-0.0179768070125843,-0.0325456520264347,0.0373441764746243,0.0248635750002536,-0.139637882959622,-0.157614644007944,-0.172099184106042,0.0796655887841347,-0.59529580072581,0.291775885842282,-0.0643537054163257,-0.0205050343130745,-0.154901959985743,NA,NA,NA,NA,NA,NA,NA,NA,NA,NA,NA,NA
Leiolopisma_telfairii,1,0.0271900598490344,0.0271900598490347,0.0614622821007237,0.061462282100724,0.0614622821007238,0.061462282100724,0.0181424297353818,0.018142429735382,0.018142429735382,0.018142429735382,0.018142429735382,0.0181424297353818,0.018142429735382,0.0540258001222831,0.0540258001222829,0.0540258001222829,0.0540258001222831,0.0540258001222831,0.0540258001222829,0.0540258001222829,NA,NA,NA,NA,NA,NA,NA,NA,NA,NA,NA,NA,NA,NA,NA,NA,NA,NA,NA,NA,NA,NA
Gongylomorphus_bojerii,1,0.0661419193834689,0.0661419193834691,0.0211263618728215,0.0211263618728216,0.0211263618728215,0.0211263618728217,0.0416038816699227,0.0416038816699225,0.0416038816699227,0.0416038816699227,0.0416038816699225,0.0416038816699227,0.0416038816699227,0.0547190384937914,0.0547190384937912,0.0547190384937914,0.0547190384937912,0.0547190384937914,0.0547190384937914,0.0547190384937912,NA,NA,NA,NA,NA,NA,NA,NA,NA,NA,NA,NA,NA,NA,NA,NA,NA,NA,NA,NA,NA,NA
Phelsuma_guentheri,1,-0.0302778671937872,-0.0302778671937873,-0.0665787095822573,-0.0665787095822573,-0.0665787095822574,-0.0665787095822574,0.0504770136159006,0.0504770136159007,0.0504770136159007,0.0504770136159006,0.0504770136159007,0.0504770136159007,0.0504770136159006,0.0316926785166224,0.0316926785166223,0.0316926785166224,0.0316926785166224,0.0316926785166223,0.0316926785166223,0.0316926785166225,NA,NA,NA,NA,NA,NA,NA,NA,NA,NA,NA,NA,NA,NA,NA,NA,NA,NA,NA,NA,NA,NA
Phelsuma_ornata,1,-0.0282057949842918,-0.0282057949842918,-0.029935972794768,-0.0299359727947683,-0.0299359727947682,-0.029935972794768,0.022890472789751,0.0228904727897512,0.0228904727897512,0.0228904727897512,0.022890472789751,0.0228904727897512,0.0228904727897512,-0.0257556217542081,-0.0257556217542081,-0.0257556217542079,-0.0257556217542081,-0.0257556217542081,-0.0257556217542081,-0.0257556217542079,NA,NA,NA,NA,NA,NA,NA,NA,NA,NA,NA,NA,NA,NA,NA,NA,NA,NA,NA,NA,NA,NA
Casarea_dussumieri,1,-0.0295124898228225,-0.0295124898228224,0.130408586269623,0.130408586269623,0.130408586269622,0.130408586269623,0.0197528083560054,0.0197528083560054,0.0197528083560054,0.0197528083560055,0.0197528083560054,0.0197528083560054,0.0197528083560054,-0.00309013999587213,-0.00309013999587206,-0.00309013999587211,-0.00309013999587215,-0.00309013999587202,-0.00309013999587211,-0.00309013999587214,-0.0177845383807291,-0.0177845383807291,-0.0177845383807289,-0.0177845383807291,-0.0177845383807291,-0.0177845383807291,-0.0177845383807291,-0.0177845383807289,-0.0177845383807291,-0.0177845383807291,-0.0177845383807289,-0.0177845383807291,NA,NA,NA,NA,NA,NA,NA,NA,NA,NA
Cyclura_cornuta,1,-0.0119224005717906,-0.0119224005717911,-0.0119224005717911,-0.0119224005717906,-0.0119224005717911,-0.0119224005717911,-0.0119224005717906,-0.0119224005717911,-0.0119224005717911,-0.0119224005717906,-0.0119224005717911,-0.0119224005717911,-0.0119224005717906,-0.0119224005717911,-0.0119224005717911,-0.0119224005717906,-0.0119224005717911,-0.0119224005717906,-0.0119224005717911,NA,NA,NA,NA,NA,NA,NA,NA,NA,NA,NA,NA,NA,NA,NA,NA,NA,NA,NA,NA,NA,NA,NA
Zootoca_vivipara,1,-0.0601214394109374,-0.0605385598085575,-0.0607787821672348,-0.0601232959165776,-0.058377708316474,-0.0558711299939171,-0.0528803184160155,-0.0492394045708494,-0.044609467539631,-0.0390618277524155,-0.033389783013734,-0.0287051637303206,-0.0257623495529635,-0.0245480253042848,NA,NA,NA,NA,-0.0450198759971792,-0.0439415472905782,-0.0418953297878817,-0.0391873084158045,-0.0359076026364202,-0.0318532434641183,-0.0268301909240394,-0.0209755658397075,-0.206434003029274,-0.00485761937003071,0.0849466878939962,-0.0902143276246904,0.0864987914904496,-0.00135823992292883,0.000897157579361707,0.00253853431966689,0.00239665833159952,0.000372703372311101,-0.00256276880062178,-0.00522607283551602,-0.00694119005775073,-0.00766123596512558,NA,NA
Anolis_stratulus,1,NA,-0.0572663249652183,-0.0572663249652183,-0.0572663249652184,-0.0572663249652183,0.0681516447778584,0.0681516447778585,0.0681516447778585,0.0681516447778586,0.0681516447778585,0.0681516447778584,0.0681516447778586,0.0681516447778584,-0.210953322282532,-0.0572663249652184,-0.0572663249652183,-0.0572663249652184,-0.0572663249652184,-0.0572663249652183,-0.0572663249652184,-0.0572663249652184,-0.0572663249652183,-0.0572663249652184,-0.0572663249652184,-0.0572663249652183,-0.0572663249652184,-0.0572663249652184,-0.0572663249652183,-0.0572663249652183,-0.0572663249652184,-0.0572663249652181,-0.0572663249652184,-0.0572663249652183,-0.0572663249652183,-0.0572663249652186,-0.0572663249652183,NA,NA,NA,NA,NA,NA
Anolis_evermanni,1,NA,-0.0100623576603245,-0.0100623576603247,-0.0100623576603247,-0.0100623576603245,0.0289730739417299,0.0289730739417299,0.0289730739417299,0.0289730739417299,0.02897307394173,0.0289730739417299,0.0289730739417299,0.02897307394173,-0.161186681866997,-0.0100623576603247,-0.0100623576603247,-0.0100623576603245,-0.0100623576603247,-0.0100623576603247,-0.0100623576603247,-0.0100623576603245,-0.0100623576603247,-0.0100623576603245,-0.0100623576603247,-0.0100623576603247,-0.0100623576603245,-0.0100623576603248,-0.0100623576603246,-0.0100623576603247,-0.0100623576603247,-0.0100623576603245,-0.0100623576603247,-0.0100623576603247,-0.0100623576603246,-0.0100623576603246,-0.0100623576603247,NA,NA,NA,NA,NA,NA
Anolis_gundlachi,1,NA,-0.00281389717837155,-0.00281389717837177,-0.00281389717837177,-0.00281389717837177,-0.0484415006147265,-0.0484415006147265,-0.0484415006147265,-0.0484415006147265,-0.0484415006147265,-0.0484415006147265,-0.0484415006147265,-0.0484415006147266,0.145792759793298,-0.00281389717837177,-0.00281389717837177,-0.00281389717837155,-0.00281389717837199,-0.00281389717837155,-0.00281389717837177,-0.00281389717837177,-0.00281389717837177,-0.00281389717837177,-0.00281389717837177,-0.00281389717837177,-0.00281389717837177,-0.00281389717837177,-0.00281389717837177,-0.00281389717837177,-0.00281389717837177,-0.00281389717837177,-0.00281389717837155,-0.00281389717837177,-0.00281389717837177,-0.00281389717837177,-0.00281389717837177,NA,NA,NA,NA,NA,NA
Plestiodon_latiscutatus,1,NA,NA,0.0705810742857076,-0.112704280191288,-0.176091259055681,NA,NA,NA,NA,NA,NA,NA,NA,NA,NA,NA,NA,NA,NA,NA,NA,NA,NA,NA,NA,NA,NA,NA,NA,NA,NA,NA,NA,NA,NA,NA,NA,NA,NA,NA,NA,NA
Naultinus_manukanus,1,NA,NA,0.013477702062185,0.013477702062185,0.013477702062185,0.013477702062185,0.013477702062185,0.013477702062185,0.013477702062185,0.0134777020621852,0.0134777020621848,0.0134777020621852,0.013477702062185,0.013477702062185,0.0134777020621848,0.0134777020621852,0.013477702062185,0.013477702062185,0.013477702062185,0.013477702062185,0.013477702062185,0.013477702062185,0.013477702062185,0.013477702062185,0.013477702062185,0.013477702062185,0.013477702062185,NA,NA,NA,NA,NA,NA,NA,NA,NA,NA,NA,NA,NA,NA,NA
Tantilla_planiceps,1,NA,NA,-0.297809008227897,-0.114398423949597,-0.114398423949597,-0.114398423949597,-0.114398423949597,-0.114398423949597,-0.114398423949597,-0.114398423949597,-0.114398423949597,-0.114398423949597,-0.114398423949597,-0.114398423949597,-0.114398423949597,-0.114398423949597,-0.114398423949597,-0.114398423949597,-0.114398423949597,0,0,NA,NA,NA,NA,NA,NA,NA,NA,NA,NA,NA,NA,NA,NA,NA,NA,NA,NA,NA,NA,NA
Rhinocheilus_lecontei,1,NA,NA,-0.176091259055681,0.01100570369098,0.0110057036909801,0.0110057036909801,0.0110057036909801,0.01100570369098,0.0110057036909801,0.0110057036909801,0.01100570369098,0.0110057036909801,0.01100570369098,0.0110057036909801,0.0110057036909801,0.0110057036909801,0.01100570369098,0.0110057036909801,0.0110057036909801,0,0,NA,NA,NA,NA,NA,NA,NA,NA,NA,NA,NA,NA,NA,NA,NA,NA,NA,NA,NA,NA,NA
Pituophis_catenifer,1,NA,NA,0.0114294617807817,0.00943348579800896,0.00943348579800873,0.00943348579800896,0.00943348579800873,0.00943348579800896,0.00943348579800896,0.00943348579800873,0.00943348579800896,0.00943348579800873,0.00943348579800896,0.00943348579800873,0.00943348579800896,0.00943348579800873,0.00943348579800896,0.00943348579800896,0.00943348579800896,-0.280152621610481,-0.280152621610481,NA,NA,NA,1,-1,1,-0.253053491338552,0.298532806276522,-0.978025963585741,NA,NA,NA,NA,NA,NA,NA,NA,NA,NA,NA,NA
Masticophis_lateralis,1,NA,NA,-0.471406771195233,0.0185469498552942,0.018546949855294,0.0185469498552942,0.0185469498552941,0.0185469498552942,0.0185469498552941,0.0185469498552941,0.0185469498552942,0.0185469498552941,0.0185469498552941,0.0185469498552941,0.0185469498552941,0.0185469498552942,0.0185469498552941,0.0185469498552941,0.0185469498552941,-1,-1,NA,NA,NA,NA,NA,NA,NA,NA,NA,NA,NA,NA,NA,NA,NA,NA,NA,NA,NA,NA,NA
Masticophis_flagellum,1,NA,NA,0,0.0186352096882736,0.0186352096882737,0.0186352096882736,0.0186352096882736,0.0186352096882736,0.0186352096882737,0.0186352096882737,0.0186352096882736,0.0186352096882736,0.0186352096882737,0.0186352096882736,0.0186352096882736,0.0186352096882736,0.0186352096882737,0.0186352096882736,0.0186352096882737,-1,-1,NA,NA,NA,1,0,0,0.2983408571532,-1,0,NA,NA,NA,NA,NA,NA,NA,NA,NA,NA,NA,NA
Hypsiglena_torquata,1,NA,NA,1,-0.0185031447248795,-0.0185031447248795,-0.0185031447248794,-0.0185031447248795,-0.0185031447248794,-0.0185031447248795,-0.0185031447248794,-0.0185031447248794,-0.0185031447248795,-0.0185031447248795,-0.0185031447248794,-0.0185031447248795,-0.0185031447248794,-0.0185031447248794,-0.0185031447248795,-0.0185031447248794,0.297284447310081,0.297284447310081,NA,NA,NA,NA,NA,NA,NA,NA,NA,NA,NA,NA,NA,NA,NA,NA,NA,NA,NA,NA,NA
Diadophis_punctatus,1,NA,NA,-1,0,0,0,0,0,0,0,0,0,0,0,0,0,0,0,0,0.853785088048968,0.853785088048968,NA,NA,NA,NA,NA,NA,NA,NA,NA,NA,NA,NA,NA,NA,NA,NA,NA,NA,NA,NA,NA
Crotalus_viridis,1,NA,NA,0.136219747017989,0.0506459958596903,0.0506459958596903,0.0506459958596903,0.0506459958596903,0.0506459958596903,0.0506459958596903,0.0506459958596903,0.0506459958596903,0.0506459958596901,0.0506459958596903,0.0506459958596903,0.0506459958596903,0.0506459958596905,0.0506459958596901,0.0506459958596905,0.0506459958596901,-0.163841095217711,-0.163841095217711,NA,NA,NA,0,0.14422043417798,0.565344219693008,0.435687064562834,-0.344659901570131,-0.0728774384998856,NA,NA,NA,NA,NA,NA,NA,NA,NA,NA,NA,NA
Coluber_constrictor,1,NA,NA,0.176091259055681,0,0,0,0,0,0,0,0,0,0,0,0,0,0,0,0,-0.389075625191822,-0.389075625191822,NA,NA,NA,0,0,0,0,0,1,NA,NA,-0.198148074289526,0.0727381062865824,NA,NA,NA,NA,NA,NA,NA,NA
Arizona_elegans,1,NA,NA,0.522878745280338,-0.0188143747289988,-0.0188143747289988,-0.0188143747289988,-0.0188143747289988,-0.0188143747289988,-0.0188143747289988,-0.0188143747289988,-0.0188143747289988,-0.0188143747289988,-0.0188143747289988,-0.0188143747289988,-0.0188143747289988,-0.0188143747289988,-0.0188143747289987,-0.0188143747289989,-0.0188143747289987,-0.349485002168009,-0.349485002168009,NA,NA,NA,0,0,1,0,-1,0,NA,NA,NA,NA,NA,NA,NA,NA,NA,NA,NA,NA
Tiliqua_rugosa,1,NA,NA,0.06096695569647,-0.00563667883904095,-0.0952722638279191,NA,NA,NA,NA,NA,NA,NA,NA,NA,NA,NA,NA,NA,NA,NA,NA,NA,NA,NA,NA,NA,NA,NA,NA,NA,NA,-0.059290482861275,0.135848280198722,0.0914718415957274,NA,NA,NA,NA,NA,NA,NA,NA
Terrapene_ornata,1,NA,NA,0.0278942786344647,0.0219509507572699,0.010553666844709,-0.00385912763673013,-0.0181881873748544,-0.0299793465536502,-0.0378544598313371,-0.0415185173386903,NA,NA,NA,NA,NA,NA,NA,NA,NA,NA,NA,NA,NA,NA,NA,NA,NA,NA,NA,NA,NA,NA,NA,NA,NA,NA,NA,NA,NA,NA,NA,NA
Gavialis_gangeticus,1,NA,NA,NA,0.12539526616121,0.12539526616121,0.12539526616121,0.12539526616121,0.12539526616121,0.12539526616121,0.0440194925770823,0.0440194925770827,0.0440194925770827,0.0391488177016166,0.0391488177016162,0.0176190599939035,0.0176190599939035,NA,NA,NA,NA,NA,NA,NA,NA,NA,NA,NA,NA,NA,NA,NA,NA,NA,NA,NA,NA,NA,NA,NA,NA,NA,NA
Testudo_hermanni,1,NA,NA,NA,NA,-0.0884318757339018,-0.0884318757339018,-0.0125840961051904,-0.0578898301212565,-0.00619882406334171,-0.011488061033976,-0.0202157240819203,-0.0202157240819199,-0.0387248690508222,-0.0173200572068015,0.00704349040345065,0.0255140252265006,-0.0042386345446308,-0.00423863454462448,-0.00423863454454862,-0.00423863454437503,-0.0042386345441364,-0.00423863454390834,-0.0162944331925249,-0.0240737410576335,-0.0240737410574752,-0.0240737410573725,-0.0240737410573109,-0.0240737410572681,-0.0240737410572091,-0.0240737410571011,-0.0240737410569376,-0.0240737410567469,-0.0240737410565675,-0.0240737410564171,-0.0240737410562972,-0.0240737410562092,-0.0240737410561633,NA,NA,NA,NA,NA
Malpolon_monspessulanus,1,NA,NA,NA,NA,0.164212026417263,0.16892239617927,0.172906997545907,0.171310315549505,0.164448034859068,0.15216239573729,0.128062300580702,0.0855742365131809,0.0291887113124685,-0.0252226404060729,-0.0626828954178549,-0.078824863523814,-0.0771263177872725,-0.061503695341099,-0.0355365790496256,-0.0060881796545742,0.0182932733206365,0.0340975713758993,0.044812368230581,0.0545155047642167,0.0618265130340343,0.0622762938094017,0.0551543081795618,0.0455367365519275,0.0395454342967845,NA,NA,NA,NA,NA,NA,NA,NA,NA,NA,NA,NA,NA
Nerodia_sipedon,1,NA,NA,NA,NA,NA,-0.318365557996463,NA,NA,NA,NA,NA,NA,NA,NA,NA,NA,NA,NA,NA,NA,NA,NA,NA,NA,NA,NA,NA,NA,NA,NA,NA,NA,NA,NA,NA,NA,NA,NA,NA,NA,NA,NA
Testudo_graeca,1,NA,NA,NA,NA,NA,NA,-0.0135197850873099,0.0823303000886406,-5.78943521357678e-05,0.0195568136205491,0.0107375869207055,0.0107375869207054,0.0258320825611686,0.0201847720050959,NA,NA,NA,NA,NA,NA,NA,NA,NA,-0.0194101583300005,-0.0194101583302205,-0.0194101583306899,-0.0194101583313135,-0.0194101583318855,-0.0194101583322393,-0.0194101583323729,-0.0194101583324132,-0.0194101583324757,-0.0194101583325867,-0.0194101583327254,-0.0194101583328774,-0.0194101583330226,-0.0194101583331132,NA,NA,NA,NA,NA
Aneides_aeneus,1,NA,NA,NA,NA,NA,NA,0.0621479067488445,0.334836558123185,NA,NA,NA,NA,NA,NA,NA,NA,NA,NA,NA,NA,NA,NA,NA,NA,NA,NA,NA,NA,NA,NA,NA,NA,NA,NA,NA,NA,NA,NA,NA,NA,NA,NA
Pantherophis_obsoletus,1,NA,NA,NA,NA,NA,NA,0.105097275349793,0.0314481933238847,0.0086482745683879,-0.00786759511595836,-0.0181514893469366,-0.0291297196119743,-0.0392549697379535,-0.0376770981512883,-0.0201023643527753,0.00149497129144116,0.0103964817853933,0.00351064481830365,-0.00731527263534959,-0.0114198017006115,-0.01194185641918,NA,NA,NA,NA,NA,NA,NA,NA,NA,NA,NA,NA,NA,NA,NA,NA,NA,NA,NA,NA,NA
Nactus_serpensinsula,1,NA,NA,NA,NA,NA,NA,0.188888470676274,0.188888470676274,0.188888470676274,0.188888470676274,0.188888470676274,0.188888470676274,0.188888470676274,NA,NA,NA,NA,NA,NA,NA,NA,NA,NA,NA,NA,NA,NA,NA,NA,NA,NA,NA,NA,NA,NA,NA,NA,NA,NA,NA,NA,NA
Rhinella_dapsilis,1,NA,NA,NA,NA,NA,NA,NA,-1,NA,NA,NA,NA,NA,NA,NA,NA,NA,NA,NA,NA,NA,NA,NA,NA,NA,NA,NA,NA,NA,NA,NA,NA,NA,NA,NA,NA,NA,NA,NA,NA,NA,NA
Allobates_marchesianus,1,NA,NA,NA,NA,NA,NA,NA,0.276677064363124,NA,-0.0216873297599847,-0.0216873297599847,-0.0216873297599847,-0.0216873297599847,-0.0216873297599847,-0.0216873297599846,-0.0216873297599848,-0.0216873297599846,-0.0216873297599848,-0.0216873297599846,-0.0216873297599847,-0.0216873297599848,-0.0216873297599846,-0.0216873297599847,-0.0216873297599847,-0.0216873297599847,-0.0216873297599847,-0.0216873297599847,-0.0216873297599847,-0.0216873297599847,-0.0216873297599847,-0.0216873297599847,NA,NA,NA,NA,NA,NA,NA,NA,NA,NA,NA
Adenomera_andreae,1,NA,NA,NA,NA,NA,NA,NA,-0.572760874265025,NA,0.0155540629323528,0.0155540629323528,0.0155540629323528,0.0155540629323527,0.0155540629323528,0.0155540629323528,0.0155540629323528,0.0155540629323528,0.0155540629323528,0.0155540629323528,0.0155540629323528,0.0155540629323527,0.0155540629323528,0.0155540629323528,0.0155540629323528,0.0155540629323528,0.0155540629323528,0.0155540629323528,0.0155540629323527,0.0155540629323528,0.0155540629323528,0.0155540629323528,NA,NA,NA,NA,NA,NA,NA,NA,NA,NA,NA
Leiopelma_archeyi,1,NA,NA,NA,NA,NA,NA,NA,0.174009614461739,0.152982541749309,0.114037764384072,0.0641910046630145,0.0075553415693359,-0.0537676384182473,-0.113703635741125,-0.1620961000016,-0.191744724773052,-0.203684021168065,NA,NA,NA,NA,NA,NA,NA,NA,NA,NA,NA,NA,NA,NA,NA,NA,NA,NA,NA,NA,NA,NA,NA,NA,NA
Gopherus_polyphemus,1,NA,NA,NA,NA,NA,NA,NA,NA,-0.0269382090204174,-0.0269382090204173,-0.0269382090204175,-0.0269382090204174,-0.0269382090204174,-0.0269382090204174,-0.0269382090204174,-0.0269382090204174,-0.0155854002739101,-0.0155854002739101,-0.0155854002739102,-0.01558540027391,-0.0155854002739102,-0.0155854002739101,-0.0155854002739101,-0.0155854002739101,-0.0155854002739102,-0.01558540027391,-0.0155854002739102,-0.0155854002739101,-0.0155854002739102,0.0071202172191045,0.0071202172191045,0.0071202172191045,0.0071202172191045,NA,NA,NA,NA,NA,NA,NA,NA,NA
Liolaemus_lutzae,1,NA,NA,NA,NA,NA,NA,NA,NA,-0.0644677996481502,-0.0644677996481502,-0.0644677996481502,-0.0644677996481502,-0.0644677996481502,-0.0644677996481502,-0.0644677996481502,0.0278893022320974,0.0278893022320975,0.0278893022320976,0.0278893022320974,0.0278893022320975,0.0278893022320974,0.0278893022320976,0.0278893022320974,0.0278893022320976,0.0278893022320974,0.0278893022320976,-0.0212333937341791,-0.0212333937341791,-0.0212333937341789,-0.0212333937341791,NA,NA,NA,NA,NA,NA,NA,NA,NA,NA,NA,NA
Rhyacotriton_variegatus,1,NA,NA,NA,NA,NA,NA,NA,NA,1,1,0,0,0,0,0,0,0,0,NA,NA,NA,NA,NA,NA,NA,NA,NA,NA,NA,NA,NA,NA,NA,NA,NA,NA,NA,NA,NA,NA,NA,NA
Plethodon_elongatus,1,NA,NA,NA,NA,NA,NA,NA,NA,-0.0367886842648131,-0.0367886842648133,0.0295380832534158,0.0295380832534158,0.0295380832534158,0.0295380832534158,0.0295380832534158,0.0295380832534158,0.0295380832534156,0.0295380832534158,NA,NA,NA,NA,NA,NA,NA,NA,NA,NA,NA,NA,NA,NA,NA,NA,NA,NA,NA,NA,NA,NA,NA,NA
Ensatina_eschscholtzii,1,NA,NA,NA,NA,NA,NA,NA,NA,-0.0304324544117085,-0.0304324544117085,-0.0102833540763627,-0.0102833540763627,-0.0102833540763627,-0.0102833540763627,-0.0102833540763627,-0.0102833540763627,-0.0102833540763627,-0.0102833540763627,-0.23967135735681,NA,NA,-0.0984864012430114,-0.594234653816006,NA,NA,NA,NA,NA,NA,NA,NA,NA,NA,NA,NA,NA,NA,NA,NA,NA,NA,NA
Batrachoseps_attenuatus,1,NA,NA,NA,NA,NA,NA,NA,NA,0,0,0.00933758052777156,0.00933758052777112,0.00933758052777156,0.00933758052777156,0.00933758052777112,0.00933758052777156,0.00933758052777112,0.00933758052777156,NA,NA,NA,NA,NA,NA,NA,NA,NA,NA,NA,NA,NA,NA,NA,NA,NA,NA,NA,NA,NA,NA,NA,NA
Aneides_vagrans,1,NA,NA,NA,NA,NA,NA,NA,NA,0.0518747187691808,0.051874718769181,-0.00724899337221085,-0.00724899337221085,-0.00724899337221085,-0.00724899337221063,-0.00724899337221108,-0.00724899337221063,-0.00724899337221085,-0.00724899337221085,NA,NA,NA,NA,NA,NA,NA,NA,NA,NA,NA,NA,NA,NA,NA,NA,NA,NA,NA,NA,NA,NA,NA,NA
Aneides_flavipunctatus,1,NA,NA,NA,NA,NA,NA,NA,NA,0.0684552267393173,0.0684552267393173,-0.258425462659897,-0.258425462659898,-0.258425462659897,-0.258425462659897,-0.258425462659897,-0.258425462659898,-0.258425462659897,-0.258425462659897,NA,NA,NA,NA,NA,NA,NA,NA,NA,NA,NA,NA,NA,NA,NA,NA,NA,NA,NA,NA,NA,NA,NA,NA
Plethodon_vehiculum,1,NA,NA,NA,NA,NA,NA,NA,NA,-0.39175463174118,NA,NA,NA,NA,NA,NA,NA,NA,NA,-0.206589987614387,NA,NA,-0.296874035892823,0.277663777339769,NA,NA,NA,NA,NA,NA,NA,NA,NA,NA,NA,NA,NA,NA,NA,NA,NA,NA,NA
Dryophytes_versicolor,1,NA,NA,NA,NA,NA,NA,NA,NA,0.00218306377039207,0.00218306377047084,0.00218306377064581,0.00218306377087291,0.18604717442142,-0.205240100860821,0.239652159245399,-0.202928635902484,0.194891119552971,0.00218306377334687,0.00218306377485133,0.0021830637763266,0.00218306377758415,0.00218306377864358,0.0021830637796359,0.00218306378064487,0.00218306378162669,0.00218306378245914,0.00218306378304128,0.00218306378335847,0.00218306378347538,NA,NA,NA,NA,NA,NA,NA,NA,NA,NA,NA,NA,NA
Dryophytes_chrysoscelis,1,NA,NA,NA,NA,NA,NA,NA,NA,-0.00263056928093908,-0.00269308550355196,-0.00234243770702661,-0.00122995100294795,0.000408178701436196,0.00208194984085536,0.00361002387434828,0.00505452427490238,0.00620455741560316,0.00651482758301511,0.00569667906974577,0.00411771212759621,0.00241420030942868,0.000879294516292706,-0.000524016096270397,-0.00168236310730852,-0.00225413939075469,-0.00217077969288071,-0.0018874199330112,NA,NA,NA,NA,NA,NA,NA,NA,NA,NA,NA,NA,NA,NA,NA
Liolaemus_gracilis,1,NA,NA,NA,NA,NA,NA,NA,NA,NA,0.00127742880364279,0.00127742880364301,0.0012774288036429,0.00127742880364279,0.00127742880364301,0.0012774288036429,0.0012774288036429,0.0012774288036429,0.0012774288036429,0.00127742880364279,NA,NA,NA,NA,NA,NA,NA,NA,NA,NA,NA,NA,NA,NA,NA,NA,NA,NA,NA,NA,NA,NA,NA
Liolaemus_multimaculatus,1,NA,NA,NA,NA,NA,NA,NA,NA,NA,-0.0894839911566521,-0.0894839911566521,-0.0894839911566521,-0.0894839911566521,-0.0894839911566521,-0.0894839911566521,-0.089483991156652,-0.0894839911566521,-0.089483991156652,-0.0894839911566521,NA,NA,NA,NA,NA,NA,NA,NA,NA,NA,NA,NA,-0.105469824704715,NA,NA,NA,NA,NA,NA,NA,NA,NA,NA
Rhinella_proboscidea,1,NA,NA,NA,NA,NA,NA,NA,NA,NA,-0.0555632399413024,-0.0313021190612362,-0.0313021190612362,-0.0313021190612363,-0.0313021190612362,-0.0313021190612362,-0.0313021190612362,-0.0313021190612363,-0.0313021190612362,-0.0313021190612361,-0.0313021190612362,-0.0313021190612362,-0.0313021190612362,-0.0313021190612363,-0.0313021190612361,-0.0313021190612363,-0.0313021190612361,-0.0313021190612364,-0.0313021190612361,-0.0313021190612361,-0.0313021190612363,-0.0313021190612361,NA,NA,NA,NA,NA,NA,NA,NA,NA,NA,NA
Anomaloglossus_stepheni,1,NA,NA,NA,NA,NA,NA,NA,NA,NA,0.0143468207919184,0.0143468207919184,0.0143468207919184,0.0143468207919184,0.0143468207919184,0.0143468207919184,0.0143468207919184,0.0143468207919184,0.0143468207919184,0.0143468207919184,0.0143468207919184,0.0143468207919184,0.0143468207919184,0.0143468207919184,0.0143468207919184,0.0143468207919184,0.0143468207919184,0.0143468207919184,0.0143468207919184,0.0143468207919184,0.0143468207919184,0.0143468207919184,NA,NA,NA,NA,NA,NA,NA,NA,NA,NA,NA
Pristimantis_fenestratus,1,NA,NA,NA,NA,NA,NA,NA,NA,NA,-0.0267293467967201,-0.02672934679672,-0.0267293467967201,-0.02672934679672,-0.0267293467967201,-0.0267293467967199,-0.0267293467967201,-0.02672934679672,-0.0267293467967201,-0.02672934679672,-0.02672934679672,-0.0267293467967201,-0.0267293467967201,-0.02672934679672,-0.02672934679672,-0.02672934679672,-0.0267293467967201,-0.02672934679672,-0.02672934679672,-0.02672934679672,-0.02672934679672,-0.02672934679672,NA,NA,NA,NA,NA,NA,NA,NA,NA,NA,NA
Pristimantis_toftae,1,NA,NA,NA,NA,NA,NA,NA,NA,NA,NA,-0.0554621874040891,-0.055462187404089,-0.0554621874040891,-0.055462187404089,NA,NA,NA,NA,NA,NA,NA,-0.290564561985816,NA,NA,NA,NA,NA,NA,NA,NA,NA,NA,NA,NA,NA,NA,NA,NA,NA,NA,NA,NA
Phyllomedusa_vaillantii,1,NA,NA,NA,NA,NA,NA,NA,NA,NA,NA,-0.226617431910831,-0.226617431910831,-0.226617431910831,-0.226617431910831,NA,NA,NA,NA,NA,NA,NA,NA,NA,NA,NA,NA,NA,NA,NA,NA,NA,NA,NA,NA,NA,NA,NA,NA,NA,NA,NA,NA
Trachycephalus_coriaceus,1,NA,NA,NA,NA,NA,NA,NA,NA,NA,NA,-0.348174238314916,-0.348174238314917,-0.348174238314916,-0.348174238314917,NA,NA,NA,NA,NA,NA,NA,NA,NA,NA,NA,NA,NA,NA,NA,NA,NA,NA,NA,NA,NA,NA,NA,NA,NA,NA,NA,NA
Dendropsophus_sarayacuensis,1,NA,NA,NA,NA,NA,NA,NA,NA,NA,NA,-0.124001649720009,-0.124001649720009,-0.124001649720009,-0.124001649720009,NA,NA,NA,NA,NA,NA,NA,NA,NA,NA,NA,NA,NA,NA,NA,NA,NA,NA,NA,NA,NA,NA,NA,NA,NA,NA,NA,NA
Aneides_hardii,1,NA,NA,NA,NA,NA,NA,NA,NA,NA,NA,-0.1249387366083,0.31162464519895,0.166872196349615,-0.0984449469924768,0.0915574774380722,0.0915574774380722,-0.00462268678978465,-0.00462268678978465,-0.134904763481137,0.0863629095958482,NA,NA,NA,NA,NA,NA,NA,NA,NA,NA,NA,NA,NA,NA,NA,NA,NA,NA,NA,NA,NA,NA
Eleutherodactylus_coqui,1,NA,NA,NA,NA,NA,NA,NA,NA,NA,NA,NA,-0.0968677323237548,-0.0117024866279658,0.0367538003054731,0.100069190065959,0.0906821522376453,-0.0103118594179077,-0.130703848223594,-0.141726656828131,0.00191189902182465,0.0238144440717032,0.0410029303808477,0.0911166432935042,0.0519134864949289,0.0438664590366995,0.0300725821831668,0.0749829813194986,0.000217298386983145,-0.0959573913528109,-0.0354462059908926,0.00324557523051749,NA,NA,NA,NA,NA,NA,NA,NA,NA,NA,NA
Anolis_sagrei,1,NA,NA,NA,NA,NA,NA,NA,NA,NA,NA,NA,0.0231735507959561,0.0231735507959562,0.0231735507959562,0.023173550795956,0.0231735507959562,0.0231735507959562,0.0231735507959561,-0.102624743898447,-0.102624743898447,0.0448053871332785,0.0448053871332785,-0.0738013606221218,-0.0738013606221219,NA,NA,NA,NA,NA,NA,NA,NA,NA,NA,NA,NA,NA,NA,NA,NA,NA,NA
Anolis_lineatopus,1,NA,NA,NA,NA,NA,NA,NA,NA,NA,NA,NA,0.033908702256372,0.033908702256372,0.033908702256372,0.0339087022563719,0.033908702256372,0.0339087022563719,0.033908702256372,-0.082405124322996,-0.0824051243229961,0,0,0.114239664257685,0.114239664257685,NA,NA,NA,NA,NA,NA,NA,NA,NA,NA,NA,NA,NA,NA,NA,NA,NA,NA
Anolis_grahami,1,NA,NA,NA,NA,NA,NA,NA,NA,NA,NA,NA,0.00851224142632057,0.00851224142632057,0.00851224142632057,0.00851224142632057,0.00851224142632057,0.00851224142632057,0.00851224142632068,-0.0880456295278407,-0.0880456295278406,-0.00851666964939024,-0.00851666964939013,0.112654640862931,0.112654640862931,NA,NA,NA,NA,NA,NA,NA,NA,NA,NA,NA,NA,NA,NA,NA,NA,NA,NA
Vipera_ursinii,1,NA,NA,NA,NA,NA,NA,NA,NA,NA,NA,NA,-0.0116517805895904,-0.00554565806366281,0.00359070755531254,0.00920945794197103,0.006551562824746,-0.00150528414997475,-0.00564004186983424,-0.000425052961125716,0.00591624321093809,-0.00416828607025022,-0.039363273673936,-0.0856312098424136,-0.114252925349582,-0.106789692419056,-0.071982824413694,-0.0365518967032705,-0.0196624265190319,-0.0181578363347394,-0.0165344794550768,-0.00750444814409512,0.00159588384900999,NA,NA,NA,NA,NA,NA,NA,NA,NA,NA
Leiopelma_pakeka,1,NA,NA,NA,NA,NA,NA,NA,NA,NA,NA,NA,NA,0.013839072160194,0.0150216898325765,0.0150216898325766,0.0150216898325769,0.0150216898325765,0.0138396614664755,0.0238953526499011,0.0238953526499011,-0.0227731648625666,-0.00678213980702195,-0.0132691682954181,0.0178963921653756,-0.0282820612850358,-0.0346316988728708,-0.019839615367014,-0.019839615367014,-0.019839615367014,-0.0294339272670283,-0.188811166428565,-0.188811166428565,NA,NA,NA,NA,NA,NA,NA,NA,NA,NA
Homonota_fasciata,1,NA,NA,NA,NA,NA,NA,NA,NA,NA,NA,NA,NA,0.164810248645992,NA,NA,NA,NA,NA,NA,NA,NA,NA,NA,NA,NA,NA,NA,NA,NA,NA,NA,NA,NA,NA,NA,NA,NA,NA,NA,NA,NA,NA
Vanzosaura_rubricauda,1,NA,NA,NA,NA,NA,NA,NA,NA,NA,NA,NA,NA,-0.68847294995946,NA,NA,NA,NA,NA,NA,NA,NA,NA,NA,NA,NA,NA,NA,NA,NA,NA,NA,NA,NA,NA,NA,NA,NA,NA,NA,NA,NA,NA
Ameivula_ocellifera,1,NA,NA,NA,NA,NA,NA,NA,NA,NA,NA,NA,NA,-0.2498774732166,NA,NA,NA,NA,NA,NA,NA,NA,NA,NA,NA,NA,NA,NA,NA,NA,NA,NA,NA,NA,NA,NA,NA,NA,NA,NA,NA,NA,NA
Teius_teyou,1,NA,NA,NA,NA,NA,NA,NA,NA,NA,NA,NA,NA,-0.127678773974329,NA,NA,NA,NA,NA,NA,NA,NA,NA,NA,NA,NA,NA,NA,NA,NA,NA,NA,NA,NA,NA,NA,NA,NA,NA,NA,NA,NA,NA
Liolaemus_chacoensis,1,NA,NA,NA,NA,NA,NA,NA,NA,NA,NA,NA,NA,-0.107375446686221,NA,NA,NA,NA,NA,NA,NA,NA,NA,NA,NA,NA,NA,NA,NA,NA,NA,NA,NA,NA,NA,NA,NA,NA,NA,NA,NA,NA,NA
Tropidurus_etheridgei,1,NA,NA,NA,NA,NA,NA,NA,NA,NA,NA,NA,NA,0.0163904161881693,NA,NA,NA,NA,NA,NA,NA,NA,NA,NA,NA,NA,NA,NA,NA,NA,NA,NA,NA,NA,NA,NA,NA,NA,NA,NA,NA,NA,NA
Oligosoma_whitakeri,1,NA,NA,NA,NA,NA,NA,NA,NA,NA,NA,NA,NA,0.0209012060359153,0.0209012060358822,0.0209012060358675,0.0209012060358809,0.0209012060358111,0.0209012060354945,0.0209012060348761,0.0209012060341003,0.0209012060334117,0.0209012060329794,0.020901206032808,NA,NA,NA,NA,NA,NA,NA,NA,NA,NA,NA,NA,NA,NA,NA,NA,NA,NA,NA
Anolis_krugi,1,NA,NA,NA,NA,NA,NA,NA,NA,NA,NA,NA,NA,NA,0.32735893438633,NA,NA,NA,NA,NA,NA,NA,NA,NA,NA,NA,NA,NA,NA,NA,NA,NA,NA,NA,NA,NA,NA,NA,NA,NA,NA,NA,NA
Vipera_aspis,1,NA,NA,NA,NA,NA,NA,NA,NA,NA,NA,NA,NA,NA,0.0045823560979541,0.00774560268145719,0.00725774155227255,0.000638889996608993,-0.0338659914360169,-0.0301542229450877,-0.0263594775125813,-0.0358608403607571,-0.06220514718102,-0.0909730456087302,-0.102686787659375,-0.0924383303167087,-0.0727641639514072,-0.0575102676171599,-0.0479880736755254,-0.0376084403410653,-0.025519235526583,-0.0190001348246291,-0.0221216209116727,-0.0579214120053819,NA,NA,NA,NA,NA,NA,NA,NA,NA
Gambelia_sila,1,NA,NA,NA,NA,NA,NA,NA,NA,NA,NA,NA,NA,NA,-0.201243818211379,0.265066133203492,0.184685726726188,0.299439695845992,-0.206762366306014,NA,NA,NA,NA,NA,NA,NA,NA,NA,NA,NA,NA,NA,NA,NA,NA,NA,NA,NA,NA,NA,NA,NA,NA
Elaphe_quatuorlineata,1,NA,NA,NA,NA,NA,NA,NA,NA,NA,NA,NA,NA,NA,0,0,0,0,0,0,0,0,0,0,0,0,0,0,NA,NA,NA,NA,NA,NA,NA,NA,NA,NA,NA,NA,NA,NA,NA
Zamenis_longissimus,1,NA,NA,NA,NA,NA,NA,NA,NA,NA,NA,NA,NA,NA,-0.028007890357951,-0.0280078903579508,-0.028007890357951,-0.028007890357951,-0.028007890357951,-0.0126173257021517,-0.0143974064669714,-0.0192091866120361,-0.00400653897184859,-0.0138129342460486,-0.0256434140984669,-0.0364296560632877,-0.0436248171893828,-0.0447644307909284,-0.0426796456791322,-0.0208491523491929,0.00559558924882397,0.0273538642285033,0.0391760210750124,0.0428061421785495,NA,NA,NA,NA,NA,NA,NA,NA,NA
Natrix_natrix,1,NA,NA,NA,NA,NA,NA,NA,NA,NA,NA,NA,NA,NA,-0.00727135236428844,-0.00727135236428844,-0.00727135236428822,-0.00727135236428844,-0.00727135236428844,-0.016817729304844,-0.014693359115194,-0.0123464575423541,0.00366546924695421,0.0137521540068304,0.0128666344359241,0.00252268214712686,-0.00541441504132401,-0.0029474281301507,0.0113846497883041,0.0225724386620088,0.0245900746385475,0.0163706805772486,0.00189162639863534,-0.0105050499422547,-0.04956626871168,-0.0211704911143387,0.0134630780896923,0.0243667893697488,0.0079426166209462,-0.0164642777942481,-0.0309557159859057,NA,NA
Ctenophorus_nuchalis,1,NA,NA,NA,NA,NA,NA,NA,NA,NA,NA,NA,NA,NA,NA,-0.802092517822348,-0.132445357600293,-0.15507432032664,-1,0,1,NA,NA,NA,NA,NA,NA,NA,NA,NA,NA,NA,NA,NA,NA,NA,NA,NA,NA,NA,NA,NA,NA
Ctenophorus_isolepis,1,NA,NA,NA,NA,NA,NA,NA,NA,NA,NA,NA,NA,NA,NA,0.893946607552074,0.448005803075938,-0.0725506671486117,-0.644677767515494,0.715342245024305,-0.194677410138497,NA,NA,NA,NA,NA,NA,NA,NA,NA,NA,NA,NA,NA,NA,NA,NA,NA,NA,NA,NA,NA,NA
Toropuku_stephensi,1,NA,NA,NA,NA,NA,NA,NA,NA,NA,NA,NA,NA,NA,NA,-0.00443712599610208,-0.00443712599610208,-0.00443712599610208,-0.00443712599610213,-0.00443712599610208,-0.00443712599610213,-0.00443712599610208,-0.00443712599610208,-0.00443712599610213,-0.00443712599610208,-0.00443712599610213,-0.00443712599610202,NA,NA,NA,NA,NA,NA,NA,NA,NA,NA,NA,NA,NA,NA,NA,NA
Storeria_dekayi,1,NA,NA,NA,NA,NA,NA,NA,NA,NA,NA,NA,NA,NA,NA,0.0234752199828785,0.0234752199828753,0.0234752199828994,0.0234752199830006,0.023475219983222,0.023475219983574,0.0234752199840302,0.0234752199845443,0.0234752199850762,0.0234752199856035,0.0234752199861094,0.0234752199865662,0.0234752199869376,0.0234752199871985,0.0234752199873541,0.0234752199874376,0.0234752199874886,0.0234752199875292,0.0234752199875607,0.0234752199875781,NA,NA,NA,NA,NA,NA,NA,NA
Eleutherodactylus_portoricensis,1,NA,NA,NA,NA,NA,NA,NA,NA,NA,NA,NA,NA,NA,NA,-0.175702478989111,-0.146864477008965,-0.0982229060637694,-0.0505648760338988,-0.0210022249935095,-0.0116938413946996,-0.0122372562700306,-0.0103520726333323,-0.000931969365974145,0.0126036235812523,0.0232806510263276,0.167833711949956,0.158427789438383,0.141627469869032,0.126707217714844,0.116125501435417,0.111505282069493,NA,NA,NA,NA,NA,NA,NA,NA,NA,NA,NA
Eleutherodactylus_unicolor,1,NA,NA,NA,NA,NA,NA,NA,NA,NA,NA,NA,NA,NA,NA,-0.000632121144775066,-0.000632121146403097,-0.000632121149447107,-0.000632121153332221,-0.00063212115760658,-0.000632121161914467,-0.000632121165659916,-0.000632121168158584,-0.000632121169238609,-0.000632121169446664,NA,NA,NA,NA,NA,NA,NA,NA,NA,NA,NA,NA,NA,NA,NA,NA,NA,NA
Eleutherodactylus_gryllus,1,NA,NA,NA,NA,NA,NA,NA,NA,NA,NA,NA,NA,NA,NA,-0.0937071784828669,-0.0910680104975949,-0.0868159714644363,-0.0812112075778817,-0.0722723178682221,-0.0590957517946107,-0.0456375313120061,-0.0382193634371459,-0.0385824977567162,-0.0416312867902748,NA,NA,NA,NA,NA,NA,NA,NA,NA,NA,NA,NA,NA,NA,NA,NA,NA,NA
Plestiodon_fasciatus,1,NA,NA,NA,NA,NA,NA,NA,NA,NA,NA,NA,NA,NA,NA,0.735399269962694,-0.267421394682901,-0.371067862271736,-0.221848749616356,-0.301029995663981,NA,NA,NA,NA,NA,NA,NA,NA,NA,NA,NA,NA,NA,NA,NA,NA,NA,NA,NA,NA,NA,NA,NA
Terrapene_carolina,1,NA,NA,NA,NA,NA,NA,NA,NA,NA,NA,NA,NA,NA,NA,NA,0.0847973374161679,0.0723672325699818,0.0511130720574204,0.0297770289020129,0.0162979448152418,0.0135529833783909,0.0203349178309016,0.0290340770949316,0.0320258641847881,0.0259954761192791,0.0125052051014976,-0.00343520787406737,-0.0162672575400977,-0.0248219573174522,-0.029099307206129,NA,NA,NA,NA,NA,NA,NA,NA,NA,NA,NA,NA
Diplodactylus_conspicillatus,1,NA,NA,NA,NA,NA,NA,NA,NA,NA,NA,NA,NA,NA,NA,NA,0.00101680343107957,0.000829352208172152,0.000595844720399752,0.000421301736581503,0.000168207187296598,-0.000438771496300783,-0.00156938706753218,-0.00322350742692556,-0.00529905961570765,-0.00756066109605613,-0.00957356472933601,-0.0108829297552617,-0.0113850708504977,-0.0114303384617995,NA,NA,NA,NA,NA,NA,NA,NA,NA,NA,NA,NA,NA
Rhynchoedura_ornata,1,NA,NA,NA,NA,NA,NA,NA,NA,NA,NA,NA,NA,NA,NA,NA,-0.0178678142885929,-0.0178678142888562,-0.0178678142893101,-0.017867814289847,-0.017867814290434,-0.0178678142910509,-0.0178678142915993,-0.0178678142919848,-0.0178678142922446,-0.0178678142925026,-0.0178678142927842,-0.0178678142929782,-0.0178678142930044,-0.0178678142929547,NA,NA,NA,NA,NA,NA,NA,NA,NA,NA,NA,NA,NA
Lucasium_stenodactylum,1,NA,NA,NA,NA,NA,NA,NA,NA,NA,NA,NA,NA,NA,NA,NA,0.0274541256219867,0.0267542831443337,0.0256573224920069,0.0245093658070779,0.0232570531460881,0.0216309847188523,0.019656184263432,0.017742087901174,0.0162866824797985,0.0153689512815502,0.0148528851780112,0.0146153548301178,0.014570402732909,0.014598252052247,NA,NA,NA,NA,NA,NA,NA,NA,NA,NA,NA,NA,NA
Ctenotus_regius,1,NA,NA,NA,NA,NA,NA,NA,NA,NA,NA,NA,NA,NA,NA,NA,-0.0205648342699041,-0.0205648342700626,-0.0205648342703495,-0.0205648342706932,-0.0205648342710472,-0.0205648342713896,-0.0205648342716986,-0.0205648342719305,-0.0205648342720752,-0.0205648342721636,-0.0205648342722347,-0.0205648342723048,-0.0205648342723643,-0.0205648342723963,NA,NA,NA,NA,NA,NA,NA,NA,NA,NA,NA,NA,NA
Ctenotus_leonhardii,1,NA,NA,NA,NA,NA,NA,NA,NA,NA,NA,NA,NA,NA,NA,NA,0.0291279749689246,0.0291279749687585,0.029127974968522,0.0291279749683286,0.0291279749681941,0.0291279749680888,0.0291279749680624,0.0291279749681896,0.0291279749684681,0.0291279749687807,0.0291279749690423,0.0291279749692501,0.0291279749694291,0.0291279749695375,NA,NA,NA,NA,NA,NA,NA,NA,NA,NA,NA,NA,NA
Ctenotus_schomburgkii,1,NA,NA,NA,NA,NA,NA,NA,NA,NA,NA,NA,NA,NA,NA,NA,0.010248617348084,0.0102486173478904,0.0102486173476399,0.0102486173474694,0.0102486173473411,0.0102486173471572,0.0102486173469316,0.0102486173467597,0.0102486173466478,0.010248617346504,0.0102486173463081,0.01024861734617,0.0102486173461704,0.0102486173462295,NA,NA,NA,NA,NA,NA,NA,NA,NA,NA,NA,NA,NA
Gopherus_agassizii,1,NA,NA,NA,NA,NA,NA,NA,NA,NA,NA,NA,NA,NA,NA,NA,0.119737542922492,-0.12668640287782,-4.36825451866814e-05,-0.0478190823308017,-0.211629584434671,NA,NA,NA,0.045757490560675,0,NA,NA,NA,0.0877876982926971,-0.0522625219023618,-0.0522625219023617,-0.077163905149161,0.104134336339275,-0.11852366674021,0.0826012545563942,-0.0821158643048826,-0.00965993180803648,-0.0077667539774009,NA,NA,NA,NA
Rana_temporaria,1,NA,NA,NA,NA,NA,NA,NA,NA,NA,NA,NA,NA,NA,NA,NA,NA,-0.218798908506102,NA,NA,NA,NA,NA,NA,NA,NA,NA,NA,NA,NA,NA,NA,NA,NA,NA,NA,NA,NA,NA,NA,NA,NA,NA
Bufo_bufo,1,NA,NA,NA,NA,NA,NA,NA,NA,NA,NA,NA,NA,NA,NA,NA,NA,-0.200400896022024,NA,NA,NA,NA,NA,NA,NA,NA,NA,NA,NA,NA,NA,NA,NA,NA,NA,NA,NA,NA,NA,NA,NA,NA,NA
Rana_arvalis,1,NA,NA,NA,NA,NA,NA,NA,NA,NA,NA,NA,NA,NA,NA,NA,NA,-0.360160439779998,NA,NA,NA,NA,NA,NA,NA,NA,NA,NA,NA,NA,NA,NA,NA,NA,NA,NA,NA,NA,NA,NA,NA,NA,NA
Sistrurus_miliarius,1,NA,NA,NA,NA,NA,NA,NA,NA,NA,NA,NA,NA,NA,NA,NA,NA,-0.160255101881397,0.227243781503063,NA,NA,NA,NA,NA,NA,NA,NA,NA,NA,NA,NA,NA,NA,NA,NA,NA,NA,NA,NA,NA,NA,NA,NA
Oligosoma_suteri,1,NA,NA,NA,NA,NA,NA,NA,NA,NA,NA,NA,NA,NA,NA,NA,NA,-0.15075930670293,-0.00117100988330132,0.143632822661912,0.121262172389096,0.122318531195181,0.0545114152570481,NA,NA,NA,NA,NA,NA,NA,NA,NA,NA,NA,NA,NA,NA,NA,NA,NA,NA,NA,NA
Oligosoma_alani,1,NA,NA,NA,NA,NA,NA,NA,NA,NA,NA,NA,NA,NA,NA,NA,NA,0.471350028910294,-0.096281680423674,-0.000879198252701441,-0.00194505774725362,0.123569720429021,-0.109584696775544,NA,NA,NA,NA,NA,NA,NA,NA,NA,NA,NA,NA,NA,NA,NA,NA,NA,NA,NA,NA
Sistrurus_catenatus,1,NA,NA,NA,NA,NA,NA,NA,NA,NA,NA,NA,NA,NA,NA,NA,NA,NA,0.0017899507407857,0.00178995074088451,0.00178995074103194,0.00178995074124755,0.00178995074169119,0.00178995074249477,0.00178995074355592,0.00178995074456778,0.001789950745267,0.00178995074558563,0.00178995074558896,0.00178995074538002,0.00178995074509514,0.0088957892707614,0.0160016277967689,0.0160016277969952,0.0160016277971573,0.0160016277971418,0.0614479308558046,0.0603684891583588,-0.102923560909905,0.0843208857000359,0.121733596733089,NA,NA
Tropidurus_itambere,1,NA,NA,NA,NA,NA,NA,NA,NA,NA,NA,NA,NA,NA,NA,NA,NA,NA,0.0520885022965261,NA,NA,NA,NA,NA,NA,NA,NA,NA,NA,NA,NA,NA,NA,NA,NA,NA,NA,NA,NA,NA,NA,NA,NA
Amalosia_lesueurii,1,NA,NA,NA,NA,NA,NA,NA,NA,NA,NA,NA,NA,NA,NA,NA,NA,NA,-0.0147232568207063,0.0219018414478298,NA,NA,NA,NA,NA,NA,NA,NA,NA,NA,NA,NA,NA,NA,NA,NA,NA,NA,NA,NA,NA,NA,NA
Anguis_fragilis,1,NA,NA,NA,NA,NA,NA,NA,NA,NA,NA,NA,NA,NA,NA,NA,NA,NA,NA,0.081368753964967,0.107762172436193,0.130589142152858,0.119105106013446,0.0770333312216751,0.0334718442597559,0.00765991959562173,-0.00397138926481011,-0.0100445143754442,-0.00871167960920394,0.00502495331575092,0.0258655055143047,0.0405301608507425,0.0408427410444556,0.0288343894026393,0.0106924750871675,-0.00819997043986076,-0.0216216752900462,-0.021955671618199,-0.00631541415111814,0.0172731133608748,0.0338470204835053,NA,NA
Coronella_austriaca,1,NA,NA,NA,NA,NA,NA,NA,NA,NA,NA,NA,NA,NA,NA,NA,NA,NA,NA,0.0958634532095601,0.089240125022731,0.0779631874599076,0.0522554471923997,0.0321591768991938,0.00598502023563852,-0.014035606048423,-0.023063019021406,-0.0273540377420619,-0.0352915666066921,-0.0461775657143559,-0.0495839040860796,-0.0369509769349345,-0.013131753698957,0.00642285839713153,-0.0200523176548315,-0.00861055174356684,0.00515913030685855,0.0203999745100236,0.0346448682669012,0.0447559206449579,0.0493599437057042,NA,NA
Varanus_komodoensis,1,NA,NA,NA,NA,NA,NA,NA,NA,NA,NA,NA,NA,NA,NA,NA,NA,NA,NA,-0.0243731924375477,-0.0243731924375476,-0.0243731924375476,-0.0243731924375477,-0.0243731924375476,-0.0243731924375476,-0.0243731924375476,-0.0243731924375477,-0.0484550065040282,-0.0229701564544728,NA,NA,NA,NA,NA,NA,NA,NA,NA,NA,NA,NA,NA,NA
Podarcis_muralis,1,NA,NA,NA,NA,NA,NA,NA,NA,NA,NA,NA,NA,NA,NA,NA,NA,NA,NA,NA,0.0715635888061184,0.0683912850116668,0.0610625143783623,0.0501988757773337,0.038278182425346,0.0278142515783939,0.0193839225348942,0.00579020772915695,0.501543785255681,0.144730187628662,-0.00507402885126007,0.265442156923955,0.000231346639842034,0.013630990090427,0.0270863045739187,0.0369347256584409,0.0424734967609708,0.0457143496556967,0.0489910617756775,0.0526333531100587,0.0550795095180869,NA,NA
Sechellophryne_gardineri,1,NA,NA,NA,NA,NA,NA,NA,NA,NA,NA,NA,NA,NA,NA,NA,NA,NA,NA,NA,0.0104630593641057,0.019622319145971,0.0302904589575324,0.0319365854003708,0.0201680289118475,-0.00100328846556419,-0.023922459522022,-0.0425318761100977,-0.0541332572323117,-0.0589635563868036,NA,NA,NA,NA,NA,NA,NA,NA,NA,NA,NA,NA,NA
Sooglossus_sechellensis,1,NA,NA,NA,NA,NA,NA,NA,NA,NA,NA,NA,NA,NA,NA,NA,NA,NA,NA,NA,-0.0920111068997094,-0.0721238485352411,-0.0372353918512536,0.00023524551745524,0.0282923939559501,0.0407446023507907,0.0373660712290111,0.0229174758028061,0.00608185493316515,-0.00426293997759863,NA,NA,NA,NA,NA,NA,NA,NA,NA,NA,NA,NA,NA
Sauromalus_ater,1,NA,NA,NA,NA,NA,NA,NA,NA,NA,NA,NA,NA,NA,NA,NA,NA,NA,NA,NA,-0.0669467896306131,0,-0.0377885608893997,0.0377885608893997,0,0,0,0,0,0,0,0,0,0,0,0,NA,NA,NA,NA,NA,NA,NA
Iguana_delicatissima,1,NA,NA,NA,NA,NA,NA,NA,NA,NA,NA,NA,NA,NA,NA,NA,NA,NA,NA,NA,-0.413003755107914,0.150514997831991,0.150514997831991,0.0308139474142195,-0.0308139474142195,-0.0945281181100246,-0.0945281181100244,0.0377885608893997,0.170017111343488,NA,NA,NA,NA,NA,NA,NA,NA,NA,NA,NA,NA,NA,NA
Dendroaspis_jamesoni,1,NA,NA,NA,NA,NA,NA,NA,NA,NA,NA,NA,NA,NA,NA,NA,NA,NA,NA,NA,0.00121505042852132,0.00127213210932764,0.00135012426410652,0.001412055120807,0.00147541344513824,0.00160405789167317,0.00184365266048592,0.00217291907574557,0.00251822740213736,0.00280844102796163,0.0030122698430497,0.00313280776635527,0.00318518780391774,NA,NA,NA,NA,NA,NA,NA,NA,NA,NA
Python_regius,1,NA,NA,NA,NA,NA,NA,NA,NA,NA,NA,NA,NA,NA,NA,NA,NA,NA,NA,NA,0.0147259514982903,0.00723749869648871,-0.00905209409799079,-0.0287605023699484,-0.0437391681139325,-0.05360354889778,-0.0679910947663418,-0.0940011046045686,-0.121262354672125,-0.125014538146551,-0.0902311817920814,-0.0331385687271075,0.00814426552895953,NA,NA,NA,NA,NA,NA,NA,NA,NA,NA
Bitis_nasicornis,1,NA,NA,NA,NA,NA,NA,NA,NA,NA,NA,NA,NA,NA,NA,NA,NA,NA,NA,NA,-0.0244834020850651,-0.0557197411837702,-0.136430020574938,-0.260094536222741,-0.36769032670901,-0.375021230737045,-0.245102558593167,-0.0371613463299711,0.127412375926961,0.16287377265831,0.0916528293449031,0.0162965872921539,NA,NA,NA,NA,NA,NA,NA,NA,NA,NA,NA
Bitis_gabonica,1,NA,NA,NA,NA,NA,NA,NA,NA,NA,NA,NA,NA,NA,NA,NA,NA,NA,NA,NA,0.0380978051409966,0.025949490216846,-0.00581992561696798,-0.0584980862645483,-0.11994605241577,-0.167990003126046,-0.182379481279947,-0.156731777175299,-0.10158877635272,-0.0372255353562189,0.0174431474023051,0.05229068089125,0.0671129585870834,NA,NA,NA,NA,NA,NA,NA,NA,NA,NA
Alsophis_antiguae,1,NA,NA,NA,NA,NA,NA,NA,NA,NA,NA,NA,NA,NA,NA,NA,NA,NA,NA,NA,0.0204249547972204,0.0204249547959461,0.0204249547936033,0.0204249547911619,0.0876570397799724,0.076988978354002,0.0560934695906585,0.172743663748601,0.0998246809399845,0.12801626955723,NA,NA,NA,NA,NA,NA,NA,NA,NA,NA,NA,NA,NA
Hierophis_viridiflavus,1,NA,NA,NA,NA,NA,NA,NA,NA,NA,NA,NA,NA,NA,NA,NA,NA,NA,NA,NA,-0.0829909374356566,-0.0822365772618652,-0.031950278324437,-0.0302171181823273,-0.0266980854601134,-0.0213672167660183,-0.0155740823784731,-0.0107293389390615,-0.00673241913700318,-0.00245037395929726,0.00233580906419451,0.00633379962969938,0.00836491581383181,0.00881546993995408,NA,NA,NA,NA,NA,NA,NA,NA,NA
Boa_constrictor,1,NA,NA,NA,NA,NA,NA,NA,NA,NA,NA,NA,NA,NA,NA,NA,NA,NA,NA,NA,NA,-0.0969100130080565,0.314393957221963,-0.0561159419789314,0.277964691595288,NA,NA,NA,NA,NA,NA,NA,NA,NA,NA,NA,NA,NA,NA,NA,NA,NA,NA
Tropidurus_torquatus,1,NA,NA,NA,NA,NA,NA,NA,NA,NA,NA,NA,NA,NA,NA,NA,NA,NA,NA,NA,NA,-0.201820094764344,0.0625555036646415,NA,NA,NA,NA,NA,NA,NA,NA,NA,NA,NA,NA,NA,NA,NA,NA,NA,NA,NA,NA
Euleptes_europaea,1,NA,NA,NA,NA,NA,NA,NA,NA,NA,NA,NA,NA,NA,NA,NA,NA,NA,NA,NA,NA,-0.187990482355389,0.0177287669604318,-0.356547323513813,0.389971079000762,NA,NA,NA,NA,NA,NA,NA,NA,NA,NA,NA,NA,NA,NA,NA,NA,NA,NA
Cyclura_rileyi,1,NA,NA,NA,NA,NA,NA,NA,NA,NA,NA,NA,NA,NA,NA,NA,NA,NA,NA,NA,NA,NA,-0.0241523397872774,-0.0241523397872776,-0.0843208857000359,NA,NA,NA,NA,NA,NA,NA,NA,NA,NA,NA,NA,NA,NA,NA,NA,NA,NA
Pristimantis_peruvianus,1,NA,NA,NA,NA,NA,NA,NA,NA,NA,NA,NA,NA,NA,NA,NA,NA,NA,NA,NA,NA,NA,-0.176126606346127,NA,NA,NA,NA,NA,NA,NA,NA,NA,NA,NA,NA,NA,NA,NA,NA,NA,NA,NA,NA
Ambystoma_gracile,1,NA,NA,NA,NA,NA,NA,NA,NA,NA,NA,NA,NA,NA,NA,NA,NA,NA,NA,NA,NA,NA,-0.712984366136141,0.414651886415513,0.183988392647297,-0.0590496560389973,NA,NA,NA,NA,NA,NA,NA,NA,NA,NA,NA,NA,NA,NA,NA,NA,NA
Taricha_granulosa,1,NA,NA,NA,NA,NA,NA,NA,NA,NA,NA,NA,NA,NA,NA,NA,NA,NA,NA,NA,NA,NA,-0.182930683585987,0.602059991327962,-0.602059991327962,0.301029995663981,NA,NA,NA,NA,NA,NA,NA,NA,NA,NA,NA,NA,NA,NA,NA,NA,NA
Rana_cascadae,1,NA,NA,NA,NA,NA,NA,NA,NA,NA,NA,NA,NA,NA,NA,NA,NA,NA,NA,NA,NA,NA,0.66216735642827,-0.243038048686294,-0.301029995663981,0,NA,NA,NA,NA,NA,NA,NA,NA,NA,NA,NA,NA,NA,NA,NA,NA,NA
Crotalus_pricei,1,NA,NA,NA,NA,NA,NA,NA,NA,NA,NA,NA,NA,NA,NA,NA,NA,NA,NA,NA,NA,NA,-0.00215683203364592,-0.0375759479628547,-0.0382327446830187,-0.0372496997088967,-0.0340768177526837,-0.0295970053293091,0.0608748306263993,0.0441042139342406,0.0339900651243911,0.0243107509686675,0.00475238708269143,0.00842329123748342,NA,NA,NA,NA,NA,NA,NA,NA,NA
Notechis_scutatus,1,NA,NA,NA,NA,NA,NA,NA,NA,NA,NA,NA,NA,NA,NA,NA,NA,NA,NA,NA,NA,NA,-0.00387246906895378,-0.00387246906948091,-0.00387246907040284,-0.00387246907139494,-0.00387246907216898,-0.00387246907261707,-0.00387246907276184,-0.00387246907267524,-0.00387246907244387,-0.00387246907219296,-0.00387246907204286,NA,NA,NA,NA,NA,NA,NA,NA,NA,NA
Smilisca_baudinii,1,NA,NA,NA,NA,NA,NA,NA,NA,NA,NA,NA,NA,NA,NA,NA,NA,NA,NA,NA,NA,NA,0.494850021680094,-0.397940008672038,-0.397940008672038,0.261262868792493,0.613798394599206,-0.301029995663981,-0.34948500216801,-0.349485002168009,0.895312333056253,0.0696252829724214,NA,NA,NA,NA,NA,NA,NA,NA,NA,NA,NA
Scinax_staufferi,1,NA,NA,NA,NA,NA,NA,NA,NA,NA,NA,NA,NA,NA,NA,NA,NA,NA,NA,NA,NA,NA,-0.146128035678238,0.301029995663981,0.191730393362856,-0.0805799412401895,-0.412180447786648,-0.0263937486825414,-0.0263937486825419,-0.0263937486825414,0.491361693834273,-0.792391689498254,NA,NA,NA,NA,NA,NA,NA,NA,NA,NA,NA
Rhinophrynus_dorsalis,1,NA,NA,NA,NA,NA,NA,NA,NA,NA,NA,NA,NA,NA,NA,NA,NA,NA,NA,NA,NA,NA,-0.0376287494579977,-0.0376287494579977,-0.0376287494579977,-0.0376287494579976,-0.0376287494579977,0.0475089600496741,0.0475089600496741,0.0475089600496741,-0.0969100130080565,0.193820026016113,NA,NA,NA,NA,NA,NA,NA,NA,NA,NA,NA
Lithobates_berlandieri,1,NA,NA,NA,NA,NA,NA,NA,NA,NA,NA,NA,NA,NA,NA,NA,NA,NA,NA,NA,NA,NA,0,-0.301029995663981,0,0,0,0,0.198970004336019,0.198970004336019,0.146128035678238,NA,NA,NA,NA,NA,NA,NA,NA,NA,NA,NA,NA
Leptodactylus_melanonotus,1,NA,NA,NA,NA,NA,NA,NA,NA,NA,NA,NA,NA,NA,NA,NA,NA,NA,NA,NA,NA,NA,-0.602059991327962,-0.174742501084005,-0.612273132779855,0.0663233347786729,0.179209583152666,0.179209583152666,0.0134012462059835,0.0134012462059835,NA,NA,NA,NA,NA,NA,NA,NA,NA,NA,NA,NA,NA
Leptodactylus_fragilis,1,NA,NA,NA,NA,NA,NA,NA,NA,NA,NA,NA,NA,NA,NA,NA,NA,NA,NA,NA,NA,NA,0.0668955545919958,-0.0545978522318427,0.108705276211993,0.108705276211993,-0.0962440977679427,-0.0962440977679427,-0.0962440977679427,0.334477772959979,0.0668955545919958,-0.301029995663981,NA,NA,NA,NA,NA,NA,NA,NA,NA,NA,NA
Hypopachus_variolosus,1,NA,NA,NA,NA,NA,NA,NA,NA,NA,NA,NA,NA,NA,NA,NA,NA,NA,NA,NA,NA,NA,0.0413425598672335,0.041342559867426,0.041342559867688,0.0413425598678185,0.0413425598676886,0.0413425598673354,0.0413425598669255,0.0413425598666273,0.136167344461349,0.0551119246371189,NA,NA,NA,NA,NA,NA,NA,NA,NA,NA,NA
Tlalocohyla_picta,1,NA,NA,NA,NA,NA,NA,NA,NA,NA,NA,NA,NA,NA,NA,NA,NA,NA,NA,NA,NA,NA,-0.00631986938524531,-0.00621532526113966,0.040471949780069,0.0390999724934054,-0.0822520809006334,-0.0843711865325175,-0.0306409029518592,-0.0319784360283824,-0.163705724043974,-0.173126525223832,NA,NA,NA,NA,NA,NA,NA,NA,NA,NA,NA
Dendropsophus_microcephalus,1,NA,NA,NA,NA,NA,NA,NA,NA,NA,NA,NA,NA,NA,NA,NA,NA,NA,NA,NA,NA,NA,0.00346364169950236,0.218095960951227,0.182350360130907,0.141908579842237,-0.109418142561659,-0.134496559709751,-0.147195290417436,0.17729480647192,-0.198101542461467,0.19115192332469,NA,NA,NA,NA,NA,NA,NA,NA,NA,NA,NA
Tlalocohyla_loquax,1,NA,NA,NA,NA,NA,NA,NA,NA,NA,NA,NA,NA,NA,NA,NA,NA,NA,NA,NA,NA,NA,-0.0947444957782029,-0.0947444957781878,0.123810143416212,0.123810143416076,-0.194383655271411,-0.194383655271515,-0.194383655271478,-0.194383655271339,0.27923400899841,-0.8750612633917,NA,NA,NA,NA,NA,NA,NA,NA,NA,NA,NA
Dendropsophus_ebraccatus,1,NA,NA,NA,NA,NA,NA,NA,NA,NA,NA,NA,NA,NA,NA,NA,NA,NA,NA,NA,NA,NA,0.40895073571534,0.251664084113365,0.0469225146789187,-0.029916272680454,-0.0374223758890173,2.6680415293287e-05,0.0271293924874826,0.0055134281824096,-0.18656148720372,-0.296740869225315,NA,NA,NA,NA,NA,NA,NA,NA,NA,NA,NA
Incilius_valliceps,1,NA,NA,NA,NA,NA,NA,NA,NA,NA,NA,NA,NA,NA,NA,NA,NA,NA,NA,NA,NA,NA,-0.271038126928457,-0.166656890355084,-0.0151607240023235,0.074787168434757,0.0199885813524532,-0.132237774208258,-0.193022024690554,0.00328365503872852,0.392842732261187,0.697886491967346,NA,NA,NA,NA,NA,NA,NA,NA,NA,NA,NA
Rhinella_marina,1,NA,NA,NA,NA,NA,NA,NA,NA,NA,NA,NA,NA,NA,NA,NA,NA,NA,NA,NA,NA,NA,0.114400745168392,-0.676693609624867,0.176091259055681,0.176091259055681,-0.0642137656365043,0.00403894953053174,-0.108868752295891,-0.108868752295891,-0.108868752295891,-0.108868752295891,NA,NA,NA,NA,NA,NA,NA,NA,NA,NA,NA
Agalychnis_callidryas,1,NA,NA,NA,NA,NA,NA,NA,NA,NA,NA,NA,NA,NA,NA,NA,NA,NA,NA,NA,NA,NA,0.494511701140444,0.403372973144053,0.18039576838997,-0.121493787956557,-0.328284821718512,-0.29365907720587,-0.0611404190555794,0.173919613708552,0.455005828614897,-0.247743661624063,NA,NA,NA,NA,NA,NA,NA,NA,NA,NA,NA
Sceloporus_bicanthalis,1,NA,NA,NA,NA,NA,NA,NA,NA,NA,NA,NA,NA,NA,NA,NA,NA,NA,NA,NA,NA,NA,NA,0.252186653394041,NA,NA,NA,NA,NA,NA,NA,NA,NA,NA,NA,NA,NA,NA,NA,NA,NA,NA,NA
Stegonotus_cucullatus,1,NA,NA,NA,NA,NA,NA,NA,NA,NA,NA,NA,NA,NA,NA,NA,NA,NA,NA,NA,NA,NA,NA,0.0077304553674791,0.00593044198819037,0.00197437883226927,-0.00135718922387856,0.00213781182616695,0.0167423154665199,0.0388129222070055,0.0576435471756508,0.0638812979711986,0.0573699478276366,0.0463052890709929,0.0150148646568558,0.00870095942658544,NA,NA,NA,NA,NA,NA,NA
Tropidonophis_mairii,1,NA,NA,NA,NA,NA,NA,NA,NA,NA,NA,NA,NA,NA,NA,NA,NA,NA,NA,NA,NA,NA,NA,-0.00556678294924562,-0.0119893103873326,-0.02083311882432,-0.0270880486582182,-0.0310162406141944,-0.0351782010183958,-0.0352374497915112,-0.019327842163174,0.0187324436628625,0.0663645946021317,0.0983737283643372,-0.022723053905978,-0.0220353074652562,NA,NA,NA,NA,NA,NA,NA
Liasis_fuscus,1,NA,NA,NA,NA,NA,NA,NA,NA,NA,NA,NA,NA,NA,NA,NA,NA,NA,NA,NA,NA,NA,NA,0.0860898314752246,0.0826023537200012,0.0735260341528275,0.057336727643331,0.03448734229258,0.00695493318717788,-0.0232178943992527,-0.0543508088781535,-0.0837869330195053,-0.106854020135066,-0.118930485631482,NA,NA,NA,NA,NA,NA,NA,NA,NA
Antaresia_childreni,1,NA,NA,NA,NA,NA,NA,NA,NA,NA,NA,NA,NA,NA,NA,NA,NA,NA,NA,NA,NA,NA,NA,-0.448314793760994,-0.321966225183453,-0.138019893296126,0.00984656012688245,0.0923422199014421,0.122112097496519,0.153661550499679,0.16189958042347,0.070673563723775,-0.110237684003139,-0.254573219249283,NA,NA,NA,NA,NA,NA,NA,NA,NA
Cryptophis_pallidiceps,1,NA,NA,NA,NA,NA,NA,NA,NA,NA,NA,NA,NA,NA,NA,NA,NA,NA,NA,NA,NA,NA,NA,0.0238047393042669,0.023804739304496,0.0238047393048433,0.0238047393051419,0.0238047393053276,0.0238047393054746,0.0238047393056711,0.0238047393059149,0.0238047393061254,0.0238047393062442,0.023804739306284,NA,NA,NA,NA,NA,NA,NA,NA,NA
Pseudonaja_nuchalis,1,NA,NA,NA,NA,NA,NA,NA,NA,NA,NA,NA,NA,NA,NA,NA,NA,NA,NA,NA,NA,NA,NA,0,0,0,0,0,0.176091259055681,0.367976785294595,0.0774509799928715,NA,NA,NA,NA,NA,NA,NA,NA,NA,NA,NA,NA
Pseudechis_australis,1,NA,NA,NA,NA,NA,NA,NA,NA,NA,NA,NA,NA,NA,NA,NA,NA,NA,NA,NA,NA,NA,NA,0.0223669358413049,0.00519754662069849,-0.0261689533183698,-0.0678740523739438,-0.120341863448615,-0.18522474752775,-0.266842411500628,-0.358809574726889,-0.439671628610621,-0.484972881528528,NA,NA,NA,NA,NA,NA,NA,NA,NA,NA
Acanthophis_praelongus,1,NA,NA,NA,NA,NA,NA,NA,NA,NA,NA,NA,NA,NA,NA,NA,NA,NA,NA,NA,NA,NA,NA,0.113013984856961,0.113013984857122,0.113013984857336,0.113013984857451,0.11301398485744,0.113013984857345,0.113013984857243,0.113013984857179,0.113013984857146,0.113013984857127,0.113013984857116,NA,NA,NA,NA,NA,NA,NA,NA,NA
Anaxyrus_americanus,1,NA,NA,NA,NA,NA,NA,NA,NA,NA,NA,NA,NA,NA,NA,NA,NA,NA,NA,NA,NA,NA,NA,-0.134698573897456,NA,NA,NA,NA,NA,NA,NA,NA,NA,NA,NA,NA,NA,NA,NA,NA,NA,NA,NA
Leptodactylus_albilabris,1,NA,NA,NA,NA,NA,NA,NA,NA,NA,NA,NA,NA,NA,NA,NA,NA,NA,NA,NA,NA,NA,NA,-0.17846123882622,NA,NA,NA,NA,NA,NA,NA,NA,NA,NA,NA,NA,NA,NA,NA,NA,NA,NA,NA
Eleutherodactylus_wightmanae,1,NA,NA,NA,NA,NA,NA,NA,NA,NA,NA,NA,NA,NA,NA,NA,NA,NA,NA,NA,NA,NA,NA,0.0162049796622653,NA,NA,NA,NA,NA,NA,NA,NA,NA,NA,NA,NA,NA,NA,NA,NA,NA,NA,NA
Eleutherodactylus_brittoni,1,NA,NA,NA,NA,NA,NA,NA,NA,NA,NA,NA,NA,NA,NA,NA,NA,NA,NA,NA,NA,NA,NA,-0.315483482469064,NA,NA,NA,NA,NA,NA,NA,NA,NA,NA,NA,NA,NA,NA,NA,NA,NA,NA,NA
Eleutherodactylus_richmondi,1,NA,NA,NA,NA,NA,NA,NA,NA,NA,NA,NA,NA,NA,NA,NA,NA,NA,NA,NA,NA,NA,NA,-0.826074802700826,NA,NA,NA,NA,NA,NA,NA,NA,NA,NA,NA,NA,NA,NA,NA,NA,NA,NA,NA
Eleutherodactylus_antillensis,1,NA,NA,NA,NA,NA,NA,NA,NA,NA,NA,NA,NA,NA,NA,NA,NA,NA,NA,NA,NA,NA,NA,-0.720159303405957,NA,NA,NA,NA,NA,NA,NA,NA,NA,NA,NA,NA,NA,NA,NA,NA,NA,NA,NA
Hemisus_marmoratus,1,NA,NA,NA,NA,NA,NA,NA,NA,NA,NA,NA,NA,NA,NA,NA,NA,NA,NA,NA,NA,NA,NA,-0.297503904722453,0.0721002008890537,0.0996774883476852,NA,NA,NA,NA,NA,NA,NA,NA,NA,NA,NA,NA,NA,NA,NA,NA,NA
Brachylophus_vitiensis,1,NA,NA,NA,NA,NA,NA,NA,NA,NA,NA,NA,NA,NA,NA,NA,NA,NA,NA,NA,NA,NA,NA,-0.406456678321428,-0.406456678321428,0.0768163071260913,0.0768163071260912,0.0768163071260914,NA,NA,NA,NA,NA,NA,NA,NA,NA,NA,NA,NA,NA,NA,NA
Triprion_petasatus,1,NA,NA,NA,NA,NA,NA,NA,NA,NA,NA,NA,NA,NA,NA,NA,NA,NA,NA,NA,NA,NA,NA,0.083546051450075,-0.602059991327962,0.349485002168009,0.349485002168009,-0.698970004336019,0.150514997831991,0.150514997831991,0.301029995663981,0.301029995663981,NA,NA,NA,NA,NA,NA,NA,NA,NA,NA,NA
Trachycephalus_typhonius,1,NA,NA,NA,NA,NA,NA,NA,NA,NA,NA,NA,NA,NA,NA,NA,NA,NA,NA,NA,NA,NA,NA,-0.0260557723518364,-0.0260557723520135,0.0647872388622163,0.0647872388620899,0.0647872388620021,0.0647872388619865,0.0647872388620376,-0.0260557723525076,-0.026055772352414,NA,NA,NA,NA,NA,NA,NA,NA,NA,NA,NA
Leptodactylus_fallax,1,NA,NA,NA,NA,NA,NA,NA,NA,NA,NA,NA,NA,NA,NA,NA,NA,NA,NA,NA,NA,NA,NA,NA,0.168261618875279,-0.0961307933386809,0.215177173490468,-0.246250493293502,-0.328046550585241,-0.204949640523804,-0.46932181185073,-0.17824586230099,-0.35649172460198,-0.35649172460198,-0.35649172460198,-0.35649172460198,0,NA,NA,NA,NA,NA,NA
Leiopelma_hamiltoni,1,NA,NA,NA,NA,NA,NA,NA,NA,NA,NA,NA,NA,NA,NA,NA,NA,NA,NA,NA,NA,NA,NA,NA,0.144137279054761,-0.0991349032270752,0.368953217229573,-0.404564847160751,NA,NA,NA,NA,NA,NA,NA,NA,NA,NA,NA,NA,NA,NA,NA
Podarcis_filfolensis,1,NA,NA,NA,NA,NA,NA,NA,NA,NA,NA,NA,NA,NA,NA,NA,NA,NA,NA,NA,NA,NA,NA,NA,-0.0874823108553779,-0.0874823108553779,-0.174406764214375,-0.201104259427952,-0.0949111023011094,-0.819509992363394,-0.819509992363394,NA,NA,NA,NA,NA,NA,NA,NA,NA,NA,NA,NA
Boiga_irregularis,1,NA,NA,NA,NA,NA,NA,NA,NA,NA,NA,NA,NA,NA,NA,NA,NA,NA,NA,NA,NA,NA,NA,NA,0.107278435542772,0.107278435542528,0.107278435542133,0.107278435541748,0.10727843554148,0.107278435541325,0.107278435541173,0.107278435540941,0.107278435540668,0.107278435540485,NA,NA,NA,NA,NA,NA,NA,NA,NA
Furina_ornata,1,NA,NA,NA,NA,NA,NA,NA,NA,NA,NA,NA,NA,NA,NA,NA,NA,NA,NA,NA,NA,NA,NA,NA,-0.1249387366083,0.1249387366083,0.0969100130080562,0.447158031342219,-0.0487093452260794,-0.0487093452260794,-0.0487093452260794,0,0,0,NA,NA,NA,NA,NA,NA,NA,NA,NA
Drymarchon_couperi,1,NA,NA,NA,NA,NA,NA,NA,NA,NA,NA,NA,NA,NA,NA,NA,NA,NA,NA,NA,NA,NA,NA,NA,0.110424044374285,0.108241703291411,0.101347671824219,0.087781877209449,0.0682669649687291,0.0464910935567711,0.0274630864114769,0.0148430164966611,0.00905202049820808,0.00758930029667959,NA,NA,NA,NA,NA,NA,NA,NA,NA
Gastrophryne_elegans,1,NA,NA,NA,NA,NA,NA,NA,NA,NA,NA,NA,NA,NA,NA,NA,NA,NA,NA,NA,NA,NA,NA,NA,0,0.698970004336019,-0.397940008672038,0.314002684340771,0.314002684340771,0.314002684340771,-0.544068044350276,NA,NA,NA,NA,NA,NA,NA,NA,NA,NA,NA,NA
Thamnophis_sirtalis,1,NA,NA,NA,NA,NA,NA,NA,NA,NA,NA,NA,NA,NA,NA,NA,NA,NA,NA,NA,NA,NA,NA,NA,0.058308372843709,0,-1,1,0,0.595096847390371,-0.124159517813277,NA,NA,NA,NA,NA,NA,NA,NA,NA,NA,NA,NA
Elachistocleis_ovalis,1,NA,NA,NA,NA,NA,NA,NA,NA,NA,NA,NA,NA,NA,NA,NA,NA,NA,NA,NA,NA,NA,NA,NA,NA,-0.301029995663981,NA,NA,NA,NA,NA,NA,NA,NA,NA,NA,NA,NA,NA,NA,NA,NA,NA
Morelia_spilota,1,NA,NA,NA,NA,NA,NA,NA,NA,NA,NA,NA,NA,NA,NA,NA,NA,NA,NA,NA,NA,NA,NA,NA,NA,0.176091259055681,-0.0880456295278407,-0.0880456295278405,0.301029995663981,0.352182518111362,-0.176091259055681,-0.150514997831991,-0.150514997831991,NA,NA,NA,NA,NA,NA,NA,NA,NA,NA
Thamnophis_elegans,1,NA,NA,NA,NA,NA,NA,NA,NA,NA,NA,NA,NA,NA,NA,NA,NA,NA,NA,NA,NA,NA,NA,NA,NA,-1,0,0,0,0,0,NA,NA,NA,NA,NA,NA,NA,NA,NA,NA,NA,NA
Rena_dissecta,1,NA,NA,NA,NA,NA,NA,NA,NA,NA,NA,NA,NA,NA,NA,NA,NA,NA,NA,NA,NA,NA,NA,NA,NA,-1,0,0,0,1,-1,NA,NA,NA,NA,NA,NA,NA,NA,NA,NA,NA,NA
Thamnophis_marcianus,1,NA,NA,NA,NA,NA,NA,NA,NA,NA,NA,NA,NA,NA,NA,NA,NA,NA,NA,NA,NA,NA,NA,NA,NA,1,-1,1,-1,0,0,NA,NA,NA,NA,NA,NA,NA,NA,NA,NA,NA,NA
Crotalus_atrox,1,NA,NA,NA,NA,NA,NA,NA,NA,NA,NA,NA,NA,NA,NA,NA,NA,NA,NA,NA,NA,NA,NA,NA,NA,0,0,0,1,0.688730760350755,-1,NA,NA,NA,NA,NA,NA,NA,NA,NA,NA,NA,NA
Heterodon_nasicus,1,NA,NA,NA,NA,NA,NA,NA,NA,NA,NA,NA,NA,NA,NA,NA,NA,NA,NA,NA,NA,NA,NA,NA,NA,0.176091259055681,-0.477121254719662,0.477121254719662,-0.176091259055681,0,-0.301029995663981,NA,NA,NA,NA,NA,NA,NA,NA,NA,NA,NA,NA
Tantilla_nigriceps,1,NA,NA,NA,NA,NA,NA,NA,NA,NA,NA,NA,NA,NA,NA,NA,NA,NA,NA,NA,NA,NA,NA,NA,NA,0.465291490753474,-1,0,1,0,-0.0785778795968346,NA,NA,NA,NA,NA,NA,NA,NA,NA,NA,NA,NA
Borikenophis_portoricensis,1,NA,NA,NA,NA,NA,NA,NA,NA,NA,NA,NA,NA,NA,NA,NA,NA,NA,NA,NA,NA,NA,NA,NA,NA,NA,0.0779813982695146,0.0779813982695146,-0.0377034444947388,-0.0377034444947384,0.0859900335998991,-0.00893808778778293,-0.0150347719004729,-0.0280872795656948,-0.0280872795656948,NA,NA,NA,NA,NA,NA,NA,NA
Varanus_panoptes,1,NA,NA,NA,NA,NA,NA,NA,NA,NA,NA,NA,NA,NA,NA,NA,NA,NA,NA,NA,NA,NA,NA,NA,NA,NA,-0.0762845993544719,0.073814392907063,-0.274287212263646,-0.305048163703672,-0.180376514620479,-0.60211426676801,-0.196673198157892,-0.126611629667089,-0.0600987892477561,-0.0600987892477561,-0.060098789247756,-0.0600987892477561,-0.0600987892477561,-0.060098789247756,NA,NA,NA
Dendrelaphis_punctulatus,1,NA,NA,NA,NA,NA,NA,NA,NA,NA,NA,NA,NA,NA,NA,NA,NA,NA,NA,NA,NA,NA,NA,NA,NA,NA,-0.513345401140169,0.513345401140169,-0.00061844519409221,0.0119004876454387,-0.777595074898498,1,-0.0133533641375103,-0.0133533641375104,-0.0133533641375104,-0.0133533641375103,-0.0133533641375104,-0.0133533641375104,-0.0133533641375104,-0.0133533641375103,NA,NA,NA
Lophognathus_gilberti,1,NA,NA,NA,NA,NA,NA,NA,NA,NA,NA,NA,NA,NA,NA,NA,NA,NA,NA,NA,NA,NA,NA,NA,NA,NA,0.273306251346438,0.263793134834561,-0.1489112642068,0.724430198013858,-0.28465904087772,0.161072982081641,0.0773444609330913,0.0773444609330913,0.0773444609330912,0.0773444609330913,0.0773444609330914,0.0773444609330912,0.0773444609330912,0.0773444609330914,NA,NA,NA
Varanus_mitchelli,1,NA,NA,NA,NA,NA,NA,NA,NA,NA,NA,NA,NA,NA,NA,NA,NA,NA,NA,NA,NA,NA,NA,NA,NA,NA,-0.0341242657416323,0.00981632555279477,0.0479344678219302,-0.214559134602438,-0.685585749632477,0.0722391228140192,-0.157383423545322,-0.157383423545322,-0.157383423545322,-0.157383423545322,-0.157383423545322,-0.157383423545322,-0.157383423545322,-0.157383423545322,NA,NA,NA
Anolis_polylepis,1,NA,NA,NA,NA,NA,NA,NA,NA,NA,NA,NA,NA,NA,NA,NA,NA,NA,NA,NA,NA,NA,NA,NA,NA,NA,-0.00594933251320118,NA,NA,NA,NA,NA,NA,NA,NA,NA,NA,NA,NA,NA,NA,NA,NA
Meroles_anchietae,1,NA,NA,NA,NA,NA,NA,NA,NA,NA,NA,NA,NA,NA,NA,NA,NA,NA,NA,NA,NA,NA,NA,NA,NA,NA,-0.69721172467968,-0.161768668330916,-0.161768668330916,0.565948245193078,-0.405537190422559,NA,NA,NA,NA,NA,NA,NA,NA,NA,NA,NA,NA
Erythrolamprus_poecilogyrus,1,NA,NA,NA,NA,NA,NA,NA,NA,NA,NA,NA,NA,NA,NA,NA,NA,NA,NA,NA,NA,NA,NA,NA,NA,NA,0.0187494360128389,0.440997722637401,NA,NA,NA,NA,NA,NA,NA,NA,NA,NA,NA,NA,NA,NA,NA
Philodryas_agassizii,1,NA,NA,NA,NA,NA,NA,NA,NA,NA,NA,NA,NA,NA,NA,NA,NA,NA,NA,NA,NA,NA,NA,NA,NA,NA,-0.837511917315235,-0.12057393120585,NA,NA,NA,NA,NA,NA,NA,NA,NA,NA,NA,NA,NA,NA,NA
Sphenodon_punctatus,1,NA,NA,NA,NA,NA,NA,NA,NA,NA,NA,NA,NA,NA,NA,NA,NA,NA,NA,NA,NA,NA,NA,NA,NA,NA,0.0256146981542984,0.0256146981542984,0.0256146981542984,0.0256146981542985,NA,NA,NA,NA,NA,NA,NA,NA,-0.0876219274598479,-0.0595263790426585,NA,NA,NA
Pristimantis_inusitatus,1,NA,NA,NA,NA,NA,NA,NA,NA,NA,NA,NA,NA,NA,NA,NA,NA,NA,NA,NA,NA,NA,NA,NA,NA,NA,NA,0.770035393249555,-0.192508848312389,-0.192508848312389,-0.192508848312389,-0.192508848312389,0,0,NA,NA,NA,NA,NA,NA,NA,NA,NA
Pristimantis_eriphus,1,NA,NA,NA,NA,NA,NA,NA,NA,NA,NA,NA,NA,NA,NA,NA,NA,NA,NA,NA,NA,NA,NA,NA,NA,NA,NA,0.303133034114184,-0.229507889832339,-0.229507889832339,-0.229507889832339,-0.229507889832339,0.0246089453634795,0.0246089453634795,NA,NA,NA,NA,NA,NA,NA,NA,NA
Pristimantis_petersi,1,NA,NA,NA,NA,NA,NA,NA,NA,NA,NA,NA,NA,NA,NA,NA,NA,NA,NA,NA,NA,NA,NA,NA,NA,NA,NA,1,0.014958805117594,0.0149588051175937,0.014958805117594,0.0149588051175937,-0.429098302019389,-0.429098302019389,NA,NA,NA,NA,NA,NA,NA,NA,NA
Pristimantis_bicantus,1,NA,NA,NA,NA,NA,NA,NA,NA,NA,NA,NA,NA,NA,NA,NA,NA,NA,NA,NA,NA,NA,NA,NA,NA,NA,NA,-0.197083681649943,-0.473673636265283,-0.473673636265283,-0.473673636265283,-0.473673636265283,0,0,NA,NA,NA,NA,NA,NA,NA,NA,NA
Homopus_signatus,1,NA,NA,NA,NA,NA,NA,NA,NA,NA,NA,NA,NA,NA,NA,NA,NA,NA,NA,NA,NA,NA,NA,NA,NA,NA,NA,0.091799874050688,0.0383732443844462,-0.0690806578081231,-0.0690806578081231,-0.0690806578081231,-0.0690806578081231,-0.0690806578081231,-0.0690806578081231,-0.0690806578081231,-0.0690806578081231,0.0805448091203731,-0.0266694283375186,NA,NA,NA,NA
Crotalus_cerastes,1,NA,NA,NA,NA,NA,NA,NA,NA,NA,NA,NA,NA,NA,NA,NA,NA,NA,NA,NA,NA,NA,NA,NA,NA,NA,NA,-0.32735893438633,-0.204119982655925,0.643452676486188,0.237360915794604,-0.734685556602553,NA,NA,NA,NA,NA,NA,NA,NA,NA,NA,NA
Phrynosoma_mcallii,1,NA,NA,NA,NA,NA,NA,NA,NA,NA,NA,NA,NA,NA,NA,NA,NA,NA,NA,NA,NA,NA,NA,NA,NA,NA,NA,-0.198657086954423,-0.327902142064283,-0.558154505628881,0.743389144124432,0,-0.141329152796469,NA,NA,NA,NA,NA,NA,NA,NA,NA,NA
Bothrops_insularis,1,NA,NA,NA,NA,NA,NA,NA,NA,NA,NA,NA,NA,NA,NA,NA,NA,NA,NA,NA,NA,NA,NA,NA,NA,NA,NA,0.00526443337181304,0.00526443337181259,-0.0695584497493535,-0.069558449749354,-0.0695584497493535,-0.0695584497493535,0.0889410833367812,0.151267675330649,NA,NA,NA,NA,NA,NA,NA,NA
Uma_inornata,1,NA,NA,NA,NA,NA,NA,NA,NA,NA,NA,NA,NA,NA,NA,NA,NA,NA,NA,NA,NA,NA,NA,NA,NA,NA,NA,0.0389575909739088,0.0389575909740312,0.0389575909740469,0.0389575909737691,0.0389575909732957,0.038957590972954,0.0389575909729997,0.0389575909733606,0.0389575909736852,NA,NA,NA,NA,NA,NA,NA
Lacerta_bilineata,1,NA,NA,NA,NA,NA,NA,NA,NA,NA,NA,NA,NA,NA,NA,NA,NA,NA,NA,NA,NA,NA,NA,NA,NA,NA,NA,1,0.17338358985636,0,0.123578545080853,0.241282947891552,NA,NA,NA,NA,NA,NA,NA,NA,NA,NA,NA
Acanthodactylus_scutellatus,1,NA,NA,NA,NA,NA,NA,NA,NA,NA,NA,NA,NA,NA,NA,NA,NA,NA,NA,NA,NA,NA,NA,NA,NA,NA,NA,0.120176837183676,NA,NA,NA,NA,NA,NA,NA,NA,NA,NA,NA,NA,NA,NA,NA
Strabomantis_bufoniformis,1,NA,NA,NA,NA,NA,NA,NA,NA,NA,NA,NA,NA,NA,NA,NA,NA,NA,NA,NA,NA,NA,NA,NA,NA,NA,NA,NA,-0.400864274756529,-0.400864274756529,-0.400864274756529,-0.400864274756529,-0.400864274756529,NA,NA,NA,NA,NA,NA,NA,NA,NA,NA
Pristimantis_ridens,1,NA,NA,NA,NA,NA,NA,NA,NA,NA,NA,NA,NA,NA,NA,NA,NA,NA,NA,NA,NA,NA,NA,NA,NA,NA,NA,NA,-0.400864274756529,-0.400864274756529,-0.400864274756529,-0.400864274756529,-0.400864274756528,NA,NA,NA,NA,NA,NA,NA,NA,NA,NA
Pristimantis_pardalis,1,NA,NA,NA,NA,NA,NA,NA,NA,NA,NA,NA,NA,NA,NA,NA,NA,NA,NA,NA,NA,NA,NA,NA,NA,NA,NA,NA,0.0669700062188261,0.0669700062188259,0.0669700062188261,0.0669700062188259,0.0669700062188261,NA,NA,NA,NA,NA,NA,NA,NA,NA,NA
Pristimantis_museosus,1,NA,NA,NA,NA,NA,NA,NA,NA,NA,NA,NA,NA,NA,NA,NA,NA,NA,NA,NA,NA,NA,NA,NA,NA,NA,NA,NA,0.0080482437556495,0.0080482437556495,0.00804824375564928,0.00804824375564972,0.0080482437556495,NA,NA,NA,NA,NA,NA,NA,NA,NA,NA
Pristimantis_gaigei,1,NA,NA,NA,NA,NA,NA,NA,NA,NA,NA,NA,NA,NA,NA,NA,NA,NA,NA,NA,NA,NA,NA,NA,NA,NA,NA,NA,-0.400864274756529,-0.400864274756529,-0.400864274756529,-0.400864274756529,-0.400864274756528,NA,NA,NA,NA,NA,NA,NA,NA,NA,NA
Pristimantis_cruentus,1,NA,NA,NA,NA,NA,NA,NA,NA,NA,NA,NA,NA,NA,NA,NA,NA,NA,NA,NA,NA,NA,NA,NA,NA,NA,NA,NA,-0.0364537947479052,-0.0364537947479052,-0.0364537947479052,-0.0364537947479052,-0.0364537947479051,NA,NA,NA,NA,NA,NA,NA,NA,NA,NA
Pristimantis_cerasinus,1,NA,NA,NA,NA,NA,NA,NA,NA,NA,NA,NA,NA,NA,NA,NA,NA,NA,NA,NA,NA,NA,NA,NA,NA,NA,NA,NA,-0.0661503754567341,-0.0661503754567339,-0.0661503754567339,-0.0661503754567341,-0.0661503754567339,NA,NA,NA,NA,NA,NA,NA,NA,NA,NA
Oophaga_vicentei,1,NA,NA,NA,NA,NA,NA,NA,NA,NA,NA,NA,NA,NA,NA,NA,NA,NA,NA,NA,NA,NA,NA,NA,NA,NA,NA,NA,0.271419557405353,0.271419557405353,0.271419557405353,0.271419557405353,0.271419557405353,NA,NA,NA,NA,NA,NA,NA,NA,NA,NA
Oedipina_parvipes,1,NA,NA,NA,NA,NA,NA,NA,NA,NA,NA,NA,NA,NA,NA,NA,NA,NA,NA,NA,NA,NA,NA,NA,NA,NA,NA,NA,-0.400864274756529,-0.400864274756529,-0.400864274756529,-0.400864274756529,-0.400864274756528,NA,NA,NA,NA,NA,NA,NA,NA,NA,NA
Oedipina_collaris,1,NA,NA,NA,NA,NA,NA,NA,NA,NA,NA,NA,NA,NA,NA,NA,NA,NA,NA,NA,NA,NA,NA,NA,NA,NA,NA,NA,0.0124295813497692,0.0124295813497688,0.0124295813497688,0.0124295813497688,0.0124295813497692,NA,NA,NA,NA,NA,NA,NA,NA,NA,NA
Diasporus_quidditus,1,NA,NA,NA,NA,NA,NA,NA,NA,NA,NA,NA,NA,NA,NA,NA,NA,NA,NA,NA,NA,NA,NA,NA,NA,NA,NA,NA,0.179922194774594,0.179922194774594,0.179922194774594,0.179922194774594,0.179922194774594,NA,NA,NA,NA,NA,NA,NA,NA,NA,NA
Craugastor_megacephalus,1,NA,NA,NA,NA,NA,NA,NA,NA,NA,NA,NA,NA,NA,NA,NA,NA,NA,NA,NA,NA,NA,NA,NA,NA,NA,NA,NA,-0.400864274756528,-0.400864274756529,-0.400864274756529,-0.400864274756529,-0.400864274756529,NA,NA,NA,NA,NA,NA,NA,NA,NA,NA
Craugastor_gollmeri,1,NA,NA,NA,NA,NA,NA,NA,NA,NA,NA,NA,NA,NA,NA,NA,NA,NA,NA,NA,NA,NA,NA,NA,NA,NA,NA,NA,-0.0429516139910004,-0.0429516139910007,-0.0429516139910004,-0.0429516139910007,-0.0429516139910004,NA,NA,NA,NA,NA,NA,NA,NA,NA,NA
Bolitoglossa_schizodactyla,1,NA,NA,NA,NA,NA,NA,NA,NA,NA,NA,NA,NA,NA,NA,NA,NA,NA,NA,NA,NA,NA,NA,NA,NA,NA,NA,NA,-0.0156061592832384,-0.0156061592832386,-0.0156061592832384,-0.0156061592832384,-0.0156061592832386,NA,NA,NA,NA,NA,NA,NA,NA,NA,NA
Bolitoglossa_colonnea,1,NA,NA,NA,NA,NA,NA,NA,NA,NA,NA,NA,NA,NA,NA,NA,NA,NA,NA,NA,NA,NA,NA,NA,NA,NA,NA,NA,-0.184765894598036,-0.184765894598036,-0.184765894598036,-0.184765894598036,-0.184765894598036,NA,NA,NA,NA,NA,NA,NA,NA,NA,NA
Andinobates_minutus,1,NA,NA,NA,NA,NA,NA,NA,NA,NA,NA,NA,NA,NA,NA,NA,NA,NA,NA,NA,NA,NA,NA,NA,NA,NA,NA,NA,-0.400864274756529,-0.400864274756529,-0.400864274756529,-0.400864274756529,-0.400864274756528,NA,NA,NA,NA,NA,NA,NA,NA,NA,NA
Craugastor_fitzingeri,1,NA,NA,NA,NA,NA,NA,NA,NA,NA,NA,NA,NA,NA,NA,NA,NA,NA,NA,NA,NA,NA,NA,NA,NA,NA,NA,NA,0.0739822570143591,0.0739822570143587,0.0739822570143587,0.0739822570143591,0.0739822570143587,NA,NA,NA,NA,NA,NA,NA,NA,NA,NA
Craugastor_crassidigitus,1,NA,NA,NA,NA,NA,NA,NA,NA,NA,NA,NA,NA,NA,NA,NA,NA,NA,NA,NA,NA,NA,NA,NA,NA,NA,NA,NA,-0.230151287972062,-0.230151287972062,-0.230151287972062,-0.230151287972062,-0.230151287972062,NA,NA,NA,NA,NA,NA,NA,NA,NA,NA
Rhaebo_haematiticus,1,NA,NA,NA,NA,NA,NA,NA,NA,NA,NA,NA,NA,NA,NA,NA,NA,NA,NA,NA,NA,NA,NA,NA,NA,NA,NA,NA,-0.2,-0.2,-0.2,-0.2,-0.2,NA,NA,NA,NA,NA,NA,NA,NA,NA,NA
Incilius_coniferus,1,NA,NA,NA,NA,NA,NA,NA,NA,NA,NA,NA,NA,NA,NA,NA,NA,NA,NA,NA,NA,NA,NA,NA,NA,NA,NA,NA,0.0135925367237522,0.0135925367237524,0.0135925367237522,0.0135925367237524,0.0135925367237522,NA,NA,NA,NA,NA,NA,NA,NA,NA,NA
Allobates_talamancae,1,NA,NA,NA,NA,NA,NA,NA,NA,NA,NA,NA,NA,NA,NA,NA,NA,NA,NA,NA,NA,NA,NA,NA,NA,NA,NA,NA,-0.400864274756529,-0.400864274756529,-0.400864274756529,-0.400864274756529,-0.400864274756528,NA,NA,NA,NA,NA,NA,NA,NA,NA,NA
Crotalus_oreganus,1,NA,NA,NA,NA,NA,NA,NA,NA,NA,NA,NA,NA,NA,NA,NA,NA,NA,NA,NA,NA,NA,NA,NA,NA,NA,NA,NA,0.198187887220101,0.146705518615136,0.0597515348940254,-0.0247923184369867,-0.0726932392317567,-0.0757471440040978,-0.053219269756116,-0.0338536355887684,NA,NA,NA,NA,NA,NA,NA
Sonora_occipitalis,1,NA,NA,NA,NA,NA,NA,NA,NA,NA,NA,NA,NA,NA,NA,NA,NA,NA,NA,NA,NA,NA,NA,NA,NA,NA,NA,NA,-0.391691059395036,-0.602059991327962,0.330993219041424,0.238882088915137,0.141329152796469,NA,NA,NA,NA,NA,NA,NA,NA,NA,NA
Callisaurus_draconoides,1,NA,NA,NA,NA,NA,NA,NA,NA,NA,NA,NA,NA,NA,NA,NA,NA,NA,NA,NA,NA,NA,NA,NA,NA,NA,NA,NA,0.00683942453030548,-0.00683942453030548,0.294081135708653,-0.0365168338257625,-0.57978359661681,NA,NA,NA,NA,NA,NA,NA,NA,NA,NA
Dipsosaurus_dorsalis,1,NA,NA,NA,NA,NA,NA,NA,NA,NA,NA,NA,NA,NA,NA,NA,NA,NA,NA,NA,NA,NA,NA,NA,NA,NA,NA,NA,-0.118099312077994,0.0389180660303696,0.146128035678238,-0.0467434035423262,0.189056236220049,NA,NA,NA,NA,NA,NA,NA,NA,NA,NA
Lialis_burtonis,1,NA,NA,NA,NA,NA,NA,NA,NA,NA,NA,NA,NA,NA,NA,NA,NA,NA,NA,NA,NA,NA,NA,NA,NA,NA,NA,NA,0,0.313619122972002,-0.0125891273080205,0.176091259055681,0.149762320333332,-0.116969806937025,NA,NA,NA,NA,NA,NA,NA,NA,NA
Plethodon_cinereus,1,NA,NA,NA,NA,NA,NA,NA,NA,NA,NA,NA,NA,NA,NA,NA,NA,NA,NA,NA,NA,NA,NA,NA,NA,NA,NA,NA,-0.0371418080045667,0.0296666949484604,0.030005107646925,-0.0785469651202768,0.0691234832121029,0.153566095197838,0.0209507833047354,0.0231929686123332,0.102318396403745,0.0540883306780179,0.0791319708036688,0.0403225336117015,NA,NA,NA
Pyxis_arachnoides,1,NA,NA,NA,NA,NA,NA,NA,NA,NA,NA,NA,NA,NA,NA,NA,NA,NA,NA,NA,NA,NA,NA,NA,NA,NA,NA,NA,-0.00832899582697311,-0.00832899582697311,-0.00832899582697322,-0.008328995826973,-0.00832899582697311,-0.00832899582697311,0.0774122233087783,-0.0774122233087783,NA,NA,NA,NA,NA,NA,NA
Chlamydosaurus_kingii,1,NA,NA,NA,NA,NA,NA,NA,NA,NA,NA,NA,NA,NA,NA,NA,NA,NA,NA,NA,NA,NA,NA,NA,NA,NA,NA,NA,0.0643250617755452,0.064325061775545,-0.111019392195682,-0.111019392195682,-0.0474685027201369,-0.307759393900094,-0.155546473309924,-0.0549313671377298,-0.062899281472431,-0.138302698166282,NA,NA,NA,NA,NA
Rhinella_macrorhina,1,NA,NA,NA,NA,NA,NA,NA,NA,NA,NA,NA,NA,NA,NA,NA,NA,NA,NA,NA,NA,NA,NA,NA,NA,NA,NA,NA,NA,NA,-0.639075625191822,NA,NA,NA,NA,NA,NA,NA,NA,NA,NA,NA,NA
Rhabdophis_tigrinus,1,NA,NA,NA,NA,NA,NA,NA,NA,NA,NA,NA,NA,NA,NA,NA,NA,NA,NA,NA,NA,NA,NA,NA,NA,NA,NA,NA,NA,NA,-0.301029995663981,0.425968732272281,-0.204119982655925,0.255272505103306,NA,NA,NA,NA,NA,NA,NA,NA,NA
Elaphe_dione,1,NA,NA,NA,NA,NA,NA,NA,NA,NA,NA,NA,NA,NA,NA,NA,NA,NA,NA,NA,NA,NA,NA,NA,NA,NA,NA,NA,NA,NA,-0.380211241711606,0.414973347970818,-0.159700842867512,0.0457574905606751,NA,NA,NA,NA,NA,NA,NA,NA,NA
Oligosoma_polychroma,1,NA,NA,NA,NA,NA,NA,NA,NA,NA,NA,NA,NA,NA,NA,NA,NA,NA,NA,NA,NA,NA,NA,NA,NA,NA,NA,NA,NA,NA,0.355307543962467,0.192797639705622,0.133503862482455,NA,NA,NA,NA,NA,NA,NA,NA,NA,NA
Hoplodactylus_duvaucelii,1,NA,NA,NA,NA,NA,NA,NA,NA,NA,NA,NA,NA,NA,NA,NA,NA,NA,NA,NA,NA,NA,NA,NA,NA,NA,NA,NA,NA,NA,0.627507113540442,NA,NA,NA,NA,NA,0.00860017176191752,-0.0741017205183498,NA,NA,NA,NA,NA
Tympanocryptis_pinguicolla,1,NA,NA,NA,NA,NA,NA,NA,NA,NA,NA,NA,NA,NA,NA,NA,NA,NA,NA,NA,NA,NA,NA,NA,NA,NA,NA,NA,NA,NA,NA,-0.365443860359864,-0.726294960999072,NA,NA,NA,NA,NA,NA,NA,NA,NA,NA
Geochelone_yniphora,1,NA,NA,NA,NA,NA,NA,NA,NA,NA,NA,NA,NA,NA,NA,NA,NA,NA,NA,NA,NA,NA,NA,NA,NA,NA,NA,NA,NA,NA,NA,NA,-0.0659743469854375,-0.065974346985437,-0.0659743469854375,-0.0659743469854375,-0.0659743469854375,-0.00311334208471425,-0.0031133420847147,-0.00311334208471425,NA,NA,NA
Physalaemus_biligonigerus,1,NA,NA,NA,NA,NA,NA,NA,NA,NA,NA,NA,NA,NA,NA,NA,NA,NA,NA,NA,NA,NA,NA,NA,NA,NA,NA,NA,NA,NA,NA,NA,-0.154962266100884,0.306939584650792,NA,NA,NA,NA,NA,NA,NA,NA,NA
Leptodactylus_latinasus,1,NA,NA,NA,NA,NA,NA,NA,NA,NA,NA,NA,NA,NA,NA,NA,NA,NA,NA,NA,NA,NA,NA,NA,NA,NA,NA,NA,NA,NA,NA,NA,-0.300517214728023,-0.452269625465926,NA,NA,NA,NA,NA,NA,NA,NA,NA
Pleurodema_borellii,1,NA,NA,NA,NA,NA,NA,NA,NA,NA,NA,NA,NA,NA,NA,NA,NA,NA,NA,NA,NA,NA,NA,NA,NA,NA,NA,NA,NA,NA,NA,NA,-0.0936088698585647,-0.288433808700848,NA,NA,NA,NA,NA,NA,NA,NA,NA
Odontophrynus_americanus,1,NA,NA,NA,NA,NA,NA,NA,NA,NA,NA,NA,NA,NA,NA,NA,NA,NA,NA,NA,NA,NA,NA,NA,NA,NA,NA,NA,NA,NA,NA,NA,-0.238560627359831,-0.5,NA,NA,NA,NA,NA,NA,NA,NA,NA
Oreobates_discoidalis,1,NA,NA,NA,NA,NA,NA,NA,NA,NA,NA,NA,NA,NA,NA,NA,NA,NA,NA,NA,NA,NA,NA,NA,NA,NA,NA,NA,NA,NA,NA,NA,-0.0484550065040282,-0.150514997831991,NA,NA,NA,NA,NA,NA,NA,NA,NA
Rhinella_arenarum,1,NA,NA,NA,NA,NA,NA,NA,NA,NA,NA,NA,NA,NA,NA,NA,NA,NA,NA,NA,NA,NA,NA,NA,NA,NA,NA,NA,NA,NA,NA,NA,-0.137682836316735,-0.114492976863161,NA,NA,NA,NA,NA,NA,NA,NA,NA
Hemiergis_decresiensis,1,NA,NA,NA,NA,NA,NA,NA,NA,NA,NA,NA,NA,NA,NA,NA,NA,NA,NA,NA,NA,NA,NA,NA,NA,NA,NA,NA,NA,NA,NA,NA,0.0938372584563196,-0.260923915951025,0.0133187214939308,NA,NA,NA,NA,NA,NA,NA,NA
Morethia_boulengeri,1,NA,NA,NA,NA,NA,NA,NA,NA,NA,NA,NA,NA,NA,NA,NA,NA,NA,NA,NA,NA,NA,NA,NA,NA,NA,NA,NA,NA,NA,NA,NA,-0.236008202921848,0.0932210412652769,-0.049729567335106,NA,NA,NA,NA,NA,NA,NA,NA
Lampropholis_delicata,1,NA,NA,NA,NA,NA,NA,NA,NA,NA,NA,NA,NA,NA,NA,NA,NA,NA,NA,NA,NA,NA,NA,NA,NA,NA,NA,NA,NA,NA,NA,NA,-0.34153470511203,0.241750417243977,0.154519933335681,NA,NA,NA,NA,NA,NA,NA,NA
Amphibolurus_muricatus,1,NA,NA,NA,NA,NA,NA,NA,NA,NA,NA,NA,NA,NA,NA,NA,NA,NA,NA,NA,NA,NA,NA,NA,NA,NA,NA,NA,NA,NA,NA,NA,0.507382143998346,-0.0592618873467666,-0.149037782929361,NA,NA,NA,NA,NA,NA,NA,NA
Menetia_greyii,1,NA,NA,NA,NA,NA,NA,NA,NA,NA,NA,NA,NA,NA,NA,NA,NA,NA,NA,NA,NA,NA,NA,NA,NA,NA,NA,NA,NA,NA,NA,NA,0.262925469331832,-0.342802143041108,0.205683131848803,NA,NA,NA,NA,NA,NA,NA,NA
Ameerega_planipaleae,1,NA,NA,NA,NA,NA,NA,NA,NA,NA,NA,NA,NA,NA,NA,NA,NA,NA,NA,NA,NA,NA,NA,NA,NA,NA,NA,NA,NA,NA,NA,NA,NA,0.0339766935714981,0.0339766935714981,0.0339766935714981,0.0339766935714981,0.033976693571498,0.0339766935714981,0.0339766935714981,NA,NA,NA
Rhinella_icterica,1,NA,NA,NA,NA,NA,NA,NA,NA,NA,NA,NA,NA,NA,NA,NA,NA,NA,NA,NA,NA,NA,NA,NA,NA,NA,NA,NA,NA,NA,NA,NA,NA,-0.154901959985743,NA,NA,NA,NA,NA,NA,NA,-0.602059991327962,NA
Physalaemus_gracilis,1,NA,NA,NA,NA,NA,NA,NA,NA,NA,NA,NA,NA,NA,NA,NA,NA,NA,NA,NA,NA,NA,NA,NA,NA,NA,NA,NA,NA,NA,NA,NA,NA,0,NA,NA,NA,NA,NA,NA,NA,-0.564271430438563,NA
Rhinella_henseli,1,NA,NA,NA,NA,NA,NA,NA,NA,NA,NA,NA,NA,NA,NA,NA,NA,NA,NA,NA,NA,NA,NA,NA,NA,NA,NA,NA,NA,NA,NA,NA,NA,-0.477121254719662,NA,NA,NA,NA,NA,NA,NA,NA,0.352182518111362
Proceratophrys_bigibbosa,1,NA,NA,NA,NA,NA,NA,NA,NA,NA,NA,NA,NA,NA,NA,NA,NA,NA,NA,NA,NA,NA,NA,NA,NA,NA,NA,NA,NA,NA,NA,NA,NA,-0.159700842867512,NA,NA,NA,NA,NA,NA,NA,NA,NA
Melanophryniscus_devincenzii,1,NA,NA,NA,NA,NA,NA,NA,NA,NA,NA,NA,NA,NA,NA,NA,NA,NA,NA,NA,NA,NA,NA,NA,NA,NA,NA,NA,NA,NA,NA,NA,NA,0,NA,NA,NA,NA,NA,NA,NA,NA,NA
Leptodactylus_plaumanni,1,NA,NA,NA,NA,NA,NA,NA,NA,NA,NA,NA,NA,NA,NA,NA,NA,NA,NA,NA,NA,NA,NA,NA,NA,NA,NA,NA,NA,NA,NA,NA,NA,0,NA,NA,NA,NA,NA,NA,NA,NA,NA
Ischnocnema_henselii,1,NA,NA,NA,NA,NA,NA,NA,NA,NA,NA,NA,NA,NA,NA,NA,NA,NA,NA,NA,NA,NA,NA,NA,NA,NA,NA,NA,NA,NA,NA,NA,NA,-0.131278914639319,NA,NA,NA,NA,NA,NA,NA,NA,NA
Guibemantis_liber,1,NA,NA,NA,NA,NA,NA,NA,NA,NA,NA,NA,NA,NA,NA,NA,NA,NA,NA,NA,NA,NA,NA,NA,NA,NA,NA,NA,NA,NA,NA,NA,NA,NA,0.523601966899434,-0.505487331871056,0.0276428555322974,0.0113307446966644,0.0113307446966642,0.0113307446966646,0.0113307446966642,-0.204380898543558,NA
Boophis_luteus,1,NA,NA,NA,NA,NA,NA,NA,NA,NA,NA,NA,NA,NA,NA,NA,NA,NA,NA,NA,NA,NA,NA,NA,NA,NA,NA,NA,NA,NA,NA,NA,NA,NA,-0.025489584358432,-0.0254895843578475,-0.0254895843568996,-0.0254895843560125,-0.0254895843554916,-0.0254895843553387,-0.0254895843553489,NA,NA
Blommersia_grandisonae,1,NA,NA,NA,NA,NA,NA,NA,NA,NA,NA,NA,NA,NA,NA,NA,NA,NA,NA,NA,NA,NA,NA,NA,NA,NA,NA,NA,NA,NA,NA,NA,NA,NA,-0.106589447266111,-0.106589447267034,-0.106589447268617,-0.106589447270215,-0.10658944727123,-0.106589447271488,-0.10658944727127,-0.106589447271027,NA
Mantidactylus_melanopleura,1,NA,NA,NA,NA,NA,NA,NA,NA,NA,NA,NA,NA,NA,NA,NA,NA,NA,NA,NA,NA,NA,NA,NA,NA,NA,NA,NA,NA,NA,NA,NA,NA,NA,0.0165744568457326,0.0165744568459989,0.016574456846424,0.0165744568467766,0.0165744568468643,0.0165744568466722,0.0165744568463652,0.0165744568461575,NA
Anodonthyla_boulengerii,1,NA,NA,NA,NA,NA,NA,NA,NA,NA,NA,NA,NA,NA,NA,NA,NA,NA,NA,NA,NA,NA,NA,NA,NA,NA,NA,NA,NA,NA,NA,NA,NA,NA,-0.00975151941649344,-0.0097515194163991,-0.00975151941627658,-0.00975151941624874,-0.0097515194164014,-0.00975151941670865,-0.00975151941703634,-0.00975151941723329,NA
Boophis_marojezensis,1,NA,NA,NA,NA,NA,NA,NA,NA,NA,NA,NA,NA,NA,NA,NA,NA,NA,NA,NA,NA,NA,NA,NA,NA,NA,NA,NA,NA,NA,NA,NA,NA,NA,-0.123848411518539,-0.108583918644514,-0.078947951576321,-0.0406852484787311,-0.00152741745825169,0.0318189039194977,0.0548497053851386,0.0658398572897834,NA
Boophis_popi,1,NA,NA,NA,NA,NA,NA,NA,NA,NA,NA,NA,NA,NA,NA,NA,NA,NA,NA,NA,NA,NA,NA,NA,NA,NA,NA,NA,NA,NA,NA,NA,NA,NA,0.260601338608373,-0.54274599011198,NA,NA,NA,NA,NA,NA,NA
Gephyromantis_moseri,1,NA,NA,NA,NA,NA,NA,NA,NA,NA,NA,NA,NA,NA,NA,NA,NA,NA,NA,NA,NA,NA,NA,NA,NA,NA,NA,NA,NA,NA,NA,NA,NA,NA,0.0831839885012986,0.169155995719145,0.169155995719145,0.169155995719145,-0.2497857531557,-0.2497857531557,NA,NA,NA
Cophyla_tuberifera,1,NA,NA,NA,NA,NA,NA,NA,NA,NA,NA,NA,NA,NA,NA,NA,NA,NA,NA,NA,NA,NA,NA,NA,NA,NA,NA,NA,NA,NA,NA,NA,NA,NA,-0.301408300985727,-0.309244299357953,NA,NA,-0.2497857531557,-0.2497857531557,NA,NA,NA
Cophyla_barbouri,1,NA,NA,NA,NA,NA,NA,NA,NA,NA,NA,NA,NA,NA,NA,NA,NA,NA,NA,NA,NA,NA,NA,NA,NA,NA,NA,NA,NA,NA,NA,NA,NA,NA,0.046212711873887,-0.153219111838961,-0.0235953688358166,-0.358195501893886,0.459426888684585,0.171211340411103,0.171211340411103,0.0511959540671888,NA
Boophis_albilabris,1,NA,NA,NA,NA,NA,NA,NA,NA,NA,NA,NA,NA,NA,NA,NA,NA,NA,NA,NA,NA,NA,NA,NA,NA,NA,NA,NA,NA,NA,NA,NA,NA,NA,-0.0652212167934354,-0.065221216793595,-0.0652212167937679,-0.0652212167936987,-0.065221216793221,-0.0652212167924158,-0.0652212167916004,-0.0652212167911204,NA
Boophis_bottae,1,NA,NA,NA,NA,NA,NA,NA,NA,NA,NA,NA,NA,NA,NA,NA,NA,NA,NA,NA,NA,NA,NA,NA,NA,NA,NA,NA,NA,NA,NA,NA,NA,NA,0.0566604674631702,0.0566604674632428,0.0566604674629051,0.0566604674614478,0.0566604674585343,0.0566604674546634,0.0566604674510826,0.0566604674490567,NA
Mantidactylus_betsileanus,1,NA,NA,NA,NA,NA,NA,NA,NA,NA,NA,NA,NA,NA,NA,NA,NA,NA,NA,NA,NA,NA,NA,NA,NA,NA,NA,NA,NA,NA,NA,NA,NA,NA,-0.0360081277584012,-0.0637519626332902,-0.103004328380868,-0.122520496934338,-0.0990791296171082,-0.0366950748143463,0.0340856221619811,0.0775464861981201,NA
Mantidactylus_biporus,1,NA,NA,NA,NA,NA,NA,NA,NA,NA,NA,NA,NA,NA,NA,NA,NA,NA,NA,NA,NA,NA,NA,NA,NA,NA,NA,NA,NA,NA,NA,NA,NA,NA,-0.00497940057703401,-0.00497940057718048,-0.00497940057739128,-0.0049794005775068,-0.00497940057740663,-0.00497940057710804,-0.00497940057676254,-0.00497940057654896,NA
Boophis_rufioculis,1,NA,NA,NA,NA,NA,NA,NA,NA,NA,NA,NA,NA,NA,NA,NA,NA,NA,NA,NA,NA,NA,NA,NA,NA,NA,NA,NA,NA,NA,NA,NA,NA,NA,-0.0381869636895894,-0.0381869636887272,-0.0381869636872556,-0.0381869636857876,-0.0381869636848864,-0.0381869636847068,-0.0381869636849666,-0.0381869636852246,NA
Stumpffia_pardus,1,NA,NA,NA,NA,NA,NA,NA,NA,NA,NA,NA,NA,NA,NA,NA,NA,NA,NA,NA,NA,NA,NA,NA,NA,NA,NA,NA,NA,NA,NA,NA,NA,NA,-0.216519916111289,NA,NA,NA,NA,NA,NA,NA,NA
Cophyla_karenae,1,NA,NA,NA,NA,NA,NA,NA,NA,NA,NA,NA,NA,NA,NA,NA,NA,NA,NA,NA,NA,NA,NA,NA,NA,NA,NA,NA,NA,NA,NA,NA,NA,NA,-0.0511204718754275,0.0126165949627538,0.106872118034154,0.165674175976828,0.138235169822126,0.0292546313021353,-0.10190599474068,-0.18404043806518,NA
Blommersia_angolafa,1,NA,NA,NA,NA,NA,NA,NA,NA,NA,NA,NA,NA,NA,NA,NA,NA,NA,NA,NA,NA,NA,NA,NA,NA,NA,NA,NA,NA,NA,NA,NA,NA,NA,0.436398260491213,0.183969171409649,-0.315887723785046,-0.315887723785046,0.0614868800125472,NA,NA,NA,NA
Plethodontohyla_notosticta,1,NA,NA,NA,NA,NA,NA,NA,NA,NA,NA,NA,NA,NA,NA,NA,NA,NA,NA,NA,NA,NA,NA,NA,NA,NA,NA,NA,NA,NA,NA,NA,NA,NA,0.0714585266385601,0.0714585266383339,0.0714585266379533,0.0714585266375872,0.0714585266373868,0.0714585266373863,0.0714585266374972,0.071458526637589,NA
Cophyla_grandis,1,NA,NA,NA,NA,NA,NA,NA,NA,NA,NA,NA,NA,NA,NA,NA,NA,NA,NA,NA,NA,NA,NA,NA,NA,NA,NA,NA,NA,NA,NA,NA,NA,NA,0.24537383270615,-0.414608087661732,0.0385789059335518,-0.0207180583890164,-0.0207180583890162,-0.0379188818151799,0.146239741722984,0.293235118451034,NA
Stumpffia_jeannoeli,1,NA,NA,NA,NA,NA,NA,NA,NA,NA,NA,NA,NA,NA,NA,NA,NA,NA,NA,NA,NA,NA,NA,NA,NA,NA,NA,NA,NA,NA,NA,NA,NA,NA,-0.21855693915602,-0.345098040014257,-0.345098040014257,0.590206316419162,0.590206316419162,-0.958998394995985,0.301029995663981,NA,NA
Gephyromantis_redimitus,1,NA,NA,NA,NA,NA,NA,NA,NA,NA,NA,NA,NA,NA,NA,NA,NA,NA,NA,NA,NA,NA,NA,NA,NA,NA,NA,NA,NA,NA,NA,NA,NA,NA,0.00210365269916735,0.00210365269950652,0.00210365270036839,0.00210365270191515,0.00210365270410207,0.0021036527065551,0.00210365270863444,0.00210365270976187,NA
Mantidactylus_lugubris,1,NA,NA,NA,NA,NA,NA,NA,NA,NA,NA,NA,NA,NA,NA,NA,NA,NA,NA,NA,NA,NA,NA,NA,NA,NA,NA,NA,NA,NA,NA,NA,NA,NA,0.0382213039740751,0.0382213039739232,0.0382213039736527,0.0382213039733559,0.0382213039731246,0.0382213039729987,0.0382213039729582,0.0382213039729551,NA
Boophis_madagascariensis,1,NA,NA,NA,NA,NA,NA,NA,NA,NA,NA,NA,NA,NA,NA,NA,NA,NA,NA,NA,NA,NA,NA,NA,NA,NA,NA,NA,NA,NA,NA,NA,NA,NA,-0.0616466386046707,-0.0616466386040564,-0.0616466386028086,-0.0616466386010813,-0.0616466385991511,-0.0616466385973487,-0.0616466385960003,-0.0616466385953207,NA
Physalaemus_cuvieri,1,NA,NA,NA,NA,NA,NA,NA,NA,NA,NA,NA,NA,NA,NA,NA,NA,NA,NA,NA,NA,NA,NA,NA,NA,NA,NA,NA,NA,NA,NA,NA,NA,NA,-0.301029995663981,NA,NA,NA,NA,NA,NA,-0.1249387366083,NA
Leptodactylus_mystacinus,1,NA,NA,NA,NA,NA,NA,NA,NA,NA,NA,NA,NA,NA,NA,NA,NA,NA,NA,NA,NA,NA,NA,NA,NA,NA,NA,NA,NA,NA,NA,NA,NA,NA,0,NA,NA,NA,NA,NA,NA,NA,NA
Physalaemus_feioi,1,NA,NA,NA,NA,NA,NA,NA,NA,NA,NA,NA,NA,NA,NA,NA,NA,NA,NA,NA,NA,NA,NA,NA,NA,NA,NA,NA,NA,NA,NA,NA,NA,NA,-0.230448921378274,NA,NA,NA,NA,NA,NA,NA,NA
Urosaurus_graciosus,1,NA,NA,NA,NA,NA,NA,NA,NA,NA,NA,NA,NA,NA,NA,NA,NA,NA,NA,NA,NA,NA,NA,NA,NA,NA,NA,NA,NA,NA,NA,NA,NA,NA,0.160312775863681,NA,NA,NA,NA,NA,NA,NA,NA
Sceloporus_magister,1,NA,NA,NA,NA,NA,NA,NA,NA,NA,NA,NA,NA,NA,NA,NA,NA,NA,NA,NA,NA,NA,NA,NA,NA,NA,NA,NA,NA,NA,NA,NA,NA,NA,0.109621978524194,NA,NA,NA,NA,NA,NA,NA,NA
Aspidoscelis_tigris,1,NA,NA,NA,NA,NA,NA,NA,NA,NA,NA,NA,NA,NA,NA,NA,NA,NA,NA,NA,NA,NA,NA,NA,NA,NA,NA,NA,NA,NA,NA,NA,NA,NA,0.200502720463461,NA,NA,NA,NA,NA,NA,NA,NA
Boophis_albipunctatus,1,NA,NA,NA,NA,NA,NA,NA,NA,NA,NA,NA,NA,NA,NA,NA,NA,NA,NA,NA,NA,NA,NA,NA,NA,NA,NA,NA,NA,NA,NA,NA,NA,NA,NA,-0.162775506909072,-0.0456128322690053,-0.0456128322690053,-0.0456128322690053,-0.0456128322690053,-0.0456128322690053,0.0966490971204228,NA
Stumpffia_betampona,1,NA,NA,NA,NA,NA,NA,NA,NA,NA,NA,NA,NA,NA,NA,NA,NA,NA,NA,NA,NA,NA,NA,NA,NA,NA,NA,NA,NA,NA,NA,NA,NA,NA,NA,0.110223097051306,0.101343367772483,-0.182104242838204,-0.2497857531557,-0.2497857531557,0.301029995663981,0.398200767900468,NA
Plethodontohyla_laevis,1,NA,NA,NA,NA,NA,NA,NA,NA,NA,NA,NA,NA,NA,NA,NA,NA,NA,NA,NA,NA,NA,NA,NA,NA,NA,NA,NA,NA,NA,NA,NA,NA,NA,NA,0.0444211956300118,0.0444211956300118,0.391236312083143,0.391236312083143,-0.0417513099151336,NA,NA,NA
Proceratophrys_mantiqueira,1,NA,NA,NA,NA,NA,NA,NA,NA,NA,NA,NA,NA,NA,NA,NA,NA,NA,NA,NA,NA,NA,NA,NA,NA,NA,NA,NA,NA,NA,NA,NA,NA,NA,NA,-0.0969100130080565,NA,NA,NA,NA,NA,NA,NA
Boophis_pyrrhus,1,NA,NA,NA,NA,NA,NA,NA,NA,NA,NA,NA,NA,NA,NA,NA,NA,NA,NA,NA,NA,NA,NA,NA,NA,NA,NA,NA,NA,NA,NA,NA,NA,NA,NA,NA,0.629960054141632,0.035634081706628,0.0356340817066279,NA,NA,NA,NA
Coryphophylax_subcristatus,1,NA,NA,NA,NA,NA,NA,NA,NA,NA,NA,NA,NA,NA,NA,NA,NA,NA,NA,NA,NA,NA,NA,NA,NA,NA,NA,NA,NA,NA,NA,NA,NA,NA,NA,NA,-0.0981473225719842,0.130437310034842,NA,NA,NA,NA,NA
Liopholis_slateri,1,NA,NA,NA,NA,NA,NA,NA,NA,NA,NA,NA,NA,NA,NA,NA,NA,NA,NA,NA,NA,NA,NA,NA,NA,NA,NA,NA,NA,NA,NA,NA,NA,NA,NA,NA,NA,-0.178814117391154,0.365900760748299,-0.271139160732727,NA,NA,NA
Cyrtodactylus_rubidus,1,NA,NA,NA,NA,NA,NA,NA,NA,NA,NA,NA,NA,NA,NA,NA,NA,NA,NA,NA,NA,NA,NA,NA,NA,NA,NA,NA,NA,NA,NA,NA,NA,NA,NA,NA,NA,0.301029995663981,NA,NA,NA,NA,NA
Lygosoma_bowringii,1,NA,NA,NA,NA,NA,NA,NA,NA,NA,NA,NA,NA,NA,NA,NA,NA,NA,NA,NA,NA,NA,NA,NA,NA,NA,NA,NA,NA,NA,NA,NA,NA,NA,NA,NA,NA,0.359021942641668,NA,NA,NA,NA,NA
Boophis_roseipalmatus,1,NA,NA,NA,NA,NA,NA,NA,NA,NA,NA,NA,NA,NA,NA,NA,NA,NA,NA,NA,NA,NA,NA,NA,NA,NA,NA,NA,NA,NA,NA,NA,NA,NA,NA,NA,NA,NA,NA,0.0414361167780326,0.380211241711606,0.00299352943704158,NA
Adenomera_araucaria,1,NA,NA,NA,NA,NA,NA,NA,NA,NA,NA,NA,NA,NA,NA,NA,NA,NA,NA,NA,NA,NA,NA,NA,NA,NA,NA,NA,NA,NA,NA,NA,NA,NA,NA,NA,NA,NA,NA,NA,NA,0.301029995663981,NA
