population_id,1970,1971,1972,1973,1974,1975,1976,1977,1978,1979,1980,1981,1982,1983,1984,1985,1986,1987,1988,1989,1990,1991,1992,1993,1994,1995,1996,1997,1998,1999,2000,2001,2002,2003,2004,2005,2006,2007,2008,2009,2010,2011,2012,2013,2014,2015
17681,1,-1,-1,-1,-1,-1,-1,-1,-1,0.013477702062185,0.013477702062185,0.013477702062185,0.013477702062185,0.013477702062185,0.013477702062185,0.013477702062185,0.0134777020621852,0.0134777020621848,0.0134777020621852,0.013477702062185,0.013477702062185,0.0134777020621848,0.0134777020621852,0.013477702062185,0.013477702062185,0.013477702062185,0.013477702062185,0.013477702062185,0.013477702062185,0.013477702062185,0.013477702062185,0.013477702062185,0.013477702062185,0.013477702062185,-1,-1,-1,-1,-1,-1,-1,-1,-1,-1,-1,-1
11973,1,-1,-1,-1,-1,-1,-1,-1,-1,0.06096695569647,-0.00563667883904095,-0.0952722638279191,-1,-1,-1,-1,-1,-1,-1,-1,-1,-1,-1,-1,-1,-1,-1,-1,-1,-1,-1,-1,-1,-1,-1,-1,-1,-1,-1,-1,-1,-1,-1,-1,-1,-1
18335,1,-1,-1,-1,-1,-1,-1,-1,-1,-1,-1,-1,-1,-1,-1,-1,-1,-1,-1,-1,-1,-1,-1,-1,-1,-1,-1,-1,-1,-1,-1,-1,-1,-1,-1,-1,-1,-1,0.177247836255623,0.123782159408358,0.0350292822023681,-1,-1,-1,-1,-1
18334,1,-1,-1,-1,-1,-1,-1,-1,-1,-1,-1,-1,-1,-1,-1,-1,-1,-1,-1,-1,-1,-1,-1,-1,-1,-1,-1,-1,-1,-1,-1,-1,-1,-1,-1,-1,-1,-1,-0.295828801978173,0.147914400989087,0.147914400989087,-1,-1,-1,-1,-1
5678,1,-1,-1,-1,-1,-1,-1,-1,-1,-1,0.12539526616121,0.12539526616121,0.12539526616121,0.12539526616121,0.12539526616121,0.12539526616121,0.0440194925770823,0.0440194925770827,0.0440194925770827,0.0391488177016166,0.0391488177016162,0.0176190599939035,0.0176190599939035,-1,-1,-1,-1,-1,-1,-1,-1,-1,-1,-1,-1,-1,-1,-1,-1,-1,-1,-1,-1,-1,-1,-1
641,1,-1,-1,-1,-1,-1,-1,-1,-1,-1,-1,-1,-1,-1,0.174009614461739,0.152982541749309,0.114037764384072,0.0641910046630145,0.0075553415693359,-0.0537676384182473,-0.113703635741125,-0.1620961000016,-0.191744724773052,-0.203684021168065,-1,-1,-1,-1,-1,-1,-1,-1,-1,-1,-1,-1,-1,-1,-1,-1,-1,-1,-1,-1,-1,-1
11325,1,-1,-1,-1,-1,-1,-1,-1,-1,-1,-1,-1,-1,-1,-1,-1,-1,-1,-1,0.0195221397024752,0.00693258548628761,0.00693258548628783,0.00693258548628806,0.00693258548628761,0.0132282657337552,0.0303489201768059,0.0303489201768059,-0.0153748615669542,0.00194752194176173,0.00194752194176218,0.0152399665567371,-0.0230653040686937,0.0155121661782478,-0.00517072205941593,-0.00517072205941593,-0.00517072205941593,-0.0243593458594447,-0.242777211128262,-0.242777211128263,-1,-1,-1,-1,-1,-1,-1
642,1,-1,-1,-1,-1,-1,-1,-1,-1,-1,-1,-1,-1,-1,-1,-1,-1,-1,-1,0.00815600461791277,0.0231107941788653,0.0231107941788653,0.0231107941788657,0.0231107941788653,0.0144510571991958,0.0174417851229962,0.0174417851229962,-0.0301714681581791,0.0257772200600868,-0.0368527251037571,0.00636340295585702,-0.0111978998014739,-0.122783424582165,-0.034508508674612,-0.034508508674612,-0.034508508674612,-0.034508508674612,-0.134845121728867,-0.134845121728867,-1,-1,-1,-1,-1,-1,-1
18843,1,-1,-1,-1,-1,-1,-1,-1,-1,-1,-1,-1,-1,-1,-1,-1,-1,-1,-1,-1,-1,-1,-1,-1,-1,-1,-1,-1,-0.0480711614229143,-0.00490230172425932,0.0320858069835328,-0.0505829799849398,0.00337616178530498,-1,-1,-1,-1,-1,-1,-1,-1,-1,-1,-1,-1,-1
10385,1,-1,-1,-1,-1,-1,-1,-1,-1,-1,-1,-1,-1,-1,-1,-1,-1,-1,-1,0.0209012060359153,0.0209012060358822,0.0209012060358675,0.0209012060358809,0.0209012060358111,0.0209012060354945,0.0209012060348761,0.0209012060341003,0.0209012060334117,0.0209012060329794,0.020901206032808,-1,-1,-1,-1,-1,-1,-1,-1,-1,-1,-1,-1,-1,-1,-1,-1
25475,1,-1,-1,-1,-1,-1,-1,-1,-1,-1,-1,-1,-1,-1,-1,-1,-1,-1,-1,-1,-1,-0.802092517822348,-0.132445357600293,-0.15507432032664,-1.46295747556976,0,1.32734301712628,-1,-1,-1,-1,-1,-1,-1,-1,-1,-1,-1,-1,-1,-1,-1,-1,-1,-1,-1
25474,1,-1,-1,-1,-1,-1,-1,-1,-1,-1,-1,-1,-1,-1,-1,-1,-1,-1,-1,-1,-1,0.893946607552074,0.448005803075938,-0.0725506671486117,-0.644677767515494,0.715342245024305,-0.194677410138497,-1,-1,-1,-1,-1,-1,-1,-1,-1,-1,-1,-1,-1,-1,-1,-1,-1,-1,-1
17680,1,-1,-1,-1,-1,-1,-1,-1,-1,-1,-1,-1,-1,-1,-1,-1,-1,-1,-1,-1,-1,-0.00443712599610208,-0.00443712599610208,-0.00443712599610208,-0.00443712599610213,-0.00443712599610208,-0.00443712599610213,-0.00443712599610208,-0.00443712599610208,-0.00443712599610213,-0.00443712599610208,-0.00443712599610213,-0.00443712599610202,-1,-1,-1,-1,-1,-1,-1,-1,-1,-1,-1,-1,-1
11321,1,-1,-1,-1,-1,-1,-1,-1,-1,-1,-1,-1,-1,-1,-1,-1,-1,-1,-1,-1,-1,-1,0.00101680343107957,0.000829352208172152,0.000595844720399752,0.000421301736581503,0.000168207187296598,-0.000438771496300783,-0.00156938706753218,-0.00322350742692556,-0.00529905961570765,-0.00756066109605613,-0.00957356472933601,-0.0108829297552617,-0.0113850708504977,-0.0114303384617995,-1,-1,-1,-1,-1,-1,-1,-1,-1,-1
11320,1,-1,-1,-1,-1,-1,-1,-1,-1,-1,-1,-1,-1,-1,-1,-1,-1,-1,-1,-1,-1,-1,-0.0178678142885929,-0.0178678142888562,-0.0178678142893101,-0.017867814289847,-0.017867814290434,-0.0178678142910509,-0.0178678142915993,-0.0178678142919848,-0.0178678142922446,-0.0178678142925026,-0.0178678142927842,-0.0178678142929782,-0.0178678142930044,-0.0178678142929547,-1,-1,-1,-1,-1,-1,-1,-1,-1,-1
11319,1,-1,-1,-1,-1,-1,-1,-1,-1,-1,-1,-1,-1,-1,-1,-1,-1,-1,-1,-1,-1,-1,0.0274541256219867,0.0267542831443337,0.0256573224920069,0.0245093658070779,0.0232570531460881,0.0216309847188523,0.019656184263432,0.017742087901174,0.0162866824797985,0.0153689512815502,0.0148528851780112,0.0146153548301178,0.014570402732909,0.014598252052247,-1,-1,-1,-1,-1,-1,-1,-1,-1,-1
11318,1,-1,-1,-1,-1,-1,-1,-1,-1,-1,-1,-1,-1,-1,-1,-1,-1,-1,-1,-1,-1,-1,-0.0205648342699041,-0.0205648342700626,-0.0205648342703495,-0.0205648342706932,-0.0205648342710472,-0.0205648342713896,-0.0205648342716986,-0.0205648342719305,-0.0205648342720752,-0.0205648342721636,-0.0205648342722347,-0.0205648342723048,-0.0205648342723643,-0.0205648342723963,-1,-1,-1,-1,-1,-1,-1,-1,-1,-1
11317,1,-1,-1,-1,-1,-1,-1,-1,-1,-1,-1,-1,-1,-1,-1,-1,-1,-1,-1,-1,-1,-1,0.0291279749689246,0.0291279749687585,0.029127974968522,0.0291279749683286,0.0291279749681941,0.0291279749680888,0.0291279749680624,0.0291279749681896,0.0291279749684681,0.0291279749687807,0.0291279749690423,0.0291279749692501,0.0291279749694291,0.0291279749695375,-1,-1,-1,-1,-1,-1,-1,-1,-1,-1
11316,1,-1,-1,-1,-1,-1,-1,-1,-1,-1,-1,-1,-1,-1,-1,-1,-1,-1,-1,-1,-1,-1,0.010248617348084,0.0102486173478904,0.0102486173476399,0.0102486173474694,0.0102486173473411,0.0102486173471572,0.0102486173469316,0.0102486173467597,0.0102486173466478,0.010248617346504,0.0102486173463081,0.01024861734617,0.0102486173461704,0.0102486173462295,-1,-1,-1,-1,-1,-1,-1,-1,-1,-1
10386,1,-1,-1,-1,-1,-1,-1,-1,-1,-1,-1,-1,-1,-1,-1,-1,-1,-1,-1,-1,-1,-1,-1,-0.15075930670293,-0.00117100988330132,0.143632822661912,0.121262172389096,0.122318531195181,0.0545114152570481,-1,-1,-1,-1,-1,-1,-1,-1,-1,-1,-1,-1,-1,-1,-1,-1,-1
10383,1,-1,-1,-1,-1,-1,-1,-1,-1,-1,-1,-1,-1,-1,-1,-1,-1,-1,-1,-1,-1,-1,-1,0.471350028910294,-0.096281680423674,-0.000879198252701441,-0.00194505774725362,0.123569720429021,-0.109584696775544,-1,-1,-1,-1,-1,-1,-1,-1,-1,-1,-1,-1,-1,-1,-1,-1,-1
8516,1,-1,-1,-1,-1,-1,-1,-1,-1,-1,-1,-1,-1,-1,-1,-1,-1,-1,-1,-1,-1,-1,-1,-1,-0.0147232568207063,0.0219018414478298,-1,-1,-1,-1,-1,-1,-1,-1,-1,-1,-1,-1,-1,-1,-1,-1,-1,-1,-1,-1
17714,1,-1,-1,-1,-1,-1,-1,-1,-1,-1,-1,-1,-1,-1,-1,-1,-1,-1,-1,-1,-1,-1,-1,-1,-1,-0.0376287494579977,-0.0376287494579977,-0.0376287494579976,-0.0376287494579977,-0.0376287494579977,-0.0376287494579977,-0.0376287494579976,-0.0376287494579977,-0.134698573897456,-0.0636690798693773,-1,-1,-1,-1,-1,-1,-1,-1,-1,-1,-1
17713,1,-1,-1,-1,-1,-1,-1,-1,-1,-1,-1,-1,-1,-1,-1,-1,-1,-1,-1,-1,-1,-1,-1,-1,-1,-0.0111176354170976,-0.0111176354170976,-0.0111176354170976,-0.0111176354170976,-0.0111176354170976,-0.0111176354170976,-0.0111176354170977,-0.0111176354170976,0.0377885608893997,0.0177287669604316,-1,-1,-1,-1,-1,-1,-1,-1,-1,-1,-1
10407,1,-1,-1,-1,-1,-1,-1,-1,-1,-1,-1,-1,-1,-1,-1,-1,-1,-1,-1,-1,-1,-1,-1,-1,-1,-1,-1,-1,-0.00387246906895378,-0.00387246906948091,-0.00387246907040284,-0.00387246907139494,-0.00387246907216898,-0.00387246907261707,-0.00387246907276184,-0.00387246907267524,-0.00387246907244387,-0.00387246907219296,-0.00387246907204286,-1,-1,-1,-1,-1,-1,-1
19739,1,-1,-1,-1,-1,-1,-1,-1,-1,-1,-1,-1,-1,-1,-1,-1,-1,-1,-1,-1,-1,-1,-1,-1,-1,-1,-1,-1,-1,0.00511280277241388,-0.000619187284753409,-0.0142335367480544,-0.0310460085288113,-0.0380392576814641,-0.0241141784928276,0.00756282310312528,0.0394494447872984,0.0537543406107197,0.0468097642940939,0.0294650196486619,0.0150148646568558,0.00870095942658544,-1,-1,-1,-1
17704,1,-1,-1,-1,-1,-1,-1,-1,-1,-1,-1,-1,-1,-1,-1,-1,-1,-1,-1,-1,-1,-1,-1,-1,-1,-1,-1,-1,-1,0.0103481079625443,0.0124800712611342,0.0181822944125929,0.0283316300810542,0.042314881333798,0.0575988094258674,0.0700630213108856,0.0758376495640032,0.0740082553316775,0.0679301313611793,0.063145558493324,-1,-1,-1,-1,-1,-1
19738,1,-1,-1,-1,-1,-1,-1,-1,-1,-1,-1,-1,-1,-1,-1,-1,-1,-1,-1,-1,-1,-1,-1,-1,-1,-1,-1,-1,-1,-0.0562710467196395,-0.0559479485582268,-0.0555956041265508,-0.0550335407469378,-0.0531699040737137,-0.048874564171725,-0.0423303355086611,-0.0352447682070784,-0.0295542521763266,-0.0259895505351491,-0.0239760892396337,-0.022723053905978,-0.0220353074652562,-1,-1,-1,-1
17705,1,-1,-1,-1,-1,-1,-1,-1,-1,-1,-1,-1,-1,-1,-1,-1,-1,-1,-1,-1,-1,-1,-1,-1,-1,-1,-1,-1,-1,0.0451374808211482,0.0319693277835617,0.0139293664779108,0.000857443430501426,-0.0088625771546752,-0.0214818378650666,-0.0281445640743613,-0.00341091611926947,0.0670191395020516,0.158718739739413,0.220723545968308,-1,-1,-1,-1,-1,-1
17707,1,-1,-1,-1,-1,-1,-1,-1,-1,-1,-1,-1,-1,-1,-1,-1,-1,-1,-1,-1,-1,-1,-1,-1,-1,-1,-1,-1,-1,0.0860898314752246,0.0826023537200012,0.0735260341528275,0.057336727643331,0.03448734229258,0.00695493318717788,-0.0232178943992527,-0.0543508088781535,-0.0837869330195053,-0.106854020135066,-0.118930485631482,-1,-1,-1,-1,-1,-1
17706,1,-1,-1,-1,-1,-1,-1,-1,-1,-1,-1,-1,-1,-1,-1,-1,-1,-1,-1,-1,-1,-1,-1,-1,-1,-1,-1,-1,-1,-0.448314793760994,-0.321966225183453,-0.138019893296126,0.00984656012688245,0.0923422199014421,0.122112097496519,0.153661550499679,0.16189958042347,0.070673563723775,-0.110237684003139,-0.254573219249283,-1,-1,-1,-1,-1,-1
17701,1,-1,-1,-1,-1,-1,-1,-1,-1,-1,-1,-1,-1,-1,-1,-1,-1,-1,-1,-1,-1,-1,-1,-1,-1,-1,-1,-1,-1,0.0238047393042669,0.023804739304496,0.0238047393048433,0.0238047393051419,0.0238047393053276,0.0238047393054746,0.0238047393056711,0.0238047393059149,0.0238047393061254,0.0238047393062442,0.023804739306284,-1,-1,-1,-1,-1,-1
17700,1,-1,-1,-1,-1,-1,-1,-1,-1,-1,-1,-1,-1,-1,-1,-1,-1,-1,-1,-1,-1,-1,-1,-1,-1,-1,-1,-1,-1,0,0,0,0,0,0.176091259055681,0.367976785294595,0.0774509799928715,-1,-1,-1,-1,-1,-1,-1,-1,-1
17699,1,-1,-1,-1,-1,-1,-1,-1,-1,-1,-1,-1,-1,-1,-1,-1,-1,-1,-1,-1,-1,-1,-1,-1,-1,-1,-1,-1,-1,0.0223669358413049,0.00519754662069849,-0.0261689533183698,-0.0678740523739438,-0.120341863448615,-0.18522474752775,-0.266842411500628,-0.358809574726889,-0.439671628610621,-0.484972881528528,-1,-1,-1,-1,-1,-1,-1
17698,1,-1,-1,-1,-1,-1,-1,-1,-1,-1,-1,-1,-1,-1,-1,-1,-1,-1,-1,-1,-1,-1,-1,-1,-1,-1,-1,-1,-1,0.113013984856961,0.113013984857122,0.113013984857336,0.113013984857451,0.11301398485744,0.113013984857345,0.113013984857243,0.113013984857179,0.113013984857146,0.113013984857127,0.113013984857116,-1,-1,-1,-1,-1,-1
8467,1,-1,-1,-1,-1,-1,-1,-1,-1,-1,-1,-1,-1,-1,-1,-1,-1,-1,-1,-1,-1,-1,-1,-1,-1,-1,-1,-1,-1,-0.406456678321428,-0.406456678321428,0.0768163071260913,0.0768163071260912,0.0768163071260914,-1,-1,-1,-1,-1,-1,-1,-1,-1,-1,-1,-1
18469,1,-1,-1,-1,-1,-1,-1,-1,-1,-1,-1,-1,-1,-1,-1,-1,-1,-1,-1,-1,-1,-1,-1,-1,-1,-1,-1,-1,-1,-1,0.144137279054761,-0.0991349032270752,0.368953217229573,-0.404564847160751,-1,-1,-1,-1,-1,-1,-1,-1,-1,-1,-1,-1
17703,1,-1,-1,-1,-1,-1,-1,-1,-1,-1,-1,-1,-1,-1,-1,-1,-1,-1,-1,-1,-1,-1,-1,-1,-1,-1,-1,-1,-1,-1,0.107278435542772,0.107278435542528,0.107278435542133,0.107278435541748,0.10727843554148,0.107278435541325,0.107278435541173,0.107278435540941,0.107278435540668,0.107278435540485,-1,-1,-1,-1,-1,-1
17702,1,-1,-1,-1,-1,-1,-1,-1,-1,-1,-1,-1,-1,-1,-1,-1,-1,-1,-1,-1,-1,-1,-1,-1,-1,-1,-1,-1,-1,-1,-0.1249387366083,0.1249387366083,0.0969100130080562,0.447158031342219,-0.0487093452260794,-0.0487093452260794,-0.0487093452260794,0,0,0,-1,-1,-1,-1,-1,-1
17708,1,-1,-1,-1,-1,-1,-1,-1,-1,-1,-1,-1,-1,-1,-1,-1,-1,-1,-1,-1,-1,-1,-1,-1,-1,-1,-1,-1,-1,-1,-1,0.176091259055681,-0.0880456295278407,-0.0880456295278405,0.301029995663981,0.352182518111362,-0.176091259055681,-0.150514997831991,-0.150514997831991,-1,-1,-1,-1,-1,-1,-1
19769,1,-1,-1,-1,-1,-1,-1,-1,-1,-1,-1,-1,-1,-1,-1,-1,-1,-1,-1,-1,-1,-1,-1,-1,-1,-1,-1,-1,-1,-1,-1,-1,0.0659285137083082,-0.0450783747351881,0.0131644693611746,0.0131644693611746,-0.269389077891877,-0.269389077891877,-0.469822015978163,-0.259637310505756,-1,-1,-1,-1,-1,-1
18589,1,-1,-1,-1,-1,-1,-1,-1,-1,-1,-1,-1,-1,-1,-1,-1,-1,-1,-1,-1,-1,-1,-1,-1,-1,-1,-1,-1,-1,-1,-1,-1,-0.218497712417252,0.192707160549314,-0.628526540748138,-0.0992862222631947,-0.102465506676843,-0.536953722412152,-0.120197578495512,-0.120197578495512,-0.120197578495512,-0.120197578495512,-0.120197578495512,-0.120197578495512,-0.120197578495512,-0.120197578495512
18598,1,-1,-1,-1,-1,-1,-1,-1,-1,-1,-1,-1,-1,-1,-1,-1,-1,-1,-1,-1,-1,-1,-1,-1,-1,-1,-1,-1,-1,-1,-1,-1,-1,-1,-0.207499565403976,-0.829022738208995,-0.169274959292716,-1.15154513549405,0,0,0,0,0,0,0,0
18595,1,-1,-1,-1,-1,-1,-1,-1,-1,-1,-1,-1,-1,-1,-1,-1,-1,-1,-1,-1,-1,-1,-1,-1,-1,-1,-1,-1,-1,-1,-1,-1,-0.513345401140169,0.513345401140169,0.022564084902693,0,-0.721534089238712,1.40253668799918,0.023004810975469,0.0230048109754691,0.0230048109754689,0.023004810975469,0.023004810975469,0.023004810975469,0.023004810975469,0.023004810975469
18602,1,-1,-1,-1,-1,-1,-1,-1,-1,-1,-1,-1,-1,-1,-1,-1,-1,-1,-1,-1,-1,-1,-1,-1,-1,-1,-1,-1,-1,-1,-1,-1,-1,-1,-0.0238009752908774,0.0238009752908774,-0.833656060558283,1.89660150655366,-0.0497115392504897,-0.0497115392504899,-0.0497115392504897,-0.0497115392504897,-0.0497115392504899,-0.0497115392504898,-0.0497115392504898,-0.0497115392504897
18594,1,-1,-1,-1,-1,-1,-1,-1,-1,-1,-1,-1,-1,-1,-1,-1,-1,-1,-1,-1,-1,-1,-1,-1,-1,-1,-1,-1,-1,-1,-1,-1,0.273306251346438,0.263793134834561,0.00146949878080416,0.484993238244109,-0.292696480625512,0.321140223552167,0.0681448526311843,0.0681448526311843,0.0681448526311843,0.0681448526311843,0.0681448526311843,0.0681448526311843,0.0681448526311841,0.0681448526311845
18601,1,-1,-1,-1,-1,-1,-1,-1,-1,-1,-1,-1,-1,-1,-1,-1,-1,-1,-1,-1,-1,-1,-1,-1,-1,-1,-1,-1,-1,-1,-1,-1,-1,-1,-0.299292027194405,0.963867157783606,-0.276621601129928,0.00100574061111569,0.0865440692349984,0.0865440692349984,0.0865440692349981,0.0865440692349984,0.0865440692349986,0.0865440692349981,0.0865440692349984,0.0865440692349984
18591,1,-1,-1,-1,-1,-1,-1,-1,-1,-1,-1,-1,-1,-1,-1,-1,-1,-1,-1,-1,-1,-1,-1,-1,-1,-1,-1,-1,-1,-1,-1,-1,-0.0341242657416323,0.00981632555279477,0.102654219057819,-0.21504271095876,-0.371171499264953,-0.0236502549708102,-0.198165273880036,-0.198165273880036,-0.198165273880036,-0.198165273880036,-0.198165273880036,-0.198165273880036,-0.198165273880036,-0.198165273880036
18599,1,-1,-1,-1,-1,-1,-1,-1,-1,-1,-1,-1,-1,-1,-1,-1,-1,-1,-1,-1,-1,-1,-1,-1,-1,-1,-1,-1,-1,-1,-1,-1,-1,-1,-0.00678528341395901,-0.214075558246115,-1.29259154004328,0.168128500598849,-0.116601573210608,-0.116601573210608,-0.116601573210608,-0.116601573210608,-0.116601573210608,-0.116601573210608,-0.116601573210608,-0.116601573210608
4954,1,-1,-1,-1,-1,-1,-1,-1,-1,-1,-1,-1,-1,-1,-1,-1,-1,-1,-1,-1,-1,-1,-1,-1,-1,-1,-1,-1,-1,-1,-1,-1,0.0512293963085968,0.0512293963085968,0.0512293963085968,0.051229396308597,-1,-1,-1,-1,-1,-1,-1,-1,-1,-1
4953,1,-1,-1,-1,-1,-1,-1,-1,-1,-1,-1,-1,-1,-1,-1,-1,-1,-1,-1,-1,-1,-1,-1,-1,-1,-1,-1,-1,-1,-1,-1,-1,0,0,0,0,-1,-1,-1,-1,-1,-1,-1,-1,-1,-1
25567,1,-1,-1,-1,-1,-1,-1,-1,-1,-1,-1,-1,-1,-1,-1,-1,-1,-1,-1,-1,-1,-1,-1,-1,-1,-1,-1,-1,-1,-1,-1,-1,-1,-1,-1,-1,-1,-1,-1,-1,-1,-1,-1,-1,-0.2498774732166,-1
25565,1,-1,-1,-1,-1,-1,-1,-1,-1,-1,-1,-1,-1,-1,-1,-1,-1,-1,-1,-1,-1,-1,-1,-1,-1,-1,-1,-1,-1,-1,-1,-1,-1,-1,-1,-1,-1,-1,-1,-1,-1,-1,-1,-1,0.0746336182969041,-1
25566,1,-1,-1,-1,-1,-1,-1,-1,-1,-1,-1,-1,-1,-1,-1,-1,-1,-1,-1,-1,-1,-1,-1,-1,-1,-1,-1,-1,-1,-1,-1,-1,-1,-1,-1,-1,-1,-1,-1,-1,-1,-1,-1,-1,-1,0.0222763947111523
25564,1,-1,-1,-1,-1,-1,-1,-1,-1,-1,-1,-1,-1,-1,-1,-1,-1,-1,-1,-1,-1,-1,-1,-1,-1,-1,-1,-1,-1,-1,-1,-1,-1,-1,-1,-1,-1,-1,-1,-1,-1,-1,-1,-1,-1,-0.141329152796469
7661,1,-1,-1,-1,-1,-1,-1,-1,-1,-1,-1,-1,-1,-1,-1,-1,-1,-1,-1,-1,-1,-1,-1,-1,-1,-1,-1,-1,-1,-1,-1,-1,-1,0.198674143164157,-1,-1,-1,-1,-1,-1,-1,-1,-1,-1,-1,-1
8699,1,-1,-1,-1,-1,-1,-1,-1,-1,-1,-1,-1,-1,-1,-1,-1,-1,-1,-1,-1,-1,-1,-1,-1,-1,-1,-1,-1,-1,-1,-1,-1,-1,-1,-1,0.0315989860717025,0.119186407719209,-1,-1,-1,-1,-1,-1,-1,-1,-1
8698,1,-1,-1,-1,-1,-1,-1,-1,-1,-1,-1,-1,-1,-1,-1,-1,-1,-1,-1,-1,-1,-1,-1,-1,-1,-1,-1,-1,-1,-1,-1,-1,-1,-1,-1,-0.176091259055681,0.2518119729938,-1,-1,-1,-1,-1,-1,-1,-1,-1
8697,1,-1,-1,-1,-1,-1,-1,-1,-1,-1,-1,-1,-1,-1,-1,-1,-1,-1,-1,-1,-1,-1,-1,-1,-1,-1,-1,-1,-1,-1,-1,-1,-1,-1,-1,-0.407485326578268,-0.618450407516132,-1,-1,-1,-1,-1,-1,-1,-1,-1
8696,1,-1,-1,-1,-1,-1,-1,-1,-1,-1,-1,-1,-1,-1,-1,-1,-1,-1,-1,-1,-1,-1,-1,-1,-1,-1,-1,-1,-1,-1,-1,-1,-1,-1,-1,-0.123851640967086,0.00860017176191752,-1,-1,-1,-1,-1,-1,-1,-1,-1
8695,1,-1,-1,-1,-1,-1,-1,-1,-1,-1,-1,-1,-1,-1,-1,-1,-1,-1,-1,-1,-1,-1,-1,-1,-1,-1,-1,-1,-1,-1,-1,-1,-1,-1,-1,0,0.0821867561873499,-1,-1,-1,-1,-1,-1,-1,-1,-1
8694,1,-1,-1,-1,-1,-1,-1,-1,-1,-1,-1,-1,-1,-1,-1,-1,-1,-1,-1,-1,-1,-1,-1,-1,-1,-1,-1,-1,-1,-1,-1,-1,-1,-1,-1,-0.0833372058187825,-0.1249387366083,-1,-1,-1,-1,-1,-1,-1,-1,-1
17709,1,-1,-1,-1,-1,-1,-1,-1,-1,-1,-1,-1,-1,-1,-1,-1,-1,-1,-1,-1,-1,-1,-1,-1,-1,-1,-1,-1,-1,-1,-1,-1,-1,-1,0,0.313619122972002,-0.0125891273080205,0.176091259055681,0.149762320333332,-0.116969806937025,-1,-1,-1,-1,-1,-1
11214,1,-1,-1,-1,-1,-1,-1,-1,-1,-1,-1,-1,-1,-1,-1,-1,-1,-1,-1,-1,-1,-1,-1,-1,-1,-1,-1,-1,-1,-1,-1,-1,-1,-1,0.102059991327963,0.102059991327962,-0.0518747187691808,-0.051874718769181,0.059868771461246,0.0598687714612463,-1,-1,-1,-1,-1,-1
11213,1,-1,-1,-1,-1,-1,-1,-1,-1,-1,-1,-1,-1,-1,-1,-1,-1,-1,-1,-1,-1,-1,-1,-1,-1,-1,-1,-1,-1,-1,-1,-1,-1,-1,0.0656370072774508,0.0656370072774509,-0.321369821245387,-0.321369821245387,-0.305874960699615,-1.33984014903833,-1,-1,-1,-1,-1,-1
11212,1,-1,-1,-1,-1,-1,-1,-1,-1,-1,-1,-1,-1,-1,-1,-1,-1,-1,-1,-1,-1,-1,-1,-1,-1,-1,-1,-1,-1,-1,-1,-1,-1,-1,0.0252781867212222,0.0252781867212217,0.0401863634275221,0.0401863634275217,0.103600681077958,0.0168530468384716,-0.155546473309924,-0.0549313671377298,-0.062899281472431,-0.138302698166282,-1,-1
11947,1,-1,-1,-1,-1,-1,-1,-1,-1,-1,-1,-1,-1,-1,-1,-1,-1,-1,-1,-1,-1,-1,-1,-1,-1,-1,-1,-1,-1,-1,-1,-1,-1,-1,-1,-1,0.355307543962467,0.192797639705622,0.133503862482455,-1,-1,-1,-1,-1,-1,-1
8556,1,-1,-1,-1,-1,-1,-1,-1,-1,-1,-1,-1,-1,-1,-1,-1,-1,-1,-1,-1,-1,-1,-1,-1,-1,-1,-1,-1,-1,-1,-1,-1,-1,-1,-1,-1,0.627507113540442,-1,-1,-1,-1,-1,-1,-1,-1,-1
19702,1,-1,-1,-1,-1,-1,-1,-1,-1,-1,-1,-1,-1,-1,-1,-1,-1,-1,-1,-1,-1,-1,-1,-1,-1,-1,-1,-1,-1,-1,-1,-1,-1,-1,-1,-1,-1,-1,-1,-1,-1,-1,0.00860017176191752,-0.0741017205183498,-1,-1
11948,1,-1,-1,-1,-1,-1,-1,-1,-1,-1,-1,-1,-1,-1,-1,-1,-1,-1,-1,-1,-1,-1,-1,-1,-1,-1,-1,-1,-1,-1,-1,-1,-1,-1,-1,-1,-1,-0.365443860359864,-0.726294960999072,-1,-1,-1,-1,-1,-1,-1
18345,1,-1,-1,-1,-1,-1,-1,-1,-1,-1,-1,-1,-1,-1,-1,-1,-1,-1,-1,-1,-1,-1,-1,-1,-1,-1,-1,-1,-1,-1,-1,-1,-1,-1,-1,-1,-1,-1,0.262925469331832,-0.342802143041108,0.205683131848803,-1,-1,-1,-1,-1
15205,1,-1,-1,-1,-1,-1,-1,-1,-1,-1,-1,-1,-1,-1,-1,-1,-1,-1,-1,-1,-1,-1,-1,-1,-1,-1,-1,-1,-1,-1,-1,-1,-1,-1,-1,-1,-1,-1,-0.0752509524191924,-0.179045688860941,-0.179045688860941,-1,-1,-1,-1,-1
18342,1,-1,-1,-1,-1,-1,-1,-1,-1,-1,-1,-1,-1,-1,-1,-1,-1,-1,-1,-1,-1,-1,-1,-1,-1,-1,-1,-1,-1,-1,-1,-1,-1,-1,-1,-1,-1,-1,-0.328581496370101,0.101712833394785,0.101712833394785,-1,-1,-1,-1,-1
18338,1,-1,-1,-1,-1,-1,-1,-1,-1,-1,-1,-1,-1,-1,-1,-1,-1,-1,-1,-1,-1,-1,-1,-1,-1,-1,-1,-1,-1,-1,-1,-1,-1,-1,-1,-1,-1,-1,-0.143434909473596,0.0847292491357686,-0.201171968064997,-1,-1,-1,-1,-1
18340,1,-1,-1,-1,-1,-1,-1,-1,-1,-1,-1,-1,-1,-1,-1,-1,-1,-1,-1,-1,-1,-1,-1,-1,-1,-1,-1,-1,-1,-1,-1,-1,-1,-1,-1,-1,-1,-1,-0.070172881436783,0.129897004580521,-0.0445639632360701,-1,-1,-1,-1,-1
18337,1,-1,-1,-1,-1,-1,-1,-1,-1,-1,-1,-1,-1,-1,-1,-1,-1,-1,-1,-1,-1,-1,-1,-1,-1,-1,-1,-1,-1,-1,-1,-1,-1,-1,-1,-1,-1,-1,-0.612896528787277,0.353603829907432,0.353603829907432,-1,-1,-1,-1,-1
18339,1,-1,-1,-1,-1,-1,-1,-1,-1,-1,-1,-1,-1,-1,-1,-1,-1,-1,-1,-1,-1,-1,-1,-1,-1,-1,-1,-1,-1,-1,-1,-1,-1,-1,-1,-1,-1,-1,0.473660722610156,-0.297569463554475,-0.477121254719662,-1,-1,-1,-1,-1
15204,1,-1,-1,-1,-1,-1,-1,-1,-1,-1,-1,-1,-1,-1,-1,-1,-1,-1,-1,-1,-1,-1,-1,-1,-1,-1,-1,-1,-1,-1,-1,-1,-1,-1,-1,-1,-1,-1,0.541103565386536,0.179045688860942,0.179045688860941,-1,-1,-1,-1,-1
18336,1,-1,-1,-1,-1,-1,-1,-1,-1,-1,-1,-1,-1,-1,-1,-1,-1,-1,-1,-1,-1,-1,-1,-1,-1,-1,-1,-1,-1,-1,-1,-1,-1,-1,-1,-1,-1,-1,0.262925469331832,-0.342802143041108,0.205683131848803,-1,-1,-1,-1,-1
19804,1,-1,-1,-1,-1,-1,-1,-1,-1,-1,-1,-1,-1,-1,-1,-1,-1,-1,-1,-1,-1,-1,-1,-1,-1,-1,-1,-1,-1,-1,-1,-1,-1,-1,-1,-1,-1,-1,-1,-1,-1,-1,-0.0981473225719842,-0.0981473225719841,-1,-1
19723,1,-1,-1,-1,-1,-1,-1,-1,-1,-1,-1,-1,-1,-1,-1,-1,-1,-1,-1,-1,-1,-1,-1,-1,-1,-1,-1,-1,-1,-1,-1,-1,-1,-1,-1,-1,-1,-1,-1,-1,-1,-1,-1,0.359021942641668,-1,-1
25635,1,-1,-1,-1,-1,-1,-1,-1,-1,-1,-1,-1,-1,-1,-1,-1,-1,-1,-1,-1,-1,-1,-1,-1,-1,-1,-1,-1,-1,-1,-1,-1,-1,-1,-1,-1,-1,-1,-1,-1,-1,-1,-1,-0.178814117391154,0.365900760748299,-0.271139160732727
19679,1,-1,-1,-1,-1,-1,-1,-1,-1,-1,-1,-1,-1,-1,-1,-1,-1,-1,-1,-1,-1,-1,-1,-1,-1,-1,-1,-1,-1,-1,-1,-1,-1,-1,-1,-1,-1,-1,-1,-1,-1,-1,-1,0.301029995663981,-1,-1
19678,1,-1,-1,-1,-1,-1,-1,-1,-1,-1,-1,-1,-1,-1,-1,-1,-1,-1,-1,-1,-1,-1,-1,-1,-1,-1,-1,-1,-1,-1,-1,-1,-1,-1,-1,-1,-1,-1,-1,-1,-1,-1,-1,0.359021942641668,-1,-1
