"LPI_final" "CI_low" "CI_high"
"1970" 1 1 1
"1971" -99 NA NA
"1972" -99 NA NA
"1973" -99 NA NA
"1974" -99 NA NA
"1975" -99 NA NA
"1976" -99 NA NA
"1977" -99 NA NA
"1978" -99 NA NA
"1979" 1.08948769329707 1.0315201168465 1.15071283095723
"1980" 1.20679756535833 1.0613155278569 1.45417808386615
"1981" 1.24786611955251 0.95934084768182 1.6253424239396
"1982" 1.46421373892873 1.03969103217594 2.0638931869429
"1983" 1.71807042412247 1.28366217477581 2.56735826834515
"1984" 2.1844150293013 1.56276041690853 3.11762022894691
"1985" 2.73287851211777 1.78926059075014 3.96325593599092
"1986" 3.11744389081558 2.02764226497804 4.59121673776313
"1987" 3.4226412380717 2.18351567231418 5.03498979687903
"1988" 3.59787074787006 2.29724357702806 5.32987117772738
"1989" 3.65397346613683 2.29704044107595 5.37581742975825
"1990" 3.61189024863229 2.30482281146674 5.48612434334417
"1991" 3.60393633611237 1.76652567252027 7.76035644431845
"1992" 3.73415493783754 1.86609702106283 8.07267509886814
"1993" 3.71287662293228 1.81893629605479 8.42400298662137
"1994" 2.86628150091201 1.25675644614104 6.89531186974802
"1995" 3.27927136906157 1.41937606665471 8.27755593895387
"1996" 3.810736156863 1.51934145149484 9.3195378727118
"1997" 3.98384757829616 1.54798386535818 9.90002916167481
"1998" 3.95699006373828 1.52717092381705 9.72084265668355
"1999" 3.70364700040459 1.47038877321831 8.80327690566791
"2000" 3.56798062149681 1.3140767133649 8.91971893420916
"2001" 3.69852726164266 1.3722879034625 9.23523115496726
"2002" 3.78682569095207 1.41506568707782 9.61211417796192
"2003" 4.1932924781367 1.57017499469247 10.606183803955
"2004" 4.29075449848747 1.58345458057459 11.140504945134
"2005" 4.77622424222345 1.86616139673577 13.3344444856521
"2006" 4.18373662583346 1.70973625950069 12.1548434647346
"2007" 4.2099978571019 1.48317528294533 13.1635175636409
"2008" 3.77526915113418 1.33126391978004 13.3127680215606
"2009" 3.43452336084277 1.16776851481008 11.9800237046254
"2010" 3.40392795273353 1.19063808711585 12.376807912953
"2011" 3.16446875512139 1.16145688168875 11.9357260352308
"2012" 2.86151118572756 1.04805136804513 11.4264447251129
"2013" 3.02812227244318 1.13420595134219 12.3675145543196
"2014" 3.17666457841536 1.2021231418053 11.9589791272432
"2015" 2.63802304115248 0.985670841461823 10.4548418494626
"2016" -99 NA NA
"2017" -99 NA NA
"2018" -99 NA NA
"2019" -99 NA NA
