population_id,1970,1971,1972,1973,1974,1975,1976,1977,1978,1979,1980,1981,1982,1983,1984,1985,1986,1987,1988,1989,1990,1991,1992,1993,1994,1995,1996,1997,1998,1999,2000,2001,2002,2003,2004,2005,2006,2007,2008,2009,2010,2011,2012,2013,2014,2015
25559,1,0.0334733948153065,0.0334733948153065,0.0540073931810161,0.0540073931810161,0.0540073931810161,0.0540073931810161,0.0540073931810161,0.0540073931810161,0.00625213328096041,0.00625213328095997,0.00625213328095997,0.00625213328096041,0.00625213328095997,0.00625213328096041,0.00625213328095997,0.00625213328096041,0.00625213328095997,0.00625213328096041,0.0190838150076873,0.0190838150076877,0.0190838150076877,0.0190838150076877,0.0190838150076873,0.0190838150076877,0.0197275842425935,0.0197275842425935,0.0197275842425935,0.0197275842425935,0.0197275842425935,0.0197275842425939,-0.0350056228276441,-0.0350056228276441,-0.0350056228276436,-0.0350056228276441,-0.0350056228276436,0.00892198298243185,0.00892198298243185,0.00892198298243185,0.0296840000246394,0.0296840000246399,0.0296840000246394,0.0205046144016778,0.0205046144016778,0.0205046144016783,0.0205046144016774
18277,1,0.0334733948153065,0.0334733948153065,0.0540073931810161,0.0540073931810161,0.0540073931810161,0.0540073931810161,0.0540073931810161,0.0540073931810161,0.00625213328096041,0.00625213328095997,0.00625213328095997,0.00625213328096041,0.00625213328095997,0.00625213328096041,0.00625213328095997,0.00625213328096041,0.00625213328095997,0.00625213328096041,0.0190838150076873,0.0190838150076877,0.0190838150076877,0.0190838150076877,0.0190838150076873,0.0190838150076877,0.0112021638346964,0.0112021638346969,0.0112021638346969,0.0112021638346964,0.0112021638346969,0.0112021638346964,-0.0330111919632565,-0.0330111919632565,-0.0330111919632565,-0.0330111919632565,-0.0330111919632565,0.0133724077359942,0.0133724077359942,0.0133724077359942,0.0303026073220156,0.0303026073220161,0.0303026073220156,-1,-1,-1,-1
18274,1,0.042457468036591,0.042457468036591,0.025739949775359,0.0257399497753594,0.025739949775359,0.0257399497753594,0.025739949775359,0.0257399497753594,0.000537590689280165,0.000537590689280609,0.000537590689280165,0.000537590689280165,0.000537590689280165,0.000537590689280609,0.0104752694669128,0.0104752694669124,0.0104752694669128,0.0104752694669128,0.0104752694669128,0.0104752694669124,0.0104752694669128,0.00836747882184419,0.00836747882184419,0.02082312276805,0.02082312276805,0.02082312276805,0.02082312276805,0.02082312276805,0.02082312276805,0.0110645995755561,0.0110645995755565,0.0110645995755565,0.0110645995755565,0.0110645995755565,0.0110645995755565,0.0110645995755565,0.0143286794509092,0.0143286794509097,0.0143286794509097,0.0161685100120312,0.0161685100120317,0.0161685100120317,0.00733400619479285,0.00661133576117345,0.00661133576117301
10848,1,0.0332857174003509,0.0332857174003509,0.0225065105854378,0.0225065105854374,0.0225065105854378,0.0225065105854374,0.0225065105854378,0.0225065105854374,0.00492450552295542,0.00492450552295498,0.00492450552295498,0.00492450552295542,0.00492450552295498,0.00492450552295498,0.0102618003322115,0.010261800332211,0.0102618003322115,0.0102618003322115,0.010261800332211,0.0102618003322115,0.010261800332211,0.0253840347569283,0.0253840347569283,0.0195854706382734,0.0195854706382739,0.0195854706382739,0.0195854706382739,0.0195854706382734,0.0195854706382739,0.00684264636303444,0.00684264636303444,0.00684264636303444,0.00684264636303444,0.00684264636303444,0.00684264636303489,0.00684264636303444,-1,-1,-1,-1,-1,-1,-1,-1,-1
4444,1,0.042457468036591,0.042457468036591,0.025739949775359,0.0257399497753594,0.025739949775359,0.0257399497753594,0.025739949775359,0.0257399497753594,0.0101263605368063,0.0101263605368067,0.0101263605368063,0.0101263605368067,0.0101263605368063,0.0101263605368067,0,0,0.0211620858403689,0.0211620858403689,0.0211620858403685,-1,-1,-1,-1,-1,-1,-1,-1,-1,-1,-1,-1,-1,-1,-1,-1,-1,-1,-1,-1,-1,-1,-1,-1,-1,-1
10853,1,-1,-1,0.0191539227430748,0.0191539227430746,0.0191539227430748,0.0191539227430746,0.0191539227430748,0.0191539227430746,0.0191539227430748,0.0191539227430746,0.0191539227430748,0.0191539227430746,0.0191539227430748,0.0191539227430746,0.0191539227430748,0.0348378861917782,0.034837886191778,0.0348378861917784,0.034837886191778,0.0348378861917782,0.0348378861917782,-0.0434162519146188,-0.0434162519146188,-0.0434162519146186,-0.0434162519146188,-0.0434162519146188,-0.0434162519146188,-0.0434162519146188,-0.0434162519146188,0.0241131457591688,0.024113145759169,0.0241131457591688,0.0241131457591688,0.024113145759169,0.0241131457591688,0.0241131457591688,-1,-1,-1,-1,-1,-1,-1,-1,-1
238,1,-1,-1,-1,-1,-1,0.0222985181973323,0.0222985181973319,0.0222985181973319,0.0222985181973319,0.0222985181973319,0.0222985181973323,0.0222985181973319,0.0222985181973319,0.0222985181973319,0.0222985181973319,0.0222985181973319,0.0222985181973323,0.0222985181973319,0.0222985181973319,0.0222985181973319,0.0222985181973319,0.0222985181973323,0.0222985181973319,0.0222985181973319,0.0222985181973319,0.0222985181973319,0.0222985181973319,0.0222985181973323,0.0222985181973319,0.0222985181973319,0.0222985181973319,0.0222985181973319,-1,-1,-1,-1,-1,-1,-1,-1,-1,-1,-1,-1,-1
5226,1,-1,-1,-1,-1,-1,-1,-1,-1,-1,-1,-1,-1,-1,-1,-1,-1,0,0,0,-1,-1,-1,-1,-1,-1,-1,-1,-1,-1,-1,-1,-1,-1,-1,-1,-1,-1,-1,-1,-1,-1,-1,-1,-1,-1
5225,1,-1,-1,-1,-1,-1,-1,-1,-1,-1,-1,-1,-1,-1,-1,-1,-1,0.00934290786674774,0.00934290786674774,0.00934290786674818,-1,-1,-1,-1,-1,-1,-1,-1,-1,-1,-1,-1,-1,-1,-1,-1,-1,-1,-1,-1,-1,-1,-1,-1,-1,-1
5224,1,-1,-1,-1,-1,-1,-1,-1,-1,-1,-1,-1,-1,-1,-1,-1,-1,0.036381489808356,0.0363814898083561,0.036381489808356,-1,-1,-1,-1,-1,-1,-1,-1,-1,-1,-1,-1,-1,-1,-1,-1,-1,-1,-1,-1,-1,-1,-1,-1,-1,-1
5223,1,-1,-1,-1,-1,-1,-1,-1,-1,-1,-1,-1,-1,-1,-1,-1,-1,0.0170508408157937,0.0170508408157939,0.0170508408157937,-1,-1,-1,-1,-1,-1,-1,-1,-1,-1,-1,-1,-1,-1,-1,-1,-1,-1,-1,-1,-1,-1,-1,-1,-1,-1
5222,1,-1,-1,-1,-1,-1,-1,-1,-1,-1,-1,-1,-1,-1,-1,-1,-1,0,0,0,-1,-1,-1,-1,-1,-1,-1,-1,-1,-1,-1,-1,-1,-1,-1,-1,-1,-1,-1,-1,-1,-1,-1,-1,-1,-1
5221,1,-1,-1,-1,-1,-1,-1,-1,-1,-1,-1,-1,-1,-1,-1,-1,-1,0.0702844551049644,0.0702844551049644,0.0702844551049644,-1,-1,-1,-1,-1,-1,-1,-1,-1,-1,-1,-1,-1,-1,-1,-1,-1,-1,-1,-1,-1,-1,-1,-1,-1,-1
5220,1,-1,-1,-1,-1,-1,-1,-1,-1,-1,-1,-1,-1,-1,-1,-1,-1,0,0,0,-1,-1,-1,-1,-1,-1,-1,-1,-1,-1,-1,-1,-1,-1,-1,-1,-1,-1,-1,-1,-1,-1,-1,-1,-1,-1
5219,1,-1,-1,-1,-1,-1,-1,-1,-1,-1,-1,-1,-1,-1,-1,-1,-1,0.00877631290744985,0.00877631290744962,0.00877631290744962,-1,-1,-1,-1,-1,-1,-1,-1,-1,-1,-1,-1,-1,-1,-1,-1,-1,-1,-1,-1,-1,-1,-1,-1,-1,-1
10852,1,-1,-1,-1,-1,-1,-1,-1,-1,-1,-1,-1,-1,-1,-1,-1,-1,-1,-0.00616392770886165,-0.00616392770886165,-0.00616392770886165,-0.00616392770886165,-0.00616392770886165,-0.00616392770886165,0.0588197489334001,0.0588197489334004,-0.00762233053697514,-0.00762233053697514,-0.00762233053697492,-0.00762233053697514,0.00461306081373869,0.00461306081373869,0.00461306081373869,0.00461306081373847,0.00461306081373891,0.00736162841035326,0.00736162841035304,-1,-1,-1,-1,-1,-1,-1,-1,-1
18285,1,-1,-1,-1,-1,-1,-1,-1,-1,-1,-1,-1,-1,-1,-1,-1,-1,-1,-1,-1,-1,-1,-1,-1,-1,-1,-1,-1,-1,-1,-1,-0.0498505068544521,-0.0498505068544519,-0.0498505068544519,-0.0498505068544521,-0.0498505068544519,-0.0498505068544519,-0.0498505068544521,-0.134698573897456,0.0125961869631332,0.0125961869631332,0.0125961869631332,-1,-1,-1,-1
18282,1,-1,-1,-1,-1,-1,-1,-1,-1,-1,-1,-1,-1,-1,-1,-1,-1,-1,-1,-1,-1,-1,-1,-1,-1,-1,-1,-1,-1,-1,-1,0.120728291430608,0.120728291430608,0.120728291430608,0.120728291430608,0.120728291430608,0.120728291430608,0.120728291430608,-0.146128035678238,0.0487093452260793,0.0487093452260793,0.0487093452260794,-1,-1,-1,-1
10851,1,-1,-1,-1,-1,-1,-1,-1,-1,-1,-1,-1,-1,-1,-1,-1,-1,-1,-1,-1,-1,-1,-1,-1,-1,-1,-1,-1,-1,-1,-1,-1,-1,0.0352905371428536,0.0352905371428538,0.0791812460476247,-1,-1,-1,-1,-1,-1,-1,-1,-1,-1
10850,1,-1,-1,-1,-1,-1,-1,-1,-1,-1,-1,-1,-1,-1,-1,-1,-1,-1,-1,-1,-1,-1,-1,-1,-1,-1,-1,-1,-1,-1,-1,-1,-1,0.0186240287098147,0.0186240287098147,0.0504909922632608,-1,-1,-1,-1,-1,-1,-1,-1,-1,-1
5688,1,-0.0650870428223891,-0.0650870428223891,-0.0650870428223891,-0.0650870428223891,-0.0650870428223889,-0.0650870428223891,-0.0650870428223891,-0.0650870428223891,-0.0650870428223891,-0.0650870428223891,-0.0650870428223891,-0.0650870428223891,-0.0650870428223891,-0.0650870428223891,-0.0650870428223889,-0.0650870428223892,-1,-1,-1,-1,-1,-1,-1,-1,-1,-1,-1,-1,-1,-1,-1,-1,-1,-1,-1,-1,-1,-1,-1,-1,-1,-1,-1,-1,-1
5686,1,0.0429563434122442,-0.0644345151183661,-0.0644345151183665,0.0230653040686937,-0.0389932425870674,-0.0389932425870672,-0.0389932425870672,-0.0389932425870672,-0.0196266495738369,-0.0196266495738366,-0.108009602977816,-0.108009602977816,-0.0255762612236907,-0.0255762612236907,0.0511525224473814,0.00944267208018679,0.00944267208018701,-1,-1,-1,-1,-1,-1,-1,-1,-1,-1,-1,-1,-1,-1,-1,-1,-1,-1,-1,-1,-1,-1,-1,-1,-1,-1,-1,-1
5687,1,-0.0408488572260501,-0.0408488572260506,-0.0408488572260501,-0.0408488572260501,-0.0408488572260506,-0.0408488572260504,-0.0408488572260501,0,0,0,0,0,-0.0391313909012625,-0.0391313909012625,-0.0391313909012625,-0.0391313909012627,-0.0391313909012625,-0.0391313909012625,-0.0391313909012625,-0.0391313909012623,-0.0391313909012627,-0.011286089086989,-0.011286089086989,-0.0112860890869892,-1,-1,-1,-1,-1,-1,-1,-1,-1,-1,-1,-1,-1,-1,-1,-1,-1,-1,-1,-1,-1
4895,1,-1,-0.00860914033083593,-0.00912428882642491,-0.0107467865828785,-0.0137987731185918,-0.0178644627348359,-0.0222368734450762,-0.0267416112832441,-0.031845884524228,-0.0378031119397086,-0.0438908262986315,-0.0488278201440477,-0.0520137005514536,-0.0540790237790818,-0.055964743852275,-0.0575455565248033,-0.0575167841924085,-0.0553393091348127,-0.0503078253638443,-0.0431667800814985,-0.0357980224106172,-0.0294876234167859,-0.0241504363714163,-0.0197027805002752,-0.016144655803361,-0.0134760622806773,-0.01169699993222,-0.0108074687579925,-1,-1,-1,-1,-1,-1,-1,-1,-1,-1,-1,-1,-1,-1,-1,-1,-1
236,1,0.100343331887994,0.100343331887994,0.0111034655699662,0.0111034655699664,0.0111034655699662,0.0111034655699662,0.0111034655699662,0,0,0,0,0,0,0,0,0,0,0,0,0,0,0,0,0,0,0,0,0,0,0.0137975617194084,0.0137975617194084,0.0137975617194084,0,0,0,-1,-1,-1,-1,-1,-1,-1,-1,-1,-1
237,1,0.0526482869549163,0.0526482869549163,0.0526482869549163,0.0526482869549163,0.0526482869549163,0.0145101334297224,0.0145101334297224,0.0145101334297222,0.0145101334297224,0.0145101334297224,-0.00168663350737264,-0.00168663350737264,-0.00168663350737241,-0.00168663350737264,-0.00168663350737264,0.00655850267926161,0.00655850267926139,0.00655850267926161,0.00655850267926139,0.00655850267926161,-0.00487186917188898,-0.00487186917188898,-0.00487186917188898,-0.00487186917188898,-0.00487186917188875,0.00643693667428025,0.00643693667428025,0.00643693667428025,0.00643693667428025,0.00643693667428025,-1,-1,-1,-1,-1,-1,-1,-1,-1,-1,-1,-1,-1,-1,-1
235,1,-1,-1,-1,-1,-1,-1,-1,-1,-1,-1,-1,-1,-1,-1,-1,-1,-1,-1,-1,-0.0484550065040283,-0.0484550065040281,-0.0484550065040282,-0.0484550065040282,-0.02498774732166,-0.02498774732166,-0.02498774732166,-0.02498774732166,-0.02498774732166,0.0969100130080565,-1,-1,-1,-1,-1,-1,-1,-1,-1,-1,-1,-1,-1,-1,-1,-1
18250,1,-1,-1,-1,-1,-1,-1,-1,-1,-1,-1,-1,-1,-1,-1,-1,-1,-1,-1,-1,-1,-1,-1,-1,-1,-1,-1,-1,-1,-1,-1,-1,-1,-1,-1,-1,-1,-1,-1,-1,-1,-1,-1,0.0558578174650011,-1,-1
218,1,0.0331804362109005,0.0331804362109005,0.0331804362109001,0.0331804362109005,0.0331804362109001,0.0331804362109005,0.0630431838133094,0.0630431838133099,0.0630431838133094,0.0630431838133094,0.0630431838133099,0.0630431838133094,0.0630431838133094,-1,-1,-1,-1,-1,-1,-1,-1,-1,-1,-1,-1,-1,-1,-1,-1,-1,-1,-1,-1,-1,-1,-1,-1,-1,-1,-1,-1,-1,-1,-1,-1
202,1,-0.034080089622833,-0.034080089622833,-0.333333333333333,-0.333333333333333,-0.333333333333333,-0.100343331887994,-0.100343331887994,-0.100343331887994,0.422390576134338,0.422390576134338,0.422390576134338,-0.100499919060969,-0.100499919060969,-0.100499919060969,-1,-1,-1,-1,-1,-1,-1,-1,-1,-1,-1,-1,-1,-1,-1,-1,-1,-1,-1,-1,-1,-1,-1,-1,-1,-1,-1,-1,-1,-1,-1
4929,1,0,0,0,0,0,0,0,0,0,0,0,0,0,0,0,0,0,0,0,0,-0.00969100130080569,-0.00969100130080569,-0.00969100130080558,-0.00969100130080558,-0.00969100130080569,-0.00969100130080569,-0.00969100130080558,-0.00969100130080558,-0.00969100130080569,-0.00969100130080569,-1,-1,-1,-1,-1,-1,-1,-1,-1,-1,-1,-1,-1,-1,-1
220,1,0.029348543175947,0.0293485431759466,0.029348543175947,0.029348543175947,0.0293485431759466,-1,-1,-1,-1,-1,-1,-1,-1,-1,-1,-1,-1,-1,-1,-1,-1,-1,-1,-1,-1,-1,-1,-1,-1,-1,-1,-1,-1,-1,-1,-1,-1,-1,-1,-1,-1,-1,-1,-1,-1
221,1,0.00693427087990672,0.00693427087990717,0.00693427087990672,0.00693427087990717,0.00693427087990672,0.00693427087990717,0.00693427087990672,0.00693427087990717,0.00693427087990717,0.0763611420999766,-1,-1,-1,-1,-1,-1,-1,-1,-1,-1,-1,-1,-1,-1,-1,-1,-1,-1,-1,-1,-1,-1,-1,-1,-1,-1,-1,-1,-1,-1,-1,-1,-1,-1,-1
222,1,-1,-1,-1,-1,-1,-1,-1,-1,0.00393829677204582,0.00393829677204627,0.00393829677204582,0.00393829677204627,0.00393829677204627,0.00393829677204582,0.00393829677204627,0.00393829677204627,0.00393829677204582,0.00393829677204627,0.00393829677204582,0.00393829677204627,0.00393829677204627,0.00393829677204582,0.00393829677204627,0.00393829677204582,-1,-1,-1,-1,-1,-1,-1,-1,-1,-1,-1,-1,-1,-1,-1,-1,-1,-1,-1,-1,-1
217,1,0.013747837333749,0.013747837333749,0.0438111738261084,0.0438111738261084,0.0438111738261089,0.0438111738261084,0.0438111738261084,0.0438111738261084,-0.028279634175175,-0.0282796341751754,-0.028279634175175,-0.028279634175175,-0.028279634175175,-0.0282796341751754,-1,-1,-1,-1,-1,-1,-1,-1,-1,-1,-1,-1,-1,-1,-1,-1,-1,-1,-1,-1,-1,-1,-1,-1,-1,-1,-1,-1,-1,-1,-1
216,1,-1,-1,-1,-1,-1,-1,-1,-1,-1,-1,0.0140827525874085,0.0140827525874085,0.0140827525874085,0.0140827525874085,0.0140827525874085,0.00765070120536837,0.00765070120536926,0.00765070120536837,0.00765070120536837,0.00765070120536926,-7.08056800613477e-05,-7.08056800613477e-05,-7.08056800613477e-05,-7.08056800604595e-05,-7.08056800613477e-05,-0.00270181964963001,-0.00270181964963001,-0.00270181964963001,-0.00270181964963001,-0.00270181964963001,-1,-1,-1,-1,-1,-1,-1,-1,-1,-1,-1,-1,-1,-1,-1
5636,1,-1,-1,-1,-1,-1,-1,-1,-1,-1,-1,-1,-1,0.0173987650633016,0.0173987650633025,0.0173987650633016,0.0173987650633025,0.0173987650633016,0.0173987650633025,0.0173987650633016,0.0173987650633025,0.00548562534369346,0.00548562534369346,-0.00897413982113271,-0.00897413982113271,-0.00897413982113271,0.000602849759351543,0.000602849759351543,0.000602849759351543,0.000602849759351543,0.000602849759351543,0.0131886319487169,0.0131886319487169,0.0131886319487169,-1,-1,-1,-1,-1,-1,-1,-1,-1,-1,-1,-1
11757,1,-1,-1,-1,-1,-1,-1,-1,-1,-1,-1,-1,-1,-1,-1,-1,-1,-1,-1,-1,-1,-1,-1,-1,-1,-1,-1,-1,-1,0.179396766661229,0.179396766661229,-0.195416368944371,-0.195416368944371,-0.173022304551675,-0.173022304551675,-0.0872476959819958,-0.0872476959819959,0.196052955063787,0.196052955063787,0.196052955063787,0.196052955063787,-1.98247566523516,1.66583324002751,-1,-1,-1
6150,1,-1,-1,-1,-1,-1,-1,-1,-1,-1,-1,-1,-1,-1,-1,-1,-1,-1,-1,-1,-1,-1,-1,-1,-1,-1,-1,-1,-1,-1,-1,-0.668107124594214,-0.668107124594214,-0.668107124594214,1.00216068689132,1.00216068689132,-2.00432137378264,-1,-1,-1,-1,-1,-1,-1,-1,-1
6149,1,-1,-1,-1,-1,-1,-1,-1,-1,-1,-1,-1,-1,-1,-1,-1,-1,-1,-1,-1,-1,-1,-1,-1,-1,-1,-1,-1,-1,-1,-1,-0.182231242208182,-0.182231242208182,-0.182231242208182,-0.825047644006324,-0.825047644006324,0,-1,-1,-1,-1,-1,-1,-1,-1,-1
214,1,-0.00966532449628099,-0.00966532449628099,0.0518748601409444,0.0518748601409444,0.0518748601409444,0.0518748601409444,0.0518748601409449,0.0518748601409444,0.0369074277880448,0.0369074277880448,0.0369074277880448,0.0369074277880448,0.0369074277880448,0.0369074277880452,-1,-1,-1,-1,-1,-1,-1,-1,-1,-1,-1,-1,-1,-1,-1,-1,-1,-1,-1,-1,-1,-1,-1,-1,-1,-1,-1,-1,-1,-1,-1
215,1,-1,-1,-1,-1,-1,-1,-1,-1,-1,0.00113395134249084,0.00113395134249084,0.00113395134249084,0.00113395134249084,0.00113395134249084,0.00113395134249039,-1,-1,-1,-1,-1,-1,-1,-1,-1,-1,-1,-1,-1,-1,-1,-1,-1,-1,-1,-1,-1,-1,-1,-1,-1,-1,-1,-1,-1,-1
11770,1,-1,-1,-1,-1,-1,-1,-1,-1,-1,-1,-1,-1,-1,-1,-1,-1,-1,-1,-1,-1,-1,-1,-1,-1,-1,-1,-1,-1,-0.0871399059702042,-0.0871399059702042,0.225185503687681,0.22518550368768,0.0384899966061174,0.0384899966061176,0.0173823275777468,0.0173823275777468,0.0405404587044269,0.0405404587044269,0.0405404587044269,0.0405404587044269,-0.615087755363359,0.0210384932436564,-1,-1,-1
6142,1,-1,-1,-1,-1,-1,-1,-1,-1,-1,-1,-1,-1,-1,-1,-1,-1,-1,-1,-1,-1,-1,-1,-1,-1,-1,-1,-1,-1,-1,-1,-0.652530925654101,-0.652530925654101,-0.652530925654101,0,0,2.04650698846741,-1,-1,-1,-1,-1,-1,-1,-1,-1
6141,1,-1,-1,-1,-1,-1,-1,-1,-1,-1,-1,-1,-1,-1,-1,-1,-1,-1,-1,-1,-1,-1,-1,-1,-1,-1,-1,-1,-1,-1,-1,0.255750417626727,0.255750417626727,0.255750417626727,-1.18111053613974,-1.18111053613974,1.52356911930407,-1,-1,-1,-1,-1,-1,-1,-1,-1
10371,1,-1,-1,-1,-1,-1,-1,-1,-1,-1,-1,-1,-1,-1,-1,-1,-1,-1,-1,-1,-1,-1,-1,-1,-1,-1,-1,-1,-1,-1,-1,-1,0.013572807189274,0.169357876396713,0.259938799224496,-0.491444582370053,-1,-1,-1,-1,-1,-1,-1,-1,-1,-1
10073,1,-1,-1,-1,-1,-1,-1,-1,-1,-1,-1,-1,-1,-1,-1,-1,-1,-1,-1,-1,-1,-1,-1,-1,-1,-1,-1,-1,-1,-1,-1,-1,-1,-1,-1,-0.211108307782974,0.0470815601286729,-0.129323573582069,-1,-1,-1,-1,-1,-1,-1,-1
211,1,0.0640450163647457,0.0640450163647457,0.0217638460784664,0.0217638460784664,0.0217638460784664,0.0217638460784664,0.0217638460784664,0.0217638460784664,0.0058815029005328,0.0058815029005328,0.0058815029005328,0.0058815029005328,0.0058815029005328,0.0058815029005328,-1,-1,-1,-1,-1,-1,-1,-1,-1,-1,-1,-1,-1,-1,-1,-1,-1,-1,-1,-1,-1,-1,-1,-1,-1,-1,-1,-1,-1,-1,-1
212,1,-1,-1,-1,-1,-1,-1,-1,-1,-1,-1,-1,-1,-1,-1,-1,-1,-1,-1,0.0165042709612915,0.016504270961291,0.0513311709485738,0.0513311709485742,0.025568301510094,-1,-1,-1,-1,-1,-1,-1,-1,-1,-1,-1,-1,-1,-1,-1,-1,-1,-1,-1,-1,-1,-1
209,1,0.0118786793322965,0.0118786793322969,0.00683947531468165,0.0068394753146821,0.00683947531468165,0.00683947531468165,0.0068394753146821,0.00683947531468165,0.00754313894572922,0.00754313894572967,0.00754313894572967,0.00754313894572967,0.00754313894572922,0.00754313894572967,-1,-1,-1,-1,-1,-1,-1,-1,-1,-1,-1,-1,-1,-1,-1,-1,-1,-1,-1,-1,-1,-1,-1,-1,-1,-1,-1,-1,-1,-1,-1
210,1,-1,-1,-1,-1,-1,-1,0.014518258442501,0.0145182584425012,0.0145182584425012,0.014518258442501,0.014518258442501,0.014518258442501,0.0145182584425012,0.014518258442501,0.0145182584425012,0.014518258442501,0.0145182584425012,0.00944155623284137,0.0160737544734202,0.01607375447342,0.0160737544734197,0.0160737544734202,0.0160737544734197,0.0160737544734202,0.0160737544734197,0.0160737544734202,0.0160737544734202,0.0160737544734197,0.0160737544734202,0.0160737544734197,0.0100072805213691,0.0100072805213691,0.0100072805213691,0.0100072805213691,-1,-1,-1,-1,-1,-1,-1,-1,-1,-1,-1
207,1,0.209212084183884,0.209212084183884,0.0177425551523811,0.0177425551523813,0.0177425551523811,0.0177425551523811,0.0177425551523811,0.0177425551523811,0.019232236450345,0.019232236450345,0.0192322364503448,0.019232236450345,0.0192322364503448,0.019232236450345,-1,-1,-1,-1,-1,-1,-1,-1,-1,-1,-1,-1,-1,-1,-1,-1,-1,-1,-1,-1,-1,-1,-1,-1,-1,-1,-1,-1,-1,-1,-1
6140,1,-1,-1,-1,-1,-1,-1,-1,-1,-1,-1,-1,-1,-1,-1,-1,-1,-1,-1,-1,-1,-1,-1,-1,-1,-1,-1,-1,-1,-1,-1,-0.0265503358555168,-0.0265503358555168,-0.026550335855517,0.335508238366588,0.335508238366588,0.0296422963486858,-1,-1,-1,-1,-1,-1,-1,-1,-1
6139,1,-1,-1,-1,-1,-1,-1,-1,-1,-1,-1,-1,-1,-1,-1,-1,-1,-1,-1,-1,-1,-1,-1,-1,-1,-1,-1,-1,-1,-1,-1,-0.183223973956091,-0.183223973956091,-0.183223973956091,0.186790331406296,0.186790331406296,0.366268979389968,-1,-1,-1,-1,-1,-1,-1,-1,-1
10372,1,-1,-1,-1,-1,-1,-1,-1,-1,-1,-1,-1,-1,-1,-1,-1,-1,-1,-1,-1,-1,-1,-1,-1,-1,-1,-1,-1,-1,-1,-1,-1,0.156321759631956,0.366885043940629,0.102103919201194,-0.00190518323517491,-1,-1,-1,-1,-1,-1,-1,-1,-1,-1
25561,1,-1,-1,-1,-1,-1,-1,-1,-1,-1,-1,-1,-1,-1,-1,-1,-1,-1,-1,-1,-1,-1,-1,-1,-1,-1,-1,-1,-1,-1,-1,-1,-1,-1,-1,-1,-1,-1,-1,-1,-1,-1,0.161598882411543,-1,-1,-1
25560,1,-1,-1,-1,-1,-1,-1,-1,-1,-1,-1,-1,-1,-1,-1,-1,-1,-1,-1,-1,-1,-1,-1,-1,-1,-1,-1,-1,-1,-1,-1,-1,-1,-1,-1,-1,-1,-1,-1,-1,-1,-1,-0.118815651549511,-1,-1,-1
25335,-1,-1,-1,-1,-1,-1,-1,-1,-1,-1,-1,-1,-1,-1,-1,-1,-1,-1,-1,-1,-1,-1,-1,-1,-1,-1,-1,-1,-1,-1,-1,-1,-1,-1,-1,-1,-1,-1,-1,-1,-1,-1,-1,-1,-1,-1
19707,-1,-1,-1,-1,-1,-1,-1,-1,-1,-1,-1,-1,-1,-1,-1,-1,-1,-1,-1,-1,-1,-1,-1,-1,-1,-1,-1,-1,-1,-1,-1,-1,-1,-1,-1,-1,-1,-1,-1,-1,-1,-1,-1,-1,-1,-1
206,1,0.0900840239693848,0.0900840239693848,0.0296501039365231,0.0296501039365227,0.0296501039365236,0.0296501039365227,0.0296501039365231,0.0296501039365231,0.0263996145939394,0.0263996145939394,0.0263996145939389,0.0263996145939394,0.0263996145939389,0.0263996145939394,-1,-1,-1,-1,-1,-1,-1,-1,-1,-1,-1,-1,-1,-1,-1,-1,-1,-1,-1,-1,-1,-1,-1,-1,-1,-1,-1,-1,-1,-1,-1
234,1,-1,-1,0.0310783955890903,0.0310783955890903,0.0310783955890903,0.0310783955890903,0.0310783955890903,0.0310783955890903,0.0310783955890903,0.0246630407888175,0.0246630407888171,0.0246630407888175,0.0246630407888171,0.0246630407888171,0.00685727731270891,0.00685727731270847,0.00685727731270847,0.00685727731270847,0.00685727731270847,-0.0157144098140201,-0.0157144098140201,-0.0157144098140201,-0.0157144098140201,-0.00724292075842881,-0.00724292075842925,-0.00724292075842881,-0.00724292075842925,0.00407008919122465,0.00407008919122465,0.00407008919122465,0.00407008919122465,-1,-1,-1,-1,-1,-1,-1,-1,-1,-1,-1,-1,-1,-1
11048,1,-1,-1,-1,-1,-1,-1,-1,-1,-0.0138442875725793,-0.0138442875725797,-0.0138442875725793,-0.0138442875725797,-0.0138442875725793,-0.0138442875725797,-0.0138442875725793,-0.035696781888086,-0.0356967818880856,-0.0356967818880856,-0.035696781888086,-0.0356967818880856,-0.0356967818880856,-0.035696781888086,-0.0170181670068867,-0.0170181670068872,-0.0170181670068872,-0.0170181670068872,-0.0170181670068867,-0.0170181670068872,-0.0170181670068872,-0.0170181670068867,-0.0170181670068872,-0.0170181670068872,-0.0170181670068872,-0.0170181670068867,-0.0170181670068872,-0.0170181670068872,-0.0170181670068872,-1,-1,-1,-1,-1,-1,-1,-1
231,1,-1,-1,-1,-1,-1,-1,-1,-1,-1,-1,-1,-1,-0.10753117301086,-0.10753117301086,-0.10753117301086,-0.10753117301086,-0.0103643810212302,-0.0103643810212302,-0.0103643810212304,-0.0103643810212302,-0.0103643810212304,-0.0103643810212302,-0.0103643810212302,-0.219666346915131,-0.219666346915131,-1,-1,-1,-1,-1,-1,-1,-1,-1,-1,-1,-1,-1,-1,-1,-1,-1,-1,-1,-1
11050,1,-1,-1,-1,-1,-1,-1,-1,-1,-1,-1,-1,-1,-1,-1,-1,-1,-1,-1,-1,-1,-1,-1,-1,-1,-1,0,0,0.0579919469776867,0,0,0,-1,-1,-1,-1,-1,-1,-1,-1,-1,-1,-1,-1,-1,-1
11052,1,-1,-1,-1,-1,-1,-1,-1,-1,-1,-1,-1,-1,-1,-1,-1,-1,-1,-1,-1,-1,-1,-1,-1,-1,-1,-1,-0.130333768495006,-0.0705810742857074,0.131278914639319,0.11539341870207,-1,-1,-1,-1,-1,-1,-1,-1,-1,-1,-1,-1,-1,-1,-1
233,1,-1,-1,-1,-1,-1,-1,-1,-1,-1,-1,-1,-1,-1,-1,-1,-1,-1,-1,-1,-1,-1,-1,-1,-1,-1,-1,0,0,-1,-1,-1,-1,-1,-1,-1,-1,-1,-1,-1,-1,-1,-1,-1,-1,-1
232,1,-1,-1,-1,-1,-1,-1,-1,-1,-1,-1,-1,-1,-1,-1,-1,-1,-1,-1,-1,-1,-1,-1,-1,-1,-1,-1,-1,-0.0969100130080567,-1,-1,-1,-1,-1,-1,-1,-1,-1,-1,-1,-1,-1,-1,-1,-1,-1
11775,1,-1,-1,-1,-1,-1,-1,-1,-1,-1,-1,-1,-1,-1,-1,-1,-1,-1,-1,-1,-1,-1,-1,-1,-1,-1,-1,-1,-1,-0.220273556063029,-0.220273556063029,0.0431866522012007,0.0431866522012007,-0.139591640923905,-0.139591640923905,0.0632673018499947,0.0632673018499947,0.127001333238332,0.127001333238332,0.127001333238332,0.127001333238332,-0.128420782639072,0.117948818075144,-1,-1,-1
8485,1,-1,-1,-1,-1,-1,-1,-1,-1,-1,-1,-1,-1,-1,-1,-1,-1,-1,-1,-1,-1,-1,-1,-1,-1,-1,-1,-1,-1,0,0.161705668040688,0,-1,-1,-1,-1,-1,-1,-1,-1,-1,-1,-1,-1,-1,-1
6146,1,-1,-1,-1,-1,-1,-1,-1,-1,-1,-1,-1,-1,-1,-1,-1,-1,-1,-1,-1,-1,-1,-1,-1,-1,-1,-1,-1,-1,-1,-1,-0.09485599825147,-0.0948559982514697,-0.09485599825147,-0.819430813210453,-0.819430813210453,2.2445909507529,-1,-1,-1,-1,-1,-1,-1,-1,-1
6145,1,-1,-1,-1,-1,-1,-1,-1,-1,-1,-1,-1,-1,-1,-1,-1,-1,-1,-1,-1,-1,-1,-1,-1,-1,-1,-1,-1,-1,-1,-1,0.668107124594214,0.668107124594214,0.668107124594214,-1.00216068689132,-1.00216068689132,2.00432137378264,-1,-1,-1,-1,-1,-1,-1,-1,-1
11053,1,-1,-1,-1,-1,-1,-1,-1,-1,-1,-1,-1,-1,-1,-1,-1,-1,-1,-1,-1,-1,-1,-1,-1,-1,-1,-1,-1,-1,-1,-1,-1,-1,-0.0377908476065854,-0.0377908476065852,-0.0377908476065852,-0.0377908476065854,-1,-1,-1,-1,-1,-1,-1,-1,-1
10080,1,-1,-1,-1,-1,-1,-1,-1,-1,-1,-1,-1,-1,-1,-1,-1,-1,-1,-1,-1,-1,-1,-1,-1,-1,-1,-1,-1,-1,-1,-1,-1,-1,-1,-1,-0.0933167324111435,0.286979281729367,0.0506855892963881,-1,-1,-1,-1,-1,-1,-1,-1
11046,1,-1,-1,-1,-1,-1,-1,-1,-1,-1,-1,-1,-1,-1,-1,-1,-1,-1,-1,-1,-1,-1,-1,-1,-1,-1,-1,-1,-1,-1,-1,-1,-1,-1,-1,-1,-1,-0.0197953115119062,-0.0197953115119063,-0.0197953115119062,-0.0197953115119062,-1,-1,-1,-1,-1
11044,1,-1,-1,-1,-1,-1,-1,-1,-1,-1,-1,-1,-1,-1,-1,-1,-1,-1,-1,-1,-1,-1,-1,-1,-1,-1,-1,-1,-1,-1,-1,-1,-1,-1,-1,-1,-1,0.0775594993627011,0.0775594993627011,0.0775594993627013,0.0775594993627013,-1,-1,-1,-1,-1
11043,1,-1,-1,-1,-1,-1,-1,-1,-1,-1,-1,-1,-1,-1,-1,-1,-1,-1,-1,-1,-1,-1,-1,-1,-1,-1,-1,-1,-1,-1,-1,-1,-1,-1,-1,-1,-1,0.0471251292593753,0.0471251292593753,0.0471251292593753,0.0471251292593753,-1,-1,-1,-1,-1
11042,1,-1,-1,-1,-1,-1,-1,-1,-1,-1,-1,-1,-1,-1,-1,-1,-1,-1,-1,-1,-1,-1,-1,-1,-1,-1,-1,-1,-1,-1,-1,-1,-1,-1,-1,-1,-1,0.0828435030307917,0.0828435030307917,0.0828435030307917,0.0828435030307912,-1,-1,-1,-1,-1
11041,1,-1,-1,-1,-1,-1,-1,-1,-1,-1,-1,-1,-1,-1,-1,-1,-1,-1,-1,-1,-1,-1,-1,-1,-1,-1,-1,-1,-1,-1,-1,-1,-1,-1,-1,-1,-1,0.00368081420517674,0.0036808142051763,0.00368081420517674,0.00368081420517674,-1,-1,-1,-1,-1
11040,1,-1,-1,-1,-1,-1,-1,-1,-1,-1,-1,-1,-1,-1,-1,-1,-1,-1,-1,-1,-1,-1,-1,-1,-1,-1,-1,-1,-1,-1,-1,-1,-1,-1,-1,-1,-1,-0.0300977772143949,-0.0300977772143949,-0.0300977772143947,-0.0300977772143949,-1,-1,-1,-1,-1
11039,1,-1,-1,-1,-1,-1,-1,-1,-1,-1,-1,-1,-1,-1,-1,-1,-1,-1,-1,-1,-1,-1,-1,-1,-1,-1,-1,-1,-1,-1,-1,-1,-1,-1,-1,-1,-1,-0.0370156338638594,-0.0370156338638594,-0.0370156338638594,-0.0370156338638594,-1,-1,-1,-1,-1
11038,1,-1,-1,-1,-1,-1,-1,-1,-1,-1,-1,-1,-1,-1,-1,-1,-1,-1,-1,-1,-1,-1,-1,-1,-1,-1,-1,-1,-1,-1,-1,-1,-1,-1,-1,-1,-1,0,0,0,0,-1,-1,-1,-1,-1
11037,1,-1,-1,-1,-1,-1,-1,-1,-1,-1,-1,-1,-1,-1,-1,-1,-1,-1,-1,-1,-1,-1,-1,-1,-1,-1,-1,-1,-1,-1,-1,-1,-1,-1,-1,-1,-1,0.0537623699771257,0.0537623699771252,0.0537623699771252,0.0537623699771252,-1,-1,-1,-1,-1
11036,1,-1,-1,-1,-1,-1,-1,-1,-1,-1,-1,-1,-1,-1,-1,-1,-1,-1,-1,-1,-1,-1,-1,-1,-1,-1,-1,-1,-1,-1,-1,-1,-1,-1,-1,-1,-1,-0.0167970328470921,-0.0167970328470921,-0.0167970328470917,-0.0167970328470921,-1,-1,-1,-1,-1
11035,1,-1,-1,-1,-1,-1,-1,-1,-1,-1,-1,-1,-1,-1,-1,-1,-1,-1,-1,-1,-1,-1,-1,-1,-1,-1,-1,-1,-1,-1,-1,-1,-1,-1,-1,-1,-1,0.0127881306118451,0.0127881306118454,0.0127881306118454,0.0127881306118454,-1,-1,-1,-1,-1
11033,1,-1,-1,-1,-1,-1,-1,-1,-1,-1,-1,-1,-1,-1,-1,-1,-1,-1,-1,-1,-1,-1,-1,-1,-1,-1,-1,-1,-1,-1,-1,-1,-1,-1,-1,-1,-1,-0.0554621874040893,-0.055462187404089,-0.055462187404089,-0.0554621874040891,-1,-1,-1,-1,-1
11031,1,-1,-1,-1,-1,-1,-1,-1,-1,-1,-1,-1,-1,-1,-1,-1,-1,-1,-1,-1,-1,-1,-1,-1,-1,-1,-1,-1,-1,-1,-1,-1,-1,-1,-1,-1,-1,-0.0197953115119062,-0.0197953115119063,-0.0197953115119062,-0.0197953115119062,-1,-1,-1,-1,-1
11030,1,-1,-1,-1,-1,-1,-1,-1,-1,-1,-1,-1,-1,-1,-1,-1,-1,-1,-1,-1,-1,-1,-1,-1,-1,-1,-1,-1,-1,-1,-1,-1,-1,-1,-1,-1,-1,0.0178736043453334,0.0178736043453336,0.0178736043453331,0.0178736043453336,-1,-1,-1,-1,-1
11028,1,-1,-1,-1,-1,-1,-1,-1,-1,-1,-1,-1,-1,-1,-1,-1,-1,-1,-1,-1,-1,-1,-1,-1,-1,-1,-1,-1,-1,-1,-1,-1,-1,-1,-1,-1,-1,0.0288924813253733,0.0288924813253733,0.0288924813253733,0.0288924813253733,-1,-1,-1,-1,-1
11026,1,-1,-1,-1,-1,-1,-1,-1,-1,-1,-1,-1,-1,-1,-1,-1,-1,-1,-1,-1,-1,-1,-1,-1,-1,-1,-1,-1,-1,-1,-1,-1,-1,-1,-1,-1,-1,-0.0261838376300032,-0.0261838376300032,-0.0261838376300032,-0.0261838376300032,-1,-1,-1,-1,-1
11047,1,-1,-1,-1,-1,-1,-1,-1,-1,-1,-1,-1,-1,-1,-1,-1,-1,-1,-1,-1,-1,-1,-1,-1,-1,-1,-1,-1,-1,-1,-1,-1,-1,-1,-1,-1,-1,-1,0.122572003329193,0.0208501389731199,0,-0.0137882844856332,-1,-1,-1,-1
25558,1,-1,-1,-1,-1,-1,-1,-1,-1,-1,-1,-1,-1,-1,-1,-1,-1,-1,-1,-1,-1,-1,-1,-1,-1,-1,-1,-1,-1,-1,-1,-1,-1,-1,-1,-1,-1,-1,-1,-1,0.0534699549862698,0.0534699549862703,0.0534699549862703,0.0534699549862703,-1,-1
11750,1,-1,-1,-1,0.0708212350235985,0.0606911058949541,0.0428499872917191,0.023710705383768,0.00955035027215001,0.00279419340472575,0.00158982032507304,0.00222567758761494,-1,-1,-1,-1,-1,-1,-1,-1,-1,-1,-1,-1,-1,-1,-1,-1,-1,-1,-1,-1,-1,-1,-1,-1,-1,-1,-1,-1,-1,-1,-1,-1,-1,-1
11749,1,-1,-1,-1,0.0282152589051645,0.0250115359232462,0.0193609531161062,0.0132799273902892,0.00874848232189218,0.00654272728496019,0.00609857597834873,0.00626404383978818,-1,-1,-1,-1,-1,-1,-1,-1,-1,-1,-1,-1,-1,-1,-1,-1,-1,-1,-1,-1,-1,-1,-1,-1,-1,-1,-1,-1,-1,-1,-1,-1,-1,-1
193,1,-1,-1,-1,-1,-1,-1,-1,-1,-1,-1,-1,-1,-1,-1,-1,-1,-1,-1,-1,-1,-1,-1,-1,-1,-1,-1,-1,-1,-1,-1,-1,0.0410233971979244,-0.158887563894495,0.0631137490645255,-0.0606627164105031,-1,-1,-1,-1,-1,-1,-1,-1,-1,-1
11748,1,-1,-1,-1,0.0507445597195888,0.0440114803203323,0.0320139267902415,0.0188159227075996,0.00850218539147896,0.00283916860919975,0.000964880880698238,0.00078277875640087,-1,-1,-1,-1,-1,-1,-1,-1,-1,-1,-1,-1,-1,-1,-1,-1,-1,-1,-1,-1,-1,-1,-1,-1,-1,-1,-1,-1,-1,-1,-1,-1,-1,-1
11747,1,-1,-1,-1,0.0211743290823242,0.0200254797732065,0.0177062085600631,0.014522479225634,0.0110004848946013,0.00774344435796692,0.00532567944382956,0.00411309279840277,-1,-1,-1,-1,-1,-1,-1,-1,-1,-1,-1,-1,-1,-1,-1,-1,-1,-1,-1,-1,-1,-1,-1,-1,-1,-1,-1,-1,-1,-1,-1,-1,-1,-1
6367,1,-1,-1,-1,-1,-1,-1,-1,-1,-1,-1,-1,-1,-1,-1,-1,-1,-1,-1,-1,-1,-1,-1,-1,-1,-1,-1,-1,-1,-1,-1,-1,-0.106792392163353,-0.193709856267425,-0.0385102942471303,-0.0129136582335452,-1,-1,-1,-1,-1,-1,-1,-1,-1,-1
534,1,-1,-1,-1,0.021674217889041,0.021674217889041,0.021674217889041,0.0216742178890414,0.021674217889041,0.021674217889041,0.021674217889041,0.021674217889041,0.021674217889041,0.021674217889041,0.021674217889041,0.021674217889041,0.021674217889041,0.021674217889041,0.021674217889041,0.021674217889041,-1,-1,-1,-1,-1,-1,-1,-1,-1,-1,-1,-1,-1,-1,-1,-1,-1,-1,-1,-1,-1,-1,-1,-1,-1,-1
11108,1,-1,-1,-1,-1,0.02498774732166,0.02498774732166,0.02498774732166,0.02498774732166,0.02498774732166,0.0718043885283337,0.0718043885283337,0.0718043885283333,0.0718043885283337,0.0718043885283337,-0.0494215824062176,-0.0494215824062172,-0.0494215824062176,-0.0494215824062176,-0.0494215824062172,-0.0494215824062176,0.0299897665780327,0.0299897665780322,0.0299897665780322,0.0299897665780327,0.0299897665780322,0.00262471279328524,0.0026247127932848,0.0026247127932848,0.00262471279328524,0.0026247127932848,0.0026247127932848,0.00262471279328524,0.0026247127932848,0.00262471279328524,0.0026247127932848,0.0026247127932848,0.00262471279328524,0.0026247127932848,0.0026247127932848,0.00262471279328524,-1,-1,-1,-1,-1
11107,1,-1,-1,-1,-1,0.0137092854169936,0.0136514835731472,0.0135358798854548,0.0133624743539156,0.0131312669785308,0.0128464949633003,0.0125251071242283,0.0121713406653168,0.0117851955865653,0.011366671887973,0.0109250045513432,0.0104971335038875,0.0100922937274079,0.00971048522190321,0.00935170798737506,0.00901596202382304,0.00870791140146698,0.00844621240118881,0.00823552909320835,0.00807586147752692,0.00796720955414454,0.00790712343564692,0.00788580357239033,0.00790080007695915,0.00795211294935694,0.00803974218958059,0.00815740430197254,0.00827996530388608,0.008401141699661,0.00852093348929772,0.0086393406727967,0.00875269326526817,0.00884631132715574,0.00891652487357275,0.00896333390451565,0.00898673841998887,-1,-1,-1,-1,-1
229,1,-1,-1,-1,-1,0.0112962711904898,0.0112962711904898,0.0112962711904894,0.0112962711904898,0.0112962711904894,0.0111073399820638,0.0111073399820643,0.0111073399820638,0.0111073399820638,0.0111073399820638,0.0111073399820638,0.01498408781978,0.01498408781978,0.01498408781978,0.01498408781978,0.01498408781978,0.00591104871234327,0.00591104871234327,0.00591104871234327,0.00591104871234327,0.00591104871234327,-1,-1,-1,-1,-1,-1,-1,-1,-1,-1,-1,-1,-1,-1,-1,-1,-1,-1,-1,-1
228,1,-1,-1,-1,-1,-1,-1,-1,-1,-1,-1,-1,-1,-1,-1,-1,0.0126717812874766,0.0126717812874766,0.0126717812874766,0.0126717812874766,0.0126717812874766,-1,-1,-1,-1,-1,-1,-1,-1,-1,-1,-1,-1,-1,-1,-1,-1,-1,-1,-1,-1,-1,-1,-1,-1,-1
5666,1,-1,-1,-1,-1,0.00128748541700774,0.00128748541700796,0.00128748541700774,0.00128748541700796,0.00128748541700774,0.00128748541700774,0.00128748541700796,0.00128748541700796,0.00128748541700774,0.00128748541700796,0.00128748541700774,0.00128748541700774,0.00128748541700796,0.00128748541700796,0.00128748541700774,0.00128748541700796,0.00128748541700774,0.00128748541700774,0.00128748541700796,0.00128748541700774,0.00128748541700796,0.00128748541700796,0.00128748541700774,0.00128748541700796,0.00128748541700774,0.00128748541700796,0.00128748541700774,-1,-1,-1,-1,-1,-1,-1,-1,-1,-1,-1,-1,-1,-1
226,1,-1,-1,-1,-1,-1,-1,-1,-0.00956789646215039,-0.00956789646214995,-0.00956789646215039,-0.00956789646215039,-0.00956789646214995,-0.00956789646215039,-0.00956789646215039,-0.00956789646214995,-0.00956789646215039,-0.00956789646215039,-0.00956789646214995,-0.00956789646215039,-0.00956789646215039,-0.00956789646214995,-0.00956789646215039,-0.0280347334104536,-0.0280347334104531,-0.0280347334104536,-0.0280347334104536,-0.0280347334104531,-0.0280347334104536,-0.0280347334104536,-0.0280347334104531,-0.0280347334104536,-1,-1,-1,-1,-1,-1,-1,-1,-1,-1,-1,-1,-1,-1
230,1,-1,-1,-1,-1,0.010907506329759,0.0109075063297586,0.0109075063297586,0.0109075063297586,0.0109075063297586,0.0192740362777282,0.0192740362777277,0.0192740362777277,0.0192740362777277,0.0192740362777282,0.00385663391804369,0.00385663391804369,0.00385663391804369,0.00385663391804369,0.00385663391804414,0.00385663391804325,0.0203597866200078,0.0203597866200074,0.0203597866200074,0.0203597866200078,0.0203597866200074,0.00421512665369894,0.00421512665369894,0.00421512665369894,0.0042151266536985,0.00421512665369939,0.0042151266536985,0.00421512665369894,0.00421512665369894,0.00421512665369894,0.00421512665369894,0.00421512665369894,0.00421512665369894,0.00421512665369894,0.00421512665369894,0.00421512665369894,-1,-1,-1,-1,-1
6148,1,-1,-1,-1,-1,-1,-1,-1,-1,-1,-1,-1,-1,-1,-1,-1,-1,-1,-1,-1,-1,-1,-1,-1,-1,-1,-1,-1,-1,-1,-1,0.00386062418327182,0.0038606241832716,0.00386062418327171,0.232769691084924,0.232769691084924,-0.392110465011314,-1,-1,-1,-1,-1,-1,-1,-1,-1
6147,1,-1,-1,-1,-1,-1,-1,-1,-1,-1,-1,-1,-1,-1,-1,-1,-1,-1,-1,-1,-1,-1,-1,-1,-1,-1,-1,-1,-1,-1,-1,-0.57184344726418,-0.57184344726418,-0.57184344726418,1.15802475479947,1.15802475479947,-0.672410640405971,-1,-1,-1,-1,-1,-1,-1,-1,-1
10079,1,-1,-1,-1,-1,-1,-1,-1,-1,-1,-1,-1,-1,-1,-1,-1,-1,-1,-1,-1,-1,-1,-1,-1,-1,-1,-1,-1,-1,-1,-1,-1,-1,-1,-1,-0.0509300924902,-0.461398470456829,-0.161150909262745,-1,-1,-1,-1,-1,-1,-1,-1
197,1,-1,-1,-1,-1,-1,-0.0270730045491511,-0.0265820256359797,-0.0249631299120042,-0.0213703554998875,-0.0151937161137938,-0.00655368774152432,0.00353754249885863,0.0136664101773214,0.0227939951747738,0.0305626965592878,0.0368968441713972,0.0415039129304723,0.0439576902078209,0.0442331707302177,0.0429421857559971,0.0409223785668779,0.038701255462101,0.0364944247325801,0.0346149623631824,0.0335519730559979,-1,-1,-1,-1,-1,-1,-1,-1,-1,-1,-1,-1,-1,-1,-1,-1,-1,-1,-1,-1
25290,1,-1,-1,-1,-1,-1,-1,-1,-1,-1,-1,-1,-1,-1,-1,-1,-1,-1,-1,-1,-1,-1,-1,-1,-1,-1,-1,-1,-1,-1,-1,-1,-1,-1,-1,-0.169019608002851,-0.169019608002851,-0.169019608002851,-0.169019608002851,-0.169019608002851,-1,-1,-1,-1,-1,-1
18290,1,-1,-1,-1,-1,-1,-1,0.264026157027489,0.27132430914253,0.256107377062804,0.201759818497111,0.137638285190949,0.109737694417559,0.122310266150843,0.128187500003044,0.0866368041717422,0.0182916803360189,-0.0154617902710512,0.0125477087738648,0.0593331553231389,0.0633565603792323,0.0232161571239571,-0.00590231988963352,-0.0100559132314835,0.0107553770984237,0.0463113316098049,0.0557310723416928,0.0333192920318943,-0.002824360407226,-0.0368667505544293,-0.0241073382890107,0.0312548341694856,0.0612770476289788,-0.0030339428552304,-0.159264236989965,-0.321198077709485,-0.381287272204003,-0.296110855760351,-0.126333079135489,0.0193240995332011,0.108369696844556,-1,-1,-1,-1,-1
11200,1,-1,-1,-1,-1,-1,-1,0.0506865032680421,0.0519669637725446,0.0545278847815702,0.058369266295101,0.063491108313142,0.0698934108356866,0.0775761738627521,0.0869172554459783,0.0994280877920266,0.111124058312506,0.103889206292512,0.0748086165379087,0.0439857379636837,0.0324841380169891,0.0390099755147304,0.0433425029885237,0.0321299251092344,0.0156225044866463,0.01546446474108,0.0388369441393337,0.0696065260866403,0.0853020610698296,0.078473382347449,0.0591093639424809,0.0402219494202432,0.0271604378373054,0.0206296820458345,-1,-1,-1,-1,-1,-1,-1,-1,-1,-1,-1,-1
6258,1,-1,-1,-1,-1,-1,-1,-0.0995248628384231,-0.220308696648264,0.0113795457434986,-1,-1,-1,-1,-1,-1,-1,-1,-1,-1,-1,-1,-1,-1,-1,-1,-1,-1,-1,-1,-1,-1,-1,-1,-1,-1,-1,-1,-1,-1,-1,-1,-1,-1,-1,-1
240,1,-1,-1,-1,-1,-1,-1,0.0206054482433125,0.0206054482433125,0.020605448243312,0.0206054482433129,0.020605448243312,0.0206054482433125,0.0206054482433125,0.0206054482433125,0.0206054482433129,0.020605448243312,0.035696781888086,0.0356967818880856,0.0356967818880856,0.035696781888086,0.0356967818880856,0.0356967818880856,0.035696781888086,-1,-1,-1,-1,-1,-1,-1,-1,-1,-1,-1,-1,-1,-1,-1,-1,-1,-1,-1,-1,-1,-1
223,1,-1,-1,-1,-1,-1,-1,-1,0.138302698166282,0.0064238779309318,0.00642387793093224,0.0064238779309318,0.0064238779309318,0.0064238779309318,0.0064238779309318,0.00642387793093224,-1,-1,-1,-1,-1,-1,-1,-1,-1,-1,-1,-1,-1,-1,-1,-1,-1,-1,-1,-1,-1,-1,-1,-1,-1,-1,-1,-1,-1,-1
224,1,-1,-1,-1,-1,-1,-1,-1,-1,-1,-1,-1,-1,-1,-1,-1,-0.0135186643079837,-0.0135186643079837,-0.0135186643079837,-0.0135186643079837,-0.0135186643079832,-0.0135186643079841,-0.0135186643079837,-0.0135186643079837,-1,-1,-1,-1,-1,-1,-1,-1,-1,-1,-1,-1,-1,-1,-1,-1,-1,-1,-1,-1,-1,-1
9100,1,-1,-1,-1,-1,-1,-1,-1,-1,-1,-1,-1,-1,-1,-1,-1,-1,-1,-1,-1,-1,-1,-1,-1,-1,-1,-1,-1,-1,-1,-1,-1,-1,0.115134833114255,0.0117384032712442,0.0492180226701815,-1,-1,-1,-1,-1,-1,-1,-1,-1,-1
196,1,-1,-1,-1,-1,-1,-1,-1,0.0342962255706964,0.0169974135699296,-0.00570290772296711,-0.0220087473496067,-0.0355164251288564,-0.0625381355342218,-0.114891724538378,-0.186087399454159,-0.25293846605194,-0.291137978836237,-1,-1,-1,-1,-1,-1,-1,-1,-1,-1,-1,-1,-1,-1,-1,-1,-1,-1,-1,-1,-1,-1,-1,-1,-1,-1,-1,-1
5621,1,-1,-1,-1,-1,-1,-1,-1,-1,-1,0.0455873844416699,0.0455873844416698,0.0455873844416698,0.0455873844416699,0.0455873844416697,0.0455873844416699,0.0455873844416699,0.0455873844416699,0.027964516044517,0.027964516044517,0.027964516044517,0.0279645160445168,0.0279645160445172,0.027964516044517,-1,-1,-1,-1,-1,-1,-1,-1,-1,-1,-1,-1,-1,-1,-1,-1,-1,-1,-1,-1,-1,-1
5624,1,-1,-1,-1,-1,-1,-1,-1,-1,-1,-1,-1,0.0525450724630986,0.0525450724630985,0.0525450724630987,0.0525450724630985,0.0525450724630986,0.0525450724630986,0.0983709369965385,0.0983709369965384,0.0983709369965384,0.0983709369965382,0.0983709369965386,0.0983709369965384,-1,-1,-1,-1,-1,-1,-1,-1,-1,-1,-1,-1,-1,-1,-1,-1,-1,-1,-1,-1,-1,-1
5623,1,-1,-1,-1,-1,-1,-1,-1,-1,-1,-1,-1,-0.00337845918717949,-0.00337845918717949,-0.00337845918717949,-0.00337845918717949,-0.00337845918717949,-0.00337845918717949,0.0396900564965377,0.0396900564965379,0.0396900564965377,0.0396900564965377,0.0396900564965377,0.0396900564965379,-1,-1,-1,-1,-1,-1,-1,-1,-1,-1,-1,-1,-1,-1,-1,-1,-1,-1,-1,-1,-1,-1
5622,1,-1,-1,-1,-1,-1,-1,-1,-1,-1,-1,-1,-0.0170126422747994,-0.0170126422747994,-0.0170126422747992,-0.0170126422747994,-0.0170126422747994,-0.0170126422747992,-0.0644907707284292,-0.064490770728429,-0.064490770728429,-0.0644907707284291,-0.064490770728429,-0.0644907707284291,-1,-1,-1,-1,-1,-1,-1,-1,-1,-1,-1,-1,-1,-1,-1,-1,-1,-1,-1,-1,-1,-1
5617,1,-1,-1,-1,-1,-1,-1,-1,-1,-1,-0.00235044547783825,-0.00235044547783803,-0.00235044547783825,-0.00235044547783825,-0.00235044547783825,-0.00235044547783825,-0.00235044547783825,-0.00235044547783803,0.0391205477411343,0.0391205477411343,0.0391205477411345,0.0391205477411343,0.0391205477411345,0.0391205477411343,-1,-1,-1,-1,-1,-1,-1,-1,-1,-1,-1,-1,-1,-1,-1,-1,-1,-1,-1,-1,-1,-1
5620,1,-1,-1,-1,-1,-1,-1,-1,-1,-1,-1,-1,-0.00175026453751115,-0.00175026453751115,-0.00175026453751093,-0.00175026453751115,-0.00175026453751115,-0.00175026453751093,0.0237374122723453,0.0237374122723453,0.0237374122723455,0.0237374122723453,0.0237374122723453,0.0237374122723455,-1,-1,-1,-1,-1,-1,-1,-1,-1,-1,-1,-1,-1,-1,-1,-1,-1,-1,-1,-1,-1,-1
5619,1,-1,-1,-1,-1,-1,-1,-1,-1,-1,-1,-1,-0.0158485413228187,-0.0158485413228189,-0.0158485413228187,-0.0158485413228189,-0.0158485413228187,-0.0158485413228187,0.0338848291640639,0.0338848291640639,0.0338848291640639,0.0338848291640639,0.0338848291640639,0.0338848291640639,-1,-1,-1,-1,-1,-1,-1,-1,-1,-1,-1,-1,-1,-1,-1,-1,-1,-1,-1,-1,-1,-1
5618,1,-1,-1,-1,-1,-1,-1,-1,-1,-1,-1,-1,-0.00612046783745668,-0.00612046783745668,-0.00612046783745668,-0.00612046783745668,-0.00612046783745668,-0.00612046783745646,-0.0410405314269178,-0.0410405314269175,-0.0410405314269178,-0.0410405314269175,-0.0410405314269175,-0.0410405314269178,-1,-1,-1,-1,-1,-1,-1,-1,-1,-1,-1,-1,-1,-1,-1,-1,-1,-1,-1,-1,-1,-1
239,1,-1,-1,-1,-1,-1,-1,-1,-1,-1,0.00144425759329891,0.00144425759329847,0.00144425759329847,0.00144425759329847,0.00144425759329847,0.00144425759329847,-1,-1,-1,-1,-1,-1,-1,-1,-1,-1,-1,-1,-1,-1,-1,-1,-1,-1,-1,-1,-1,-1,-1,-1,-1,-1,-1,-1,-1,-1
219,1,-1,-1,-1,-1,-1,-1,-1,-1,-1,-0.004292258475175,-0.004292258475175,-0.004292258475175,-0.004292258475175,-0.004292258475175,-0.004292258475175,-1,-1,-1,-1,-1,-1,-1,-1,-1,-1,-1,-1,-1,-1,-1,-1,-1,-1,-1,-1,-1,-1,-1,-1,-1,-1,-1,-1,-1,-1
208,1,-1,-1,-1,-1,-1,-1,-1,-1,-1,0.00158238442448422,0.00158238442448422,0.00158238442448422,0.00158238442448422,0.00158238442448466,0.00158238442448422,-1,-1,-1,-1,-1,-1,-1,-1,-1,-1,-1,-1,-1,-1,-1,-1,-1,-1,-1,-1,-1,-1,-1,-1,-1,-1,-1,-1,-1,-1
10075,1,-1,-1,-1,-1,-1,-1,-1,-1,-1,-1,-1,-1,-1,-1,-1,-1,-1,-1,-1,-1,-1,-1,-1,-1,-1,-1,-1,-1,-1,-1,-1,-1,-1,-1,0.048304679574555,0.101457640758777,-0.354905376446836,-1,-1,-1,-1,-1,-1,-1,-1
205,1,-1,-1,-1,-1,-1,-1,-1,-1,-1,0.0156502735170241,0.0156502735170241,0.0156502735170245,0.0156502735170241,0.0156502735170241,0.015650273517025,-1,-1,-1,-1,-1,-1,-1,-1,-1,-1,-1,-1,-1,-1,-1,-1,-1,-1,-1,-1,-1,-1,-1,-1,-1,-1,-1,-1,-1,-1
10074,1,-1,-1,-1,-1,-1,-1,-1,-1,-1,-1,-1,-1,-1,-1,-1,-1,-1,-1,-1,-1,-1,-1,-1,-1,-1,-1,-1,-1,-1,-1,-1,-1,-1,-1,0.00104523391465006,0.0790072149966472,0.00981012008971582,-1,-1,-1,-1,-1,-1,-1,-1
10366,1,-1,-1,-1,-1,-1,-1,-1,-1,-1,-1,0.0990760747645645,0.0841937689182402,0.0689762067903139,0.0889410833367807,-1,-1,-1,-1,-1,-1,-1,-1,-1,-1,-1,-1,-1,-1,-1,-1,-1,-1,-1,-1,-1,-1,-1,-1,-1,-1,-1,-1,-1,-1,-1
213,1,-1,-1,-1,-1,-1,-1,-1,-1,-1,-1,0.0465694903943565,0.0465694903943565,0.049578582659263,0.0604627264895803,-1,-1,-1,-1,-1,-1,-1,-1,-1,-1,-1,-1,-1,-1,-1,-1,-1,-1,-1,-1,-1,-1,-1,-1,-1,-1,-1,-1,-1,-1,-1
5629,1,-1,-1,-1,-1,-1,-1,-1,-1,-1,-1,-1,0.0420799341531892,0.0420799341531893,0.0420799341531893,0.0420799341531893,0.0420799341531893,0.0420799341531893,-0.0185250753537777,-0.0185250753537779,-0.0185250753537777,-0.0185250753537779,-0.0185250753537777,-0.0185250753537778,-1,-1,-1,-1,-1,-1,-1,-1,-1,-1,-1,-1,-1,-1,-1,-1,-1,-1,-1,-1,-1,-1
5628,1,-1,-1,-1,-1,-1,-1,-1,-1,-1,-1,-1,-0.0109695474149405,-0.0109695474149405,-0.0109695474149407,-0.0109695474149405,-0.0109695474149405,-0.0109695474149405,0.0514758888626561,0.0514758888626565,0.0514758888626561,0.0514758888626563,0.0514758888626563,0.0514758888626563,-1,-1,-1,-1,-1,-1,-1,-1,-1,-1,-1,-1,-1,-1,-1,-1,-1,-1,-1,-1,-1,-1
5627,1,-1,-1,-1,-1,-1,-1,-1,-1,-1,-1,-1,0.0381913313929759,0.038191331392976,0.0381913313929759,0.0381913313929759,0.038191331392976,0.0381913313929759,0.0178683282746448,0.0178683282746446,0.0178683282746448,0.0178683282746448,0.0178683282746448,0.0178683282746446,-1,-1,-1,-1,-1,-1,-1,-1,-1,-1,-1,-1,-1,-1,-1,-1,-1,-1,-1,-1,-1,-1
5630,1,-1,-1,-1,-1,-1,-1,-1,-1,-1,-1,-1,-1,-1,-1,-1,-1,-1,0.0454533473837671,0.0454533473837668,0.0454533473837668,0.0454533473837671,0.0454533473837668,0.0454533473837671,-1,-1,-1,-1,-1,-1,-1,-1,-1,-1,-1,-1,-1,-1,-1,-1,-1,-1,-1,-1,-1,-1
5626,1,-1,-1,-1,-1,-1,-1,-1,-1,-1,-1,-1,0.132699292179548,0.132699292179548,0.132699292179548,0.132699292179548,0.132699292179548,0.132699292179548,-0.0637905963711667,-0.0637905963711669,-0.0637905963711669,-0.0637905963711669,-0.0637905963711667,-0.0637905963711669,-1,-1,-1,-1,-1,-1,-1,-1,-1,-1,-1,-1,-1,-1,-1,-1,-1,-1,-1,-1,-1,-1
5625,1,-1,-1,-1,-1,-1,-1,-1,-1,-1,-1,-1,-1,-1,-1,-1,-1,-1,-0.0451777953810897,-0.0451777953810897,-0.0451777953810897,-0.0451777953810897,-0.0451777953810897,-0.0451777953810895,-1,-1,-1,-1,-1,-1,-1,-1,-1,-1,-1,-1,-1,-1,-1,-1,-1,-1,-1,-1,-1,-1
4890,1,-1,-1,-1,-1,-1,-1,-1,-1,-1,-1,-1,0.903089986991944,0,0,0,0,0,0,0,0,0,0,0,0,0.0969100130080562,0.176091259055681,0,0,0.522878745280337,-0.221848749616356,0.263241434774581,0.0377885608893997,0.367976785294595,-1,-1,-1,-1,-1,-1,-1,-1,-1,-1,-1,-1
192,1,-1,-1,-1,-1,-1,-1,-1,-1,-1,-1,-1,0.0326591684933988,0.0326591684929702,0.0326591684921134,0.0326591684908375,0.0326591684891853,0.0326591684871658,0.0326591684847797,0.0326591684820268,0.0326591684789594,0.0326591684757853,0.0326591684725568,0.0326591684692747,0.0326591684660014,0.0326591684629896,0.0326591684603035,0.0326591684579429,0.0326591684559074,0.0326591684541973,0.032659168452813,0.0326591684517532,0.0326591684510262,0.0326591684506594,-1,-1,-1,-1,-1,-1,-1,-1,-1,-1,-1,-1
4812,1,-1,-1,-1,-1,-1,-1,-1,-1,-1,-1,-1,-1,-1,-1,-1,-0.0112277044008575,-0.0112277044008575,-0.0112277044008575,0.00410433342892036,0.00410433342892036,0.00410433342892036,0.00410433342892036,0.00410433342892014,0.0343092981200808,0.0343092981200805,0.0343092981200805,0.0343092981200805,0.0343092981200805,0.034309298120081,0.0343092981200801,-1,-1,-1,-1,-1,-1,-1,-1,-1,-1,-1,-1,-1,-1,-1
241,1,-1,-1,-1,-1,-1,-1,-1,-1,-1,-1,-1,-1,0.0155157352220039,0.0155157352220039,0.0155157352220039,0.0155157352220039,0.0155157352220039,0.0155157352220039,0.0155157352220039,0.0155157352220034,0.0155157352220039,0.0155157352220039,-1,-1,-1,-1,-1,-1,-1,-1,-1,-1,-1,-1,-1,-1,-1,-1,-1,-1,-1,-1,-1,-1,-1
242,1,-1,-1,-1,-1,-1,-1,-1,-1,-1,-1,-1,-1,-1,0.0079227432471729,0.0079227432471729,0.00792274324717246,0.0079227432471729,0.0079227432471729,0.00792274324717246,0.0079227432471729,0.0079227432471729,0.00792274324717246,0.0079227432471729,0.00792274324717246,-1,-1,-1,-1,-1,-1,-1,-1,-1,-1,-1,-1,-1,-1,-1,-1,-1,-1,-1,-1,-1
5938,1,-1,-1,-1,-1,-1,-1,-1,-1,-1,-1,-1,-1,-1,-1,-0.0448652283107105,-0.0448652283107105,-0.0448652283107105,-0.0448652283107109,-0.0448652283107105,-0.0448652283107105,-0.0448652283107105,-0.0448652283107107,-0.0448652283107105,-0.0448652283107105,-0.0448652283107107,-0.0448652283107105,-0.0448652283107105,-0.0448652283107105,-0.0448652283107105,-0.0448652283107107,-0.0448652283107105,-0.0448652283107107,-0.0448652283107105,-0.0448652283107105,-0.0448652283107107,-0.0448652283107105,-1,-1,-1,-1,-1,-1,-1,-1,-1
5937,1,-1,-1,-1,-1,-1,-1,-1,-1,-1,-1,-1,-1,-1,-1,-0.0537695765266357,-0.0537695765266357,-0.0537695765266357,-0.0537695765266357,-0.0537695765266357,-0.0537695765266357,-0.0537695765266357,-0.0537695765266357,-0.0537695765266362,-0.0537695765266355,-0.0537695765266357,-0.0537695765266357,-0.0537695765266359,-0.0537695765266357,-0.0537695765266357,-0.0537695765266357,-0.0537695765266357,-0.0537695765266359,-0.0537695765266357,-0.0537695765266355,-0.0537695765266359,-0.0537695765266357,-1,-1,-1,-1,-1,-1,-1,-1,-1
5936,1,-1,-1,-1,-1,-1,-1,-1,-1,-1,-1,-1,-1,-1,-1,-0.00222038943353731,-0.00222038943353708,-0.00222038943353708,-0.00222038943353708,-0.00222038943353731,-0.00222038943353708,-0.00222038943353708,-0.00222038943353708,-0.00222038943353708,-0.00222038943353731,-0.00222038943353708,-0.00222038943353708,-0.00222038943353708,-0.00222038943353708,-0.00222038943353731,-0.00222038943353708,-0.00222038943353708,-0.00222038943353731,-0.00222038943353708,-0.00222038943353708,-0.00222038943353708,-0.00222038943353708,-1,-1,-1,-1,-1,-1,-1,-1,-1
5918,1,-1,-1,-1,-1,-1,-1,-1,-1,-1,-1,-1,-1,-1,-1,-0.0484381214878309,-0.0484381214878309,-0.0484381214878309,-0.0484381214878313,-0.0484381214878309,-0.0484381214878309,-0.0484381214878309,-0.0484381214878311,-0.0484381214878311,-0.0484381214878309,-0.0484381214878311,-0.0484381214878309,-0.0484381214878311,-0.0484381214878309,-0.0484381214878309,-0.0484381214878311,-0.0484381214878309,-0.0484381214878311,-0.0484381214878309,-0.0484381214878311,-0.0484381214878309,-0.0484381214878311,-1,-1,-1,-1,-1,-1,-1,-1,-1
10360,1,-1,-1,-1,-1,-1,-1,-1,-1,-1,-1,-1,-1,-1,-1,-1,-1,-1,-1,-1,-1,-1,-1,-1,-1,-1,-0.150514997831991,-0.150514997831991,-0.189056236220049,0,-1,-1,-1,-1,-1,-1,-1,-1,-1,-1,-1,-1,-1,-1,-1,-1
25275,1,-1,-1,-1,-1,-1,-1,-1,-1,-1,-1,-1,-1,-1,-1,-1,0.121465068474525,0.176527730628804,-0.0117685153752536,-0.0117685153752536,-0.0117685153752536,-0.0117685153752536,-0.0117685153752536,-0.0117685153752536,-0.0117685153752536,-0.0117685153752536,-0.0117685153752536,-0.0117685153752536,-0.0117685153752536,-0.0117685153752536,-0.0117685153752536,-0.0117685153752536,-0.0117685153752536,-0.179747593779098,-0.179747593779098,-0.179747593779098,-0.179747593779098,-0.179747593779098,-0.179747593779098,-0.179747593779098,-0.179747593779098,-0.179747593779098,-0.179747593779098,-0.179747593779098,0,0
25281,1,-1,-1,-1,-1,-1,-1,-1,-1,-1,-1,-1,-1,-1,-1,-1,-1,0.175473710025393,-0.0771576109197269,-0.077157610919727,-0.077157610919727,-0.0771576109197269,-0.0771576109197269,-0.077157610919727,-0.0771576109197271,-0.0771576109197269,-0.0771576109197269,-0.077157610919727,-0.0771576109197269,-0.0771576109197269,-0.0771576109197269,-0.0771576109197269,-0.0771576109197272,-0.0771576109197267,-0.0771576109197271,-0.0771576109197268,-0.0771576109197271,-0.0771576109197269,-0.0771576109197269,-0.0771576109197269,-0.0771576109197272,-0.0771576109197267,-0.0771576109197272,-0.0771576109197267,-0.0771576109197272,0
25293,1,-1,-1,-1,-1,-1,-1,-1,-1,-1,-1,-1,-1,-1,-1,-1,-1,-1,-1,-1,-1,-1,-1,-1,-1,-1,-0.701555164140653,-1.5250447520073,0,0,0,0,0,0,0,0,0,0,0,0,0,0,0,0,0,0
25292,1,-1,-1,-1,-1,-1,-1,-1,-1,-1,-1,-1,-1,-1,-1,-1,-1,-1,-1,-1,-1,-1,-1,-1,-1,-1,-0.414335201484726,-0.123108381251925,0.00938643255616278,-1.78347657704394,0,0,0,0,0,0,0,0,0,0,0,0,0,0,0,0
25289,1,-1,-1,-1,-1,-1,-1,-1,-1,-1,-1,-1,-1,-1,-1,-1,-1,-1,-1,-1,-1,-1,-1,-1,-1,-1,-0.223056784842698,-0.457510717281553,-0.16497344205914,-1.47087225879056,0,0,0,0,0,0,0,0,0,0,0,0,0,0,0,0
25286,1,-1,-1,-1,-1,-1,-1,-1,-1,-1,-1,-1,-1,-1,-1,-1,-1,-1,-1,-1,-1,-1,-1,-1,-1,-1,-0.0813682861857372,-1.96173439252776,0,0,0,0,0,0,0,0,0,0,0,0,0,0,0,0,0,0
4921,1,-1,-1,-1,-1,-1,-1,-1,-1,-1,-1,-1,-1,-1,-1,-1,-1,-0.0969100130080565,0.352182518111362,-0.352182518111362,0.243038048686294,-0.367976785294594,-0.176091259055681,-1,-1,-1,-1,-1,-1,-1,-1,-1,-1,-1,-1,-1,-1,-1,-1,-1,-1,-1,-1,-1,-1,-1
5804,1,-1,-1,-1,-1,-1,-1,-1,-1,-1,-1,-1,-1,-1,-1,-1,-1,-1,-0.219820487684116,-0.219820487684115,-0.219820487684115,-0.229318924512825,-0.229318924512825,0.14350781693193,0.14350781693193,0.14350781693193,0.143507816931929,-1,-1,-1,-1,-1,-1,-1,-1,-1,-1,-1,-1,-1,-1,-1,-1,-1,-1,-1
6461,1,-1,-1,-1,-1,-1,-1,-1,-1,-1,-1,-1,-1,-1,-1,-1,-1,-1,-1,-1,-1,-1,-1.48328156342448,-1,-1,-1,-1,-1,-1,-1,-1,-1,-1,-1,-1,-1,-1,-1,-1,-1,-1,-1,-1,-1,-1,-1
4920,1,-1,-1,-1,-1,-1,-1,-1,-1,-1,-1,-1,-1,-1,-1,-1,-1,0.164810248645992,-0.0746336182969042,-0.0280287236002434,0,-0.698970004336019,0,-1,-1,-1,-1,-1,-1,-1,-1,-1,-1,-1,-1,-1,-1,-1,-1,-1,-1,-1,-1,-1,-1,-1
4874,1,-1,-1,-1,-1,-1,-1,-1,-1,-1,-1,-1,-1,-1,-1,-1,-1,-0.0139750667955654,-0.0139089281244673,-0.0127595262277715,-0.00936353028126002,-0.00338105068942474,0.00444946644063027,0.0128235104605718,0.0205299982567331,0.0267169521529356,0.0308398211736287,0.032740714426597,-1,-1,-1,-1,-1,-1,-1,-1,-1,-1,-1,-1,-1,-1,-1,-1,-1,-1
4878,1,-1,-1,-1,-1,-1,-1,-1,-1,-1,-1,-1,-1,-1,-1,-1,-1,-1,-0.0197597033968719,-0.0197597033966963,-0.0197597033964427,-0.0197597033962216,-0.0197597033960126,-0.0197597033956541,-0.01975970339497,-0.0197597033939737,-0.0197597033929625,-0.0197597033923489,-1,-1,-1,-1,-1,-1,-1,-1,-1,-1,-1,-1,-1,-1,-1,-1,-1,-1
4877,1,-1,-1,-1,-1,-1,-1,-1,-1,-1,-1,-1,-1,-1,-1,-1,-1,-1,0.0291058745003616,0.0175781452296563,-0.00130810020976946,-0.0174152688983319,-0.0204135826450713,-0.00573502718804841,0.0232361247240113,0.0569702509996465,0.0843745935575977,0.0983368824893012,-1,-1,-1,-1,-1,-1,-1,-1,-1,-1,-1,-1,-1,-1,-1,-1,-1,-1
4875,1,-1,-1,-1,-1,-1,-1,-1,-1,-1,-1,-1,-1,-1,-1,-1,-1,-1,0.00268371888072694,0.00268371888076313,0.00268371888098207,0.00268371888144947,0.00268371888199748,0.00268371888227548,0.0026837188819806,0.00268371888111729,0.00268371888008012,0.00268371887941377,-1,-1,-1,-1,-1,-1,-1,-1,-1,-1,-1,-1,-1,-1,-1,-1,-1,-1
18472,1,-1,-1,-1,-1,-1,-1,-1,-1,-1,-1,-1,-1,-1,-1,-1,-1,-1,-1,-1,0.0925754495561685,0.0925754495561685,0.0925754495561685,0.0925754495561685,0.0925754495561686,0.0925754495561684,0.0925754495561685,0.0925754495561686,0.0925754495561684,0.0925754495561686,0.0925754495561684,0.0925754495561686,0.0925754495561684,-1,-1,-1,-1,-1,-1,-1,-1,-1,-1,-1,-1,-1
10367,1,-1,-1,-1,-1,-1,-1,-1,-1,-1,-1,-1,-1,-1,-1,-1,-1,-1,-1,-1,-0.00802848603318385,-0.00802848603318385,-0.00802848603318385,-0.00802848603318385,-0.00802848603318429,-0.00802848603318385,-0.00802848603318385,-0.00802848603318385,-0.00802848603318385,-0.00634545810196929,-0.00634545810196929,-0.00634545810196929,-0.00634545810196929,-0.00634545810196929,-0.0224151378651394,-0.0224151378651398,-0.0224151378651398,-0.0224151378651398,-0.0224151378651394,-0.0224151378651398,-1,-1,-1,-1,-1,-1
195,1,-1,-1,-1,-1,-1,-1,-1,-1,-1,-1,-1,-1,-1,-1,-1,-1,-1,-1,-1,-0.511883360978874,-0.726998727936262,-1,-1,-1,-1,-1,-1,-1,-1,-1,-1,-1,-1,-1,-1,-1,-1,-1,-1,-1,-1,-1,-1,-1,-1
18875,1,-1,-1,-1,-1,-1,-1,-1,-1,-1,-1,-1,-1,-1,-1,-1,-1,-1,-1,-1,-1,-1,-0.0421570878344708,-0.0420061612738682,-0.0419803832074912,-0.0423003859379856,-0.0428990997475538,-0.0437392943807948,-0.0452420683538663,-0.0481430434115879,-0.0528785290358169,-0.0592811920814944,-0.0669305576597996,-0.0755433278836439,-0.084706855756334,-0.0936060636842244,-0.101708242376595,-0.107652099311726,-0.111403242613727,-0.114515471784208,-0.118650482444575,-0.124014588491693,-0.129289595143067,-0.13296634826152,-0.134573442728579,-1
25304,1,-1,-1,-1,-1,-1,-1,-1,-1,-1,-1,-1,-1,-1,-1,-1,-1,-1,-1,-1,-1,-1,-1,-1,-1,-1,-1,-1,-1,-1,-1,-1,-1,-1,-1,-0.400864274756529,-0.400864274756529,-0.400864274756528,-0.400864274756529,-0.400864274756529,-1,-1,-1,-1,-1,-1
5663,1,-1,-1,-1,-1,-1,-1,-1,-1,-1,-1,-1,-1,-1,-1,-1,-1,-1,-1,-1,-1,-1,-1,-0.0164847741002956,-0.0164847741002956,-0.0164847741002958,-0.0164847741002956,-0.0164847741002956,-0.0164847741002956,-0.0164847741002958,0.241685101998332,0.241685101998332,-1,-1,-1,-1,-1,-1,-1,-1,-1,-1,-1,-1,-1,-1
5662,1,-1,-1,-1,-1,-1,-1,-1,-1,-1,-1,-1,-1,-1,-1,-1,-1,-1,-1,-1,-1,-1,-1,-0.301029995663981,-0.0109169247927388,-0.0109169247927385,-0.0109169247927388,-0.0109169247927388,-0.0109169247927388,-0.0109169247927388,0.0109169247927388,0.0109169247927388,0.0109169247927388,0.0109169247927388,0.0109169247927388,0.0109169247927385,-1,-1,-1,-1,-1,-1,-1,-1,-1,-1
5661,1,-1,-1,-1,-1,-1,-1,-1,-1,-1,-1,-1,-1,-1,-1,-1,-1,-1,-1,-1,-1,-1,-1,0.2498774732166,-0.139794000867204,-0.139794000867204,-0.139794000867204,-0.139794000867204,-0.139794000867204,0.0197575283094689,0.0197575283094686,0.0197575283094689,0.0197575283094686,0.0197575283094689,0.0197575283094689,0.0197575283094686,-1,-1,-1,-1,-1,-1,-1,-1,-1,-1
5665,1,-1,-1,-1,-1,-1,-1,-1,-1,-1,-1,-1,-1,-1,-1,-1,-1,-1,-1,-1,-1,-1,-1,-1,-1,-1,-1,-1,-1,-1,-0.225564536541622,-0.225564536541622,-0.225564536541622,-1,-1,-1,-1,-1,-1,-1,-1,-1,-1,-1,-1,-1
5664,1,-1,-1,-1,-1,-1,-1,-1,-1,-1,-1,-1,-1,-1,-1,-1,-1,-1,-1,-1,-1,-1,-1,-1,-1,-1,-1,-1,-1,-1,-1,-1,0.196294645143968,0,0,0,0.213879819945081,-1,-1,-1,-1,-1,-1,-1,-1,-1
18468,1,-1,-1,-1,-1,-1,-1,-1,-1,-1,-1,-1,-1,-1,-1,-1,-1,-1,-1,-1,-1,-1,-1,-1,-0.063580148035725,-1,-1,-1,-1,-1,-1,-1,-1,-1,-1,-1,-1,-1,-1,-1,-1,-1,-1,-1,-1,-1
4922,1,-1,-1,-1,-1,-1,-1,-1,-1,-1,-1,-1,-1,-1,-1,-1,-1,-1,-1,-1,-1,-1,-1,-1,-0.0660827546698384,-0.0660827546698379,-0.0660827546698384,-0.0660827546698379,-0.0660827546698384,-1,-1,-1,-1,-1,-1,-1,-1,-1,-1,-1,-1,-1,-1,-1,-1,-1
10950,1,-1,-1,-1,-1,-1,-1,-1,-1,-1,-1,-1,-1,-1,-1,-1,-1,-1,-1,-1,-1,-1,-1,-1,-1,-1,-1,-1,-1,-1,-1,-1,-1,-1,0.205054954990998,-1,-1,-1,-1,-1,-1,-1,-1,-1,-1,-1
3589,1,-1,-1,-1,-1,-1,-1,-1,-1,-1,-1,-1,-1,-1,-1,-1,-1,-1,-1,-1,-1,-1,-1,-1,-1,0.2498774732166,-0.425968732272281,-1,-1,-1,-1,-1,-1,-1,-1,-1,-1,-1,-1,-1,-1,-1,-1,-1,-1,-1
10365,1,-1,-1,-1,-1,-1,-1,-1,-1,-1,-1,-1,-1,-1,-1,-1,-1,-1,-1,-1,-1,-1,-1,-1,-1,-1,-0.0845711995501768,-0.0845711995501766,-0.146128035678238,-1,-1,-1,-1,-1,-1,-1,-1,-1,-1,-1,-1,-1,-1,-1,-1,-1
10364,1,-1,-1,-1,-1,-1,-1,-1,-1,-1,-1,-1,-1,-1,-1,-1,-1,-1,-1,-1,-1,-1,-1,-1,-1,-1,-0.255941680489437,-0.255941680489437,-0.0705810742857074,-1,-1,-1,-1,-1,-1,-1,-1,-1,-1,-1,-1,-1,-1,-1,-1,-1
10363,1,-1,-1,-1,-1,-1,-1,-1,-1,-1,-1,-1,-1,-1,-1,-1,-1,-1,-1,-1,-1,-1,-1,-1,-1,-1,-0.0843960101570909,-0.0843960101570911,-0.0705810742857071,-1,-1,-1,-1,-1,-1,-1,-1,-1,-1,-1,-1,-1,-1,-1,-1,-1
6529,1,-1,-1,-1,-1,-1,-1,-1,-1,-1,-1,-1,-1,-1,-1,-1,-1,-1,-1,-1,-1,-1,-1,-1,-1,-1,-1,-0.0698970004336019,-0.0698970004336019,-0.0698970004336018,-0.0698970004336019,-0.0698970004336019,-0.0698970004336018,-0.0698970004336018,-0.069897000433602,-0.0698970004336018,-1,-1,-1,-1,-1,-1,-1,-1,-1,-1
6523,1,-1,-1,-1,-1,-1,-1,-1,-1,-1,-1,-1,-1,-1,-1,-1,-1,-1,-1,-1,-1,-1,-1,-1,-1,-1,-1,0.00791812460476252,0.00791812460476246,0.00791812460476246,0.00791812460476254,0.00791812460476241,0.00791812460476254,0.00791812460476241,0.00791812460476257,0.00791812460476243,0.00791812460476249,-1,-1,-1,-1,-1,-1,-1,-1,-1
6521,1,-1,-1,-1,-1,-1,-1,-1,-1,-1,-1,-1,-1,-1,-1,-1,-1,-1,-1,-1,-1,-1,-1,-1,-1,-1,-1,-0.00511525224473813,-0.00511525224473811,-0.00511525224473816,-0.00511525224473811,-0.00511525224473813,-0.00511525224473813,-0.00511525224473811,-0.00511525224473808,-0.00511525224473816,-0.00511525224473816,-1,-1,-1,-1,-1,-1,-1,-1,-1
6517,1,-1,-1,-1,-1,-1,-1,-1,-1,-1,-1,-1,-1,-1,-1,-1,-1,-1,-1,-1,-1,-1,-1,-1,-1,-1,-1,-0.00263289387223495,-0.00263289387223489,-0.00263289387223489,-0.00263289387223486,-0.00263289387223495,-0.00263289387223495,-0.00263289387223484,-0.00263289387223492,-0.00263289387223492,-0.00263289387223495,-1,-1,-1,-1,-1,-1,-1,-1,-1
6512,1,-1,-1,-1,-1,-1,-1,-1,-1,-1,-1,-1,-1,-1,-1,-1,-1,-1,-1,-1,-1,-1,-1,-1,-1,-1,-1,0.0138302698166282,0.0138302698166283,0.013830269816628,0.0138302698166282,0.0138302698166282,0.0138302698166282,0.0138302698166282,0.0138302698166282,0.0138302698166282,0.013830269816628,-1,-1,-1,-1,-1,-1,-1,-1,-1
6458,1,-1,-1,-1,-1,-1,-1,-1,-1,-1,-1,-1,-1,-1,-1,-1,-1,-1,-1,-1,-1,-1,-1,-1,-1,-1,-1,-0.120367046888365,-0.120367046888365,-1,-1,-1,-1,-1,-1,-1,-1,-1,-1,-1,-1,-1,-1,-1,-1,-1
6144,1,-1,-1,-1,-1,-1,-1,-1,-1,-1,-1,-1,-1,-1,-1,-1,-1,-1,-1,-1,-1,-1,-1,-1,-1,-1,-1,-1,-1,-1,-1,-0.0688246293498007,-0.0688246293498007,-0.0688246293498007,0.191673477782232,0.191673477782232,0.327542684963179,-1,-1,-1,-1,-1,-1,-1,-1,-1
6143,1,-1,-1,-1,-1,-1,-1,-1,-1,-1,-1,-1,-1,-1,-1,-1,-1,-1,-1,-1,-1,-1,-1,-1,-1,-1,-1,-1,-1,-1,-1,-0.486809840318836,-0.486809840318837,-0.486809840318837,1.05917844836287,1.05917844836287,0.0363812820028502,-1,-1,-1,-1,-1,-1,-1,-1,-1
10376,1,-1,-1,-1,-1,-1,-1,-1,-1,-1,-1,-1,-1,-1,-1,-1,-1,-1,-1,-1,-1,-1,-1,-1,-1,-1,-1,-1,-1,-1,-1,-1,0.42090663828241,-0.428327132688432,0.487528935703969,-0.108758026241691,-1,-1,-1,-1,-1,-1,-1,-1,-1,-1
10076,1,-1,-1,-1,-1,-1,-1,-1,-1,-1,-1,-1,-1,-1,-1,-1,-1,-1,-1,-1,-1,-1,-1,-1,-1,-1,-1,-1,-1,-1,-1,-1,-1,-1,-1,-0.867092333720425,0.237360915794604,0.176091259055681,-1,-1,-1,-1,-1,-1,-1,-1
7969,1,-1,-1,-1,-1,-1,-1,-1,-1,-1,-1,-1,-1,-1,-1,-1,-1,-1,-1,-1,-1,-1,-1,-1,-1,-1,-1,-1,-0.258365583442119,-0.0141981122804162,-1.25991399688786,-1.25991399688786,0.778151250383644,0.8750612633917,0.338013561917151,-1.51410482097283,-1,-1,-1,-1,-1,-1,-1,-1,-1,-1
21224,1,-1,-1,-1,-1,-1,-1,-1,-1,-1,-1,-1,-1,-1,-1,-1,-1,-1,-1,-1,-1,-1,-1,-1,-1,-1,-1,-1,-1,-1,-1,-1,-1,-1,-1,-1,-1,-1,-1,-1,-1,-1,-0.157398463992633,-0.204331937031905,-0.204331937031905,0.432094284906343
7968,1,-1,-1,-1,-1,-1,-1,-1,-1,-1,-1,-1,-1,-1,-1,-1,-1,-1,-1,-1,-1,-1,-1,-1,-1,-1,-1,-1,0.468417667197784,-0.0366710960665431,-0.527497930764571,-0.527497930764571,0.562292864456475,0.0686432546077167,0.508942967337045,-0.156478348220698,-1,-1,-1,-1,-1,-1,-1,-1,-1,-1
19705,1,-1,-1,-1,-1,-1,-1,-1,-1,-1,-1,-1,-1,-1,-1,-1,-1,-1,-1,-1,-1,-1,-1,-1,-1,-1,-1,-1,-1,0.26884531229258,-1,-1,-1,-1,-1,-1,-1,-1,-1,-1,-1,-1,-1,-1,-1,-1
10952,1,-1,-1,-1,-1,-1,-1,-1,-1,-1,-1,-1,-1,-1,-1,-1,-1,-1,-1,-1,-1,-1,-1,-1,-1,-1,-1,-1,-1,-1,-1,-1,-1,-1,-1,-1,-0.140178703165037,-1,-1,-1,-1,-1,-1,-1,-1,-1
11777,1,-1,-1,-1,-1,-1,-1,-1,-1,-1,-1,-1,-1,-1,-1,-1,-1,-1,-1,-1,-1,-1,-1,-1,-1,-1,-1,-1,-1,0.168584427843205,0.168584427843205,0.0431837484062145,0.0431837484062148,0.010929022002939,0.0109290220029392,-0.0873288803351699,-0.0873288803351702,-0.10498893712244,-0.10498893712244,-0.104988937122439,-0.10498893712244,0,0,-1,-1,-1
11776,1,-1,-1,-1,-1,-1,-1,-1,-1,-1,-1,-1,-1,-1,-1,-1,-1,-1,-1,-1,-1,-1,-1,-1,-1,-1,-1,-1,-1,-0.28307426829413,-0.28307426829413,0.19403201716831,0.194032017168311,0.010929022002939,0.0109290220029392,-0.0873288803351699,-0.0873288803351702,0.0830174097083638,0.0830174097083636,0.0830174097083638,0.0830174097083638,-0.752025387323213,0,-1,-1,-1
11774,1,-1,-1,-1,-1,-1,-1,-1,-1,-1,-1,-1,-1,-1,-1,-1,-1,-1,-1,-1,-1,-1,-1,-1,-1,-1,-1,-1,-1,-0.583658667374088,-0.583658667374088,0.286337075369532,0.286337075369532,-0.286337075369532,-0.286337075369532,0,0,0.338521825101491,0.338521825101491,0.338521825101491,0.338521825101491,-0.554388433522431,1.19712790467075,-1,-1,-1
11773,1,-1,-1,-1,-1,-1,-1,-1,-1,-1,-1,-1,-1,-1,-1,-1,-1,-1,-1,-1,-1,-1,-1,-1,-1,-1,-1,-1,-1,0.106332110371156,0.106332110371156,0.131232226898109,0.131232226898109,-0.139590688826656,-0.139590688826656,0.125737051137538,0.125737051137538,0.0244573273119151,0.0244573273119151,0.0244573273119151,0.0244573273119151,0.332906069036906,-0.131571591859716,-1,-1,-1
6138,1,-1,-1,-1,-1,-1,-1,-1,-1,-1,-1,-1,-1,-1,-1,-1,-1,-1,-1,-1,-1,-1,-1,-1,-1,-1,-1,-1,-1,-1,-1,0.0153361517690911,0.0153361517690913,0.0153361517690911,-0.119365789824706,-0.119365789824706,0.176525770829699,-1,-1,-1,-1,-1,-1,-1,-1,-1
6136,1,-1,-1,-1,-1,-1,-1,-1,-1,-1,-1,-1,-1,-1,-1,-1,-1,-1,-1,-1,-1,-1,-1,-1,-1,-1,-1,-1,-1,-1,-1,0.608879363348518,0.608879363348518,0.608879363348519,-0.913319045022778,-0.913319045022778,2.13005393956657,-1,-1,-1,-1,-1,-1,-1,-1,-1
11772,1,-1,-1,-1,-1,-1,-1,-1,-1,-1,-1,-1,-1,-1,-1,-1,-1,-1,-1,-1,-1,-1,-1,-1,-1,-1,-1,-1,-1,0.0182873465819203,0.0182873465819203,-0.228890930976501,-0.228890930976501,0.0990134678756804,0.0990134678756804,0.125736781410473,0.125736781410473,0.051743318475577,0.0517433184755768,0.0517433184755768,0.0517433184755769,0.172609213024909,-0.183081177588837,-1,-1,-1
11771,1,-1,-1,-1,-1,-1,-1,-1,-1,-1,-1,-1,-1,-1,-1,-1,-1,-1,-1,-1,-1,-1,-1,-1,-1,-1,-1,-1,-1,0,0,0.284100862033497,0.284100862033497,-0.284100862033497,-0.284100862033497,0,0,0.188006346830803,0.188006346830803,0.188006346830803,0.188006346830803,-0.752025387323213,0,-1,-1,-1
11769,1,-1,-1,-1,-1,-1,-1,-1,-1,-1,-1,-1,-1,-1,-1,-1,-1,-1,-1,-1,-1,-1,-1,-1,-1,-1,-1,-1,-1,0.0182870712968024,0.0182870712968023,-0.01932530898829,-0.0193253089882901,-0.378106914098528,-0.378106914098528,0.213779538382118,0.213779538382117,-0.255543146481083,-0.255543146481083,-0.255543146481083,-0.255543146481083,0,0,-1,-1,-1
11767,1,-1,-1,-1,-1,-1,-1,-1,-1,-1,-1,-1,-1,-1,-1,-1,-1,-1,-1,-1,-1,-1,-1,-1,-1,-1,-1,-1,-1,-0.243413865031057,-0.243413865031057,0.102318647973959,0.102318647973959,-0.14560904408344,-0.14560904408344,0.0673264172118963,0.0673264172118963,0.117918894276624,0.117918894276624,0.117918894276624,0.117918894276624,-0.147792555039197,0.236439710862149,-1,-1,-1
11766,1,-1,-1,-1,-1,-1,-1,-1,-1,-1,-1,-1,-1,-1,-1,-1,-1,-1,-1,-1,-1,-1,-1,-1,-1,-1,-1,-1,-1,0.0177361590811094,0.0177361590811096,0.19403201716831,0.194032017168311,0.010929022002939,0.0109290220029392,-0.0873288803351699,-0.0873288803351702,0.158274908624359,0.158274908624359,0.158274908624359,0.158274908624359,0.0476700356076778,0.0210411832646626,-1,-1,-1
11765,1,-1,-1,-1,-1,-1,-1,-1,-1,-1,-1,-1,-1,-1,-1,-1,-1,-1,-1,-1,-1,-1,-1,-1,-1,-1,-1,-1,-1,0,0,0,0,0,0,0,0,0,0,0,0,0.799698866883532,-0.799698866883532,-1,-1,-1
11764,1,-1,-1,-1,-1,-1,-1,-1,-1,-1,-1,-1,-1,-1,-1,-1,-1,-1,-1,-1,-1,-1,-1,-1,-1,-1,-1,-1,-1,0.11218592483689,0.11218592483689,-0.355373667448203,-0.355373667448203,0.315585361020302,0.315585361020302,-0.0338650999401875,-0.0338650999401875,-0.0890153610348123,-0.0890153610348123,-0.0890153610348122,-0.0890153610348123,0.399852451720314,0.0210387502495498,-1,-1,-1
11763,1,-1,-1,-1,-1,-1,-1,-1,-1,-1,-1,-1,-1,-1,-1,-1,-1,-1,-1,-1,-1,-1,-1,-1,-1,-1,-1,-1,-1,0.0177361590811094,0.0177361590811096,0.344549918795287,0.344549918795287,-0.139588879624037,-0.139588879624038,-0.0873288803351699,-0.0873288803351702,0.0830174097083638,0.0830174097083636,0.0830174097083638,0.0830174097083638,0.524792438314589,0.720008945916482,-1,-1,-1
11762,1,-1,-1,-1,-1,-1,-1,-1,-1,-1,-1,-1,-1,-1,-1,-1,-1,-1,-1,-1,-1,-1,-1,-1,-1,-1,-1,-1,-1,0.168800142142739,0.168800142142739,-0.107331249425776,-0.107331249425776,0.249487808500093,0.249487808500093,0.125736781410473,0.125736781410473,-0.142794814413035,-0.142794814413035,-0.142794814413035,-0.142794814413035,0.524792438314589,-0.155051223778267,-1,-1,-1
11761,1,-1,-1,-1,-1,-1,-1,-1,-1,-1,-1,-1,-1,-1,-1,-1,-1,-1,-1,-1,-1,-1,-1,-1,-1,-1,-1,-1,-1,-0.220272913730544,-0.220272913730544,0.281705654788598,0.281705654788598,-0.227592884379444,-0.227592884379444,0.301825167909958,0.301825167909958,-0.299565961245004,-0.299565961245004,-0.299565961245003,-0.299565961245004,1.10072541859487,-1.10072541859487,-1,-1,-1
11760,1,-1,-1,-1,-1,-1,-1,-1,-1,-1,-1,-1,-1,-1,-1,-1,-1,-1,-1,-1,-1,-1,-1,-1,-1,-1,-1,-1,-1,-0.28307426829413,-0.28307426829413,0.19403201716831,0.194032017168311,0.161441258535062,0.161441258535062,0.151312931377835,0.151312931377835,-0.1115596144142,-0.1115596144142,-0.111559614414201,-0.1115596144142,-0.752025387323213,1.12176660185953,-1,-1,-1
11758,1,-1,-1,-1,-1,-1,-1,-1,-1,-1,-1,-1,-1,-1,-1,-1,-1,-1,-1,-1,-1,-1,-1,-1,-1,-1,-1,-1,-1,0.0807570819334371,0.080757081933437,0.219277588614912,0.219277588614912,-0.165167579505626,-0.165167579505626,0.239359019436734,0.239359019436734,-0.15558265844365,-0.15558265844365,-0.15558265844365,-0.15558265844365,0.0476700356076778,-1.10072541859487,-1,-1,-1
11756,1,-1,-1,-1,-1,-1,-1,-1,-1,-1,-1,-1,-1,-1,-1,-1,-1,-1,-1,-1,-1,-1,-1,-1,-1,-1,-1,-1,-1,0.367770146478758,0.367770146478758,-0.0677793473794114,-0.0677793473794114,-0.0770806478473215,-0.0770806478473214,-0.237841116867293,-0.237841116867293,0.0830174097083638,0.0830174097083636,0.0830174097083638,0.0830174097083638,0.524792438314589,-1.2768178256378,-1,-1,-1
11755,1,-1,-1,-1,-1,-1,-1,-1,-1,-1,-1,-1,-1,-1,-1,-1,-1,-1,-1,-1,-1,-1,-1,-1,-1,-1,-1,-1,-1,-0.132563124451347,-0.132563124451347,0.344549918795287,0.344549918795287,-0.28966252112329,-0.28966252112329,0.0627447611640826,0.0627447611640823,-0.10498893712244,-0.10498893712244,-0.104988937122439,-0.10498893712244,0.799698866883532,-0.799698866883532,-1,-1,-1
11754,1,-1,-1,-1,-1,-1,-1,-1,-1,-1,-1,-1,-1,-1,-1,-1,-1,-1,-1,-1,-1,-1,-1,-1,-1,-1,-1,-1,-1,0.106334627827797,0.106334627827797,0.154110446253488,0.154110446253488,0.161439487758749,0.161439487758749,-0.436733250412788,-0.436733250412788,-0.180285647565088,-0.180285647565088,-0.180285647565088,-0.180285647565088,1.2768178256378,0.322068937244444,-1,-1,-1
11753,1,-1,-1,-1,-1,-1,-1,-1,-1,-1,-1,-1,-1,-1,-1,-1,-1,-1,-1,-1,-1,-1,-1,-1,-1,-1,-1,-1,-1,0.0149816116887216,0.0149816116887216,0.0478751737404088,0.0478751737404091,0.161385951311799,0.161385951311799,-0.0873288803351699,-0.0873288803351702,0.0830174097083638,0.0830174097083636,0.0830174097083638,0.0830174097083638,-0.752025387323213,0.820733325096436,-1,-1,-1
8931,1,-1,-1,-1,-1,-1,-1,-1,-1,-1,-1,-1,-1,-1,-1,-1,-1,-1,-1,-1,-1,-1,-1,-1,-1,-1,-1,-1,-1,-1,-0.191760965456506,-0.164155703217759,-0.147657291463982,-0.195254952387286,-0.320314404747186,-0.471817863761959,-0.569828938680051,-1,-1,-1,-1,-1,-1,-1,-1,-1
6208,1,-1,-1,-1,-1,-1,-1,-1,-1,-1,-1,-1,-1,-1,-1,-1,-1,-1,-1,-1,-1,-1,-1,-1,-1,-1,-1,-1,-1,-1,-0.218652064672072,-1,-1,-1,-1,-1,-1,-1,-1,-1,-1,-1,-1,-1,-1,-1
6206,1,-1,-1,-1,-1,-1,-1,-1,-1,-1,-1,-1,-1,-1,-1,-1,-1,-1,-1,-1,-1,-1,-1,-1,-1,-1,-1,-1,-1,-1,-0.0642799038386511,-1,-1,-1,-1,-1,-1,-1,-1,-1,-1,-1,-1,-1,-1,-1
6207,1,-1,-1,-1,-1,-1,-1,-1,-1,-1,-1,-1,-1,-1,-1,-1,-1,-1,-1,-1,-1,-1,-1,-1,-1,-1,-1,-1,-1,-1,0.0237638403944637,-1,-1,-1,-1,-1,-1,-1,-1,-1,-1,-1,-1,-1,-1,-1
6205,1,-1,-1,-1,-1,-1,-1,-1,-1,-1,-1,-1,-1,-1,-1,-1,-1,-1,-1,-1,-1,-1,-1,-1,-1,-1,-1,-1,-1,-1,0.254431120632382,-1,-1,-1,-1,-1,-1,-1,-1,-1,-1,-1,-1,-1,-1,-1
19548,1,-1,-1,-1,-1,-1,-1,-1,-1,-1,-1,-1,-1,-1,-1,-1,-1,-1,-1,-1,-1,-1,-1,-1,-1,-1,-1,-1,-1,-1,-1,0.00592194631878706,0.00592194631878706,0.00592194631878723,0.00592194631878712,0.00592194631878706,0.00592194631878712,0.00592194631878712,0.00592194631878706,0.00592194631878717,0.00592194631878712,0.00592194631878712,0.00592194631878706,-1,-1,-1
19532,1,-1,-1,-1,-1,-1,-1,-1,-1,-1,-1,-1,-1,-1,-1,-1,-1,-1,-1,-1,-1,-1,-1,-1,-1,-1,-1,-1,-1,-1,-1,-1,-1,-1,-1,-1,-1,-1,-0.0191664182820612,-0.0191664182820612,-0.0191664182820612,-0.0191664182820611,-1,-1,-1,-1
19547,1,-1,-1,-1,-1,-1,-1,-1,-1,-1,-1,-1,-1,-1,-1,-1,-1,-1,-1,-1,-1,-1,-1,-1,-1,-1,-1,-1,-1,-1,-1,-1,-1,-1,-1,-1,-1,-1,-1,-1,-0.00393559690611428,-0.00393559690611428,-0.00393559690611434,-1,-1,-1
19531,1,-1,-1,-1,-1,-1,-1,-1,-1,-1,-1,-1,-1,-1,-1,-1,-1,-1,-1,-1,-1,-1,-1,-1,-1,-1,-1,-1,-1,-1,-1,-1,-1,-1,-1,-1,-1,-1,-1,-1,-1,-1,0,0,-1,-1
11752,1,-1,-1,-1,-1,-1,-1,-1,-1,-1,-1,-1,-1,-1,-1,-1,-1,-1,-1,-1,-1,-1,-1,-1,-1,-1,-1,-1,-1,-1,-1,-1,-0.0781605769952174,0.113708026112023,-1,-1,-1,-1,-1,-1,-1,-1,-1,-1,-1,-1
10378,1,-1,-1,-1,-1,-1,-1,-1,-1,-1,-1,-1,-1,-1,-1,-1,-1,-1,-1,-1,-1,-1,-1,-1,-1,-1,-1,-1,-1,-1,-1,-1,0.643798865808547,-0.887790360502164,0.0563183630881205,0.817404549531317,-1,-1,-1,-1,-1,-1,-1,-1,-1,-1
10370,1,-1,-1,-1,-1,-1,-1,-1,-1,-1,-1,-1,-1,-1,-1,-1,-1,-1,-1,-1,-1,-1,-1,-1,-1,-1,-1,-1,-1,-1,-1,-1,0.279504772007046,-0.0946196901543871,0.291311309176539,0.0499321703951878,-1,-1,-1,-1,-1,-1,-1,-1,-1,-1
6470,1,-1,-1,-1,-1,-1,-1,-1,-1,-1,-1,-1,-1,-1,-1,-1,-1,-1,-1,-1,-1,-1,-1,-1,-1,-1,-1,-1,-1,-1,-1,-1,0.198970004336019,0.198970004336019,-1,-1,-1,-1,-1,-1,-1,-1,-1,-1,-1,-1
6469,1,-1,-1,-1,-1,-1,-1,-1,-1,-1,-1,-1,-1,-1,-1,-1,-1,-1,-1,-1,-1,-1,-1,-1,-1,-1,-1,-1,-1,-1,-1,-1,0.104735350520013,-1,-1,-1,-1,-1,-1,-1,-1,-1,-1,-1,-1,-1
194,1,-1,-1,-1,-1,-1,-1,-1,-1,-1,-1,-1,-1,-1,-1,-1,-1,-1,-1,-1,-1,-1,-1,-1,-1,-1,-1,-1,-1,-1,-1,-1,-0.104162523314631,-0.226645946495831,-0.0964729284938262,-0.00929689502051456,-1,-1,-1,-1,-1,-1,-1,-1,-1,-1
11301,1,-1,-1,-1,-1,-1,-1,-1,-1,-1,-1,-1,-1,-1,-1,-1,-1,-1,-1,-1,-1,-1,-1,-1,-1,-1,-1,-1,-1,-1,-1,-1,-1,0.0370703625543896,-0.0920028702639453,-0.0920539271949734,-0.176094267437292,-1,-1,-1,-1,-1,-1,-1,-1,-1
25308,1,-1,-1,-1,-1,-1,-1,-1,-1,-1,-1,-1,-1,-1,-1,-1,-1,-1,-1,-1,-1,-1,-1,-1,-1,-1,-1,-1,-1,-1,-1,-1,-1,-1,-1,-0.0649022183027008,-0.0649022183027009,-0.0649022183027007,-0.0649022183027009,-0.0649022183027008,-1,-1,-1,-1,-1,-1
25307,1,-1,-1,-1,-1,-1,-1,-1,-1,-1,-1,-1,-1,-1,-1,-1,-1,-1,-1,-1,-1,-1,-1,-1,-1,-1,-1,-1,-1,-1,-1,-1,-1,-1,-1,-0.106720522134422,-0.106720522134422,-0.106720522134422,-0.106720522134422,-0.106720522134422,-1,-1,-1,-1,-1,-1
25306,1,-1,-1,-1,-1,-1,-1,-1,-1,-1,-1,-1,-1,-1,-1,-1,-1,-1,-1,-1,-1,-1,-1,-1,-1,-1,-1,-1,-1,-1,-1,-1,-1,-1,-1,-0.248607609737259,-0.248607609737259,-0.248607609737259,-0.248607609737259,-0.248607609737259,-1,-1,-1,-1,-1,-1
25305,1,-1,-1,-1,-1,-1,-1,-1,-1,-1,-1,-1,-1,-1,-1,-1,-1,-1,-1,-1,-1,-1,-1,-1,-1,-1,-1,-1,-1,-1,-1,-1,-1,-1,-1,0.400864274756529,0.400864274756529,0.400864274756529,0.400864274756529,0.400864274756528,-1,-1,-1,-1,-1,-1
25303,1,-1,-1,-1,-1,-1,-1,-1,-1,-1,-1,-1,-1,-1,-1,-1,-1,-1,-1,-1,-1,-1,-1,-1,-1,-1,-1,-1,-1,-1,-1,-1,-1,-1,-1,-0.108813608870055,-0.108813608870055,-0.108813608870055,-0.108813608870055,-0.108813608870055,-1,-1,-1,-1,-1,-1
25302,1,-1,-1,-1,-1,-1,-1,-1,-1,-1,-1,-1,-1,-1,-1,-1,-1,-1,-1,-1,-1,-1,-1,-1,-1,-1,-1,-1,-1,-1,-1,-1,-1,-1,-1,-0.400864274756529,-0.400864274756529,-0.400864274756528,-0.400864274756529,-0.400864274756529,-1,-1,-1,-1,-1,-1
25301,1,-1,-1,-1,-1,-1,-1,-1,-1,-1,-1,-1,-1,-1,-1,-1,-1,-1,-1,-1,-1,-1,-1,-1,-1,-1,-1,-1,-1,-1,-1,-1,-1,-1,-1,-0.400864274756528,-0.400864274756529,-0.400864274756529,-0.400864274756529,-0.400864274756529,-1,-1,-1,-1,-1,-1
25300,1,-1,-1,-1,-1,-1,-1,-1,-1,-1,-1,-1,-1,-1,-1,-1,-1,-1,-1,-1,-1,-1,-1,-1,-1,-1,-1,-1,-1,-1,-1,-1,-1,-1,-1,-0.400864274756529,-0.400864274756529,-0.400864274756529,-0.400864274756529,-0.400864274756529,-1,-1,-1,-1,-1,-1
25299,1,-1,-1,-1,-1,-1,-1,-1,-1,-1,-1,-1,-1,-1,-1,-1,-1,-1,-1,-1,-1,-1,-1,-1,-1,-1,-1,-1,-1,-1,-1,-1,-1,-1,-1,0.0193820026016113,0.0193820026016113,0.0193820026016113,0.0193820026016113,0.0193820026016113,-1,-1,-1,-1,-1,-1
25298,1,-1,-1,-1,-1,-1,-1,-1,-1,-1,-1,-1,-1,-1,-1,-1,-1,-1,-1,-1,-1,-1,-1,-1,-1,-1,-1,-1,-1,-1,-1,-1,-1,-1,-1,0.400864274756529,0.400864274756529,0.400864274756529,0.400864274756529,0.400864274756529,-1,-1,-1,-1,-1,-1
25296,1,-1,-1,-1,-1,-1,-1,-1,-1,-1,-1,-1,-1,-1,-1,-1,-1,-1,-1,-1,-1,-1,-1,-1,-1,-1,-1,-1,-1,-1,-1,-1,-1,-1,-1,-0.400864274756529,-0.400864274756529,-0.400864274756529,-0.400864274756529,-0.400864274756529,-1,-1,-1,-1,-1,-1
25295,1,-1,-1,-1,-1,-1,-1,-1,-1,-1,-1,-1,-1,-1,-1,-1,-1,-1,-1,-1,-1,-1,-1,-1,-1,-1,-1,-1,-1,-1,-1,-1,-1,-1,-1,0.400864274756529,0.400864274756529,0.400864274756529,0.400864274756529,0.400864274756529,-1,-1,-1,-1,-1,-1
25294,1,-1,-1,-1,-1,-1,-1,-1,-1,-1,-1,-1,-1,-1,-1,-1,-1,-1,-1,-1,-1,-1,-1,-1,-1,-1,-1,-1,-1,-1,-1,-1,-1,-1,-1,0.0602059991327963,0.0602059991327961,0.0602059991327961,0.0602059991327963,0.0602059991327963,-1,-1,-1,-1,-1,-1
25291,1,-1,-1,-1,-1,-1,-1,-1,-1,-1,-1,-1,-1,-1,-1,-1,-1,-1,-1,-1,-1,-1,-1,-1,-1,-1,-1,-1,-1,-1,-1,-1,-1,-1,-1,0.400864274756529,0.400864274756529,0.400864274756529,0.400864274756529,0.400864274756529,-1,-1,-1,-1,-1,-1
25288,1,-1,-1,-1,-1,-1,-1,-1,-1,-1,-1,-1,-1,-1,-1,-1,-1,-1,-1,-1,-1,-1,-1,-1,-1,-1,-1,-1,-1,-1,-1,-1,-1,-1,-1,-0.185883785142859,-0.185883785142859,-0.185883785142858,-0.185883785142859,-0.185883785142859,-1,-1,-1,-1,-1,-1
25287,1,-1,-1,-1,-1,-1,-1,-1,-1,-1,-1,-1,-1,-1,-1,-1,-1,-1,-1,-1,-1,-1,-1,-1,-1,-1,-1,-1,-1,-1,-1,-1,-1,-1,-1,-0.400864274756529,-0.400864274756529,-0.400864274756528,-0.400864274756529,-0.400864274756529,-1,-1,-1,-1,-1,-1
25285,1,-1,-1,-1,-1,-1,-1,-1,-1,-1,-1,-1,-1,-1,-1,-1,-1,-1,-1,-1,-1,-1,-1,-1,-1,-1,-1,-1,-1,-1,-1,-1,-1,-1,-1,-0.400864274756529,-0.400864274756529,-0.400864274756529,-0.400864274756529,-0.400864274756529,-1,-1,-1,-1,-1,-1
25284,1,-1,-1,-1,-1,-1,-1,-1,-1,-1,-1,-1,-1,-1,-1,-1,-1,-1,-1,-1,-1,-1,-1,-1,-1,-1,-1,-1,-1,-1,-1,-1,-1,-1,-1,-1,0.0227886704613673,0.0227886704613675,0.0227886704613673,0.0227886704613673,-1,-1,-1,-1,-1,-1
25283,1,-1,-1,-1,-1,-1,-1,-1,-1,-1,-1,-1,-1,-1,-1,-1,-1,-1,-1,-1,-1,-1,-1,-1,-1,-1,-1,-1,-1,-1,-1,-1,-1,-1,-1,-0.0954242509439324,-0.0954242509439325,-0.0954242509439325,-0.0954242509439325,-0.0954242509439325,-1,-1,-1,-1,-1,-1
25282,1,-1,-1,-1,-1,-1,-1,-1,-1,-1,-1,-1,-1,-1,-1,-1,-1,-1,-1,-1,-1,-1,-1,-1,-1,-1,-1,-1,-1,-1,-1,-1,-1,-1,-1,-0.400864274756528,-0.400864274756529,-0.400864274756529,-0.400864274756529,-0.400864274756529,-1,-1,-1,-1,-1,-1
25280,1,-1,-1,-1,-1,-1,-1,-1,-1,-1,-1,-1,-1,-1,-1,-1,-1,-1,-1,-1,-1,-1,-1,-1,-1,-1,-1,-1,-1,-1,-1,-1,-1,-1,-1,-0.277833216872906,-0.277833216872907,-0.277833216872906,-0.277833216872907,-0.277833216872906,-1,-1,-1,-1,-1,-1
25277,1,-1,-1,-1,-1,-1,-1,-1,-1,-1,-1,-1,-1,-1,-1,-1,-1,-1,-1,-1,-1,-1,-1,-1,-1,-1,-1,-1,-1,-1,-1,-1,-1,-1,-1,-0.2,-0.2,-0.2,-0.2,-0.2,-1,-1,-1,-1,-1,-1
25276,1,-1,-1,-1,-1,-1,-1,-1,-1,-1,-1,-1,-1,-1,-1,-1,-1,-1,-1,-1,-1,-1,-1,-1,-1,-1,-1,-1,-1,-1,-1,-1,-1,-1,-1,-0.0602059991327963,-0.0602059991327963,-0.0602059991327961,-0.0602059991327963,-0.0602059991327961,-1,-1,-1,-1,-1,-1
19749,1,-1,-1,-1,-1,-1,-1,-1,-1,-1,-1,-1,-1,-1,-1,-1,-1,-1,-1,-1,-1,-1,-1,-1,-1,-1,-1,-1,-1,-1,-1,-1,-1,-1,-1,-0.065111299644097,-0.0610565783005423,-0.0528349604144331,-0.0421854146041261,-0.0321353447363188,-0.0249512631849393,-0.0206393358780499,-0.0176281606027624,-0.0149265503478606,-0.0131251052648551,-1
6507,1,-1,-1,-1,-1,-1,-1,-1,-1,-1,-1,-1,-1,-1,-1,-1,-1,-1,-1,-1,-1,-1,-1,-1,-1,-1,-1,-1,-1,-1,-1,-1,-1,-1,-1,0.0172264019745114,-0.42276359239707,-1,-1,-1,-1,-1,-1,-1,-1,-1
10077,1,-1,-1,-1,-1,-1,-1,-1,-1,-1,-1,-1,-1,-1,-1,-1,-1,-1,-1,-1,-1,-1,-1,-1,-1,-1,-1,-1,-1,-1,-1,-1,-1,-1,-1,-0.0727067478266272,-0.181194660693811,0.0383016081810832,-1,-1,-1,-1,-1,-1,-1,-1
25592,1,-1,-1,-1,-1,-1,-1,-1,-1,-1,-1,-1,-1,-1,-1,-1,-1,-1,-1,-1,-1,-1,-1,-1,-1,-1,-1,-1,-1,-1,-1,-1,-1,-1,-1,-1,-1,-1,0.112886248373993,0.112886248373993,0.112886248373993,0.112886248373993,0.112886248373993,0.112886248373993,0.112886248373993,0.112886248373993
25562,1,-1,-1,-1,-1,-1,-1,-1,-1,-1,-1,-1,-1,-1,-1,-1,-1,-1,-1,-1,-1,-1,-1,-1,-1,-1,-1,-1,-1,-1,-1,-1,-1,-1,-1,-1,-1,-1,0.127784549338894,0.127784549338894,0.127784549338894,0.127784549338894,0.127784549338894,0.127784549338894,0.127784549338894,0.127784549338894
25574,-1,-1,-1,-1,-1,-1,-1,-1,-1,-1,-1,-1,-1,-1,-1,-1,-1,-1,-1,-1,-1,-1,-1,-1,-1,-1,-1,-1,-1,-1,-1,-1,-1,-1,-1,-1,-1,-1,-1,-1,-1,-1,-1,-1,-1,-1
18778,1,-1,-1,-1,-1,-1,-1,-1,-1,-1,-1,-1,-1,-1,-1,-1,-1,-1,-1,-1,-1,-1,-1,-1,-1,-1,-1,-1,-1,-1,-1,-1,-1,-1,-1,-1,-1,-1,-1,-1,-1,0.122314592782151,-1,-1,-1,-1
18777,1,-1,-1,-1,-1,-1,-1,-1,-1,-1,-1,-1,-1,-1,-1,-1,-1,-1,-1,-1,-1,-1,-1,-1,-1,-1,-1,-1,-1,-1,-1,-1,-1,-1,-1,-1,-1,-1,-1,-1,-1,0.132625565274591,-1,-1,-1,-1
18776,1,-1,-1,-1,-1,-1,-1,-1,-1,-1,-1,-1,-1,-1,-1,-1,-1,-1,-1,-1,-1,-1,-1,-1,-1,-1,-1,-1,-1,-1,-1,-1,-1,-1,-1,-1,-1,-1,-1,-1,-1,0.1249387366083,-1,-1,-1,-1
18775,1,-1,-1,-1,-1,-1,-1,-1,-1,-1,-1,-1,-1,-1,-1,-1,-1,-1,-1,-1,-1,-1,-1,-1,-1,-1,-1,-1,-1,-1,-1,-1,-1,-1,-1,-1,-1,-1,-1,-1,-1,0.0511525224473812,-1,-1,-1,-1
18774,1,-1,-1,-1,-1,-1,-1,-1,-1,-1,-1,-1,-1,-1,-1,-1,-1,-1,-1,-1,-1,-1,-1,-1,-1,-1,-1,-1,-1,-1,-1,-1,-1,-1,-1,-1,-1,-1,-1,-1,-1,0.0511525224473812,-1,-1,-1,-1
18773,1,-1,-1,-1,-1,-1,-1,-1,-1,-1,-1,-1,-1,-1,-1,-1,-1,-1,-1,-1,-1,-1,-1,-1,-1,-1,-1,-1,-1,-1,-1,-1,-1,-1,-1,-1,-1,-1,-1,-1,-1,0.082974235064764,-1,-1,-1,-1
18772,1,-1,-1,-1,-1,-1,-1,-1,-1,-1,-1,-1,-1,-1,-1,-1,-1,-1,-1,-1,-1,-1,-1,-1,-1,-1,-1,-1,-1,-1,-1,-1,-1,-1,-1,-1,-1,-1,-1,-1,-1,-0.0377885608893997,-1,-1,-1,-1
18473,1,-1,-1,-1,-1,-1,-1,-1,-1,-1,-1,-1,-1,-1,-1,-1,-1,-1,-1,-1,-1,-1,-1,-1,-1,-1,-1,-1,-1,-1,-1,-1,-1,-1,-1,-1,-1,-1,-1,-1,-1,-0.191311348438851,-0.281400660802668,0.0570225661020889,-0.0942882118672207,-0.231328997629965
21239,1,-1,-1,-1,-1,-1,-1,-1,-1,-1,-1,-1,-1,-1,-1,-1,-1,-1,-1,-1,-1,-1,-1,-1,-1,-1,-1,-1,-1,-1,-1,-1,-1,-1,-1,-1,-1,-1,-1,-1,-1,-1,0.0797016708934882,-0.211687960847001,-0.211687960847001,0.346787486224656
21237,1,-1,-1,-1,-1,-1,-1,-1,-1,-1,-1,-1,-1,-1,-1,-1,-1,-1,-1,-1,-1,-1,-1,-1,-1,-1,-1,-1,-1,-1,-1,-1,-1,-1,-1,-1,-1,-1,-1,-1,-1,-1,-0.252954717176846,-0.0754172319207289,-0.075417231920729,0.376824312598955
21234,1,-1,-1,-1,-1,-1,-1,-1,-1,-1,-1,-1,-1,-1,-1,-1,-1,-1,-1,-1,-1,-1,-1,-1,-1,-1,-1,-1,-1,-1,-1,-1,-1,-1,-1,-1,-1,-1,-1,-1,-1,-1,-0.278753600952829,-0.170729326359795,-0.170729326359795,0.22606523401752
21232,1,-1,-1,-1,-1,-1,-1,-1,-1,-1,-1,-1,-1,-1,-1,-1,-1,-1,-1,-1,-1,-1,-1,-1,-1,-1,-1,-1,-1,-1,-1,-1,-1,-1,-1,-1,-1,-1,-1,-1,-1,-1,-0.0175851748011128,-0.224658457368432,-0.224658457368432,0.419609987903833
21231,1,-1,-1,-1,-1,-1,-1,-1,-1,-1,-1,-1,-1,-1,-1,-1,-1,-1,-1,-1,-1,-1,-1,-1,-1,-1,-1,-1,-1,-1,-1,-1,-1,-1,-1,-1,-1,-1,-1,-1,-1,-1,-0.143163556714499,-0.125168643713897,-0.125168643713897,0.286052839694328
21229,1,-1,-1,-1,-1,-1,-1,-1,-1,-1,-1,-1,-1,-1,-1,-1,-1,-1,-1,-1,-1,-1,-1,-1,-1,-1,-1,-1,-1,-1,-1,-1,-1,-1,-1,-1,-1,-1,-1,-1,-1,-1,-0.258278015243031,-0.252574989159953,-0.252574989159953,0.423245873936808
21225,1,-1,-1,-1,-1,-1,-1,-1,-1,-1,-1,-1,-1,-1,-1,-1,-1,-1,-1,-1,-1,-1,-1,-1,-1,-1,-1,-1,-1,-1,-1,-1,-1,-1,-1,-1,-1,-1,-1,-1,-1,-1,-0.025275174159715,-0.116693331505057,-0.116693331505057,0.127021687756592
21223,1,-1,-1,-1,-1,-1,-1,-1,-1,-1,-1,-1,-1,-1,-1,-1,-1,-1,-1,-1,-1,-1,-1,-1,-1,-1,-1,-1,-1,-1,-1,-1,-1,-1,-1,-1,-1,-1,-1,-1,-1,-1,-0.324108482342274,-0.116605126003491,-0.116605126003491,0.237773808693937
