population_id,1970,1971,1972,1973,1974,1975,1976,1977,1978,1979,1980,1981,1982,1983,1984,1985,1986,1987,1988,1989,1990,1991,1992,1993,1994,1995,1996,1997,1998,1999,2000,2001,2002,2003,2004,2005,2006,2007,2008,2009,2010,2011,2012,2013,2014,2015
5797,1,-0.0607370113267467,-0.0607370113267467,-0.0607370113267468,-0.0607370113267467,-0.0607370113267467,-0.0607370113267468,-0.0607370113267469,-0.0607370113267467,-0.0607370113267467,-0.0607370113267467,-0.0607370113267467,-0.0607370113267469,-0.0607370113267467,-0.0607370113267467,-0.0607370113267467,-0.0607370113267469,-0.0607370113267467,-0.0607370113267467,-0.0607370113267467,-0.0607370113267469,-0.0607370113267467,-0.0607370113267467,-0.0607370113267467,-0.0607370113267467,-0.0607370113267467,-0.0607370113267467,-0.0607370113267467,-0.0607370113267471,-0.0607370113267467,-0.0607370113267467,-1,-1,-1,-1,-1,-1,-1,-1,-1,-1,-1,-1,-1,-1,-1
5799,1,-1,-1,-1,-1,-1,-1,-1,-1,-1,-1,-1,-0.105490598620139,-0.105490598620139,-0.105490598620139,-0.105490598620139,-0.105490598620139,-0.105490598620139,-0.105490598620139,-0.105490598620139,-0.105490598620139,-0.105490598620139,-0.105490598620139,-0.105490598620139,-0.105490598620139,-0.105490598620139,-0.105490598620139,-0.105490598620139,-0.105490598620139,-0.105490598620139,-0.105490598620139,-1,-1,-1,-1,-1,-1,-1,-1,-1,-1,-1,-1,-1,-1,-1
264,1,-0.032660588571562,-0.032660588571562,-0.032660588571562,-0.032660588571562,-0.0326605885715621,-0.032660588571562,-0.0326605885715619,-0.032660588571562,-0.0326605885715621,-0.032660588571562,-0.032660588571562,-0.032660588571562,-0.032660588571562,-0.0326605885715619,-0.032660588571562,-0.0326605885715621,-0.0326605885715618,-0.032660588571562,-0.032660588571562,-0.0326605885715621,-0.032660588571562,-1,-1,-1,-1,-1,-1,-1,-1,-1,-1,-1,-1,-1,-1,-1,-1,-1,-1,-1,-1,-1,-1,-1,-1
21236,1,-1,-0.154899952741074,0.252118238378966,0.252118238378966,-0.940428797670165,-0.940428797670165,0.0680599000044827,0.0680599000044825,0.0680599000044827,0.320479644965386,0.320479644965386,-0.182339614883821,-0.0215607218508411,-0.0215607218508411,-0.0215607218508411,-0.021560721850841,-0.021560721850841,-0.0215607218508411,-0.021560721850841,-0.0215607218508412,-0.021560721850841,-0.021560721850841,-0.0486024913077081,-0.0486024913077081,-0.0486024913077081,-0.0486024913077081,-0.048602491307708,-1,-1,-1,-1,-1,-1,-1,-1,-1,-1,-1,-1,-1,-1,-1,-1,-1,-1
21235,1,-1,0.171223436069125,-0.0346629633006823,-0.0346629633006823,-0.413349524016509,-0.413349524016509,-0.187310932277183,-0.187310932277183,-0.187310932277183,-0.265767560920669,-0.265767560920669,0.204179700013448,0.0640959289930772,0.0640959289930772,0.0640959289930771,0.0640959289930773,0.0640959289930772,0.0640959289930772,0.0640959289930772,0.0640959289930773,0.0640959289930771,0.0640959289930773,-0.128191857986154,-0.128191857986154,-0.128191857986154,-0.128191857986154,-0.128191857986154,-1,-1,-1,-1,-1,-1,-1,-1,-1,-1,-1,-1,-1,-1,-1,-1,-1,-1
17697,1,-1,-0.00854317719281494,-0.00854317719281517,-0.00854317719281417,-0.00854317719281128,-0.00854317719280606,-0.00854317719279907,-0.00854317719279019,-0.00854317719277742,-0.00854317719275621,-0.00854317719272424,-0.00854317719268277,-0.00854317719263076,-0.00854317719257136,-0.00854317719250852,-0.00854317719245296,-0.00854317719240866,-0.0085431771923799,-0.00854317719236652,-0.00854317719236319,-0.00854317719236464,-0.00854317719237085,-0.00854317719238012,-0.00854317719239556,-0.00854317719241665,-0.00854317719244291,-0.00854317719247327,-0.00854317719250769,-0.00854317719254555,-0.00854317719258652,-0.00854317719263109,-0.00854317719267816,-0.00854317719272663,-0.00854317719277492,-0.00854317719282038,-0.0085431771928613,-0.00854317719289827,-0.00854317719292763,-0.008543177192947,-0.00854317719295572,-1,-1,-1,-1,-1
2372,1,-1,-0.111842990735333,-0.139740785394319,-0.0772541552379178,0.093845734767291,0.209740746732908,0.146941746102333,-0.000801944586263925,-0.0828114864706653,-0.127772736742515,-0.262280051044171,-0.439133710253393,-0.431919079749073,-0.143729246643625,0.221649460030999,0.381479652110412,0.277003452663153,0.0761975164184157,-0.0493248716359849,-1,-1,-1,-1,-1,-1,-1,-1,-1,-1,-1,-1,-1,-1,-1,-1,-1,-1,-1,-1,-1,-1,-1,-1,-1,-1
2391,1,-1,-1,-1,-1,-1,-1,-1,-1,-1,-1,-1,-1,-1,0.0725506671486118,-0.173064804425493,0.185046101708608,-1,-1,-1,-1,-1,-1,-1,-1,-1,-1,-1,-1,-1,-1,-1,-1,-1,-1,-1,-1,-1,-1,-1,-1,-1,-1,-1,-1,-1
2390,1,-1,-1,-1,-1,-1,-1,-1,-1,-1,-1,-1,-1,-1,-0.188325715472693,0.0357155522665346,0.32870142226184,-1,-1,-1,-1,-1,-1,-1,-1,-1,-1,-1,-1,-1,-1,-1,-1,-1,-1,-1,-1,-1,-1,-1,-1,-1,-1,-1,-1,-1
2389,1,-1,-1,-1,-1,-1,-1,-1,-1,-1,-1,-1,-1,-1,-0.50300177369964,0.082974235064764,0.0532455119532251,-1,-1,-1,-1,-1,-1,-1,-1,-1,-1,-1,-1,-1,-1,-1,-1,-1,-1,-1,-1,-1,-1,-1,-1,-1,-1,-1,-1,-1
2388,1,-1,-1,-1,-1,-1,-1,-1,-1,-1,-1,-1,-1,-1,0.119186407719209,0.387389826338729,-1,-1,-1,-1,-1,-1,-1,-1,-1,-1,-1,-1,-1,-1,-1,-1,-1,-1,-1,-1,-1,-1,-1,-1,-1,-1,-1,-1,-1,-1
2387,1,-1,-1,-1,-1,-1,-1,-1,-1,-1,-1,-1,-1,-1,0.0118992232997077,0.312611868213796,-0.117385598717854,-1,-1,-1,-1,-1,-1,-1,-1,-1,-1,-1,-1,-1,-1,-1,-1,-1,-1,-1,-1,-1,-1,-1,-1,-1,-1,-1,-1,-1
2386,1,-1,-1,-1,-1,-1,-1,-1,-1,-1,-1,-1,-1,-1,-0.397940008672038,-1,-1,-1,-1,-1,-1,-1,-1,-1,-1,-1,-1,-1,-1,-1,-1,-1,-1,-1,-1,-1,-1,-1,-1,-1,-1,-1,-1,-1,-1,-1
2385,1,-1,-1,-1,-1,-1,-1,-1,-1,-1,-1,-1,-1,-1,0.301029995663981,0.574031267727719,0.531478917042255,-1,-1,-1,-1,-1,-1,-1,-1,-1,-1,-1,-1,-1,-1,-1,-1,-1,-1,-1,-1,-1,-1,-1,-1,-1,-1,-1,-1,-1
2384,1,-1,-1,-1,-1,-1,-1,-1,-1,-1,-1,-1,-1,-1,0.275222732057696,0.0951337549822533,-0.0219018414478298,-1,-1,-1,-1,-1,-1,-1,-1,-1,-1,-1,-1,-1,-1,-1,-1,-1,-1,-1,-1,-1,-1,-1,-1,-1,-1,-1,-1,-1
2383,1,-1,-1,-1,-1,-1,-1,-1,-1,-1,-1,-1,-1,-1,1.49136169383427,0.794195615173501,-0.387930217717332,-1,-1,-1,-1,-1,-1,-1,-1,-1,-1,-1,-1,-1,-1,-1,-1,-1,-1,-1,-1,-1,-1,-1,-1,-1,-1,-1,-1,-1
2382,1,-1,-1,-1,-1,-1,-1,-1,-1,-1,-1,-1,-1,-1,-0.801632346233166,0.823908740944319,0.628388930050312,-1,-1,-1,-1,-1,-1,-1,-1,-1,-1,-1,-1,-1,-1,-1,-1,-1,-1,-1,-1,-1,-1,-1,-1,-1,-1,-1,-1,-1
2381,1,-1,-1,-1,-1,-1,-1,-1,-1,-1,-1,-1,-1,-1,0.375663613960885,0.553755311753407,-0.209259622308336,-1,-1,-1,-1,-1,-1,-1,-1,-1,-1,-1,-1,-1,-1,-1,-1,-1,-1,-1,-1,-1,-1,-1,-1,-1,-1,-1,-1,-1
2380,1,-1,-1,-1,-1,-1,-1,-1,-1,-1,-1,-1,-1,-1,1.24715461488113,0.802494041916459,0.188954948951931,-1,-1,-1,-1,-1,-1,-1,-1,-1,-1,-1,-1,-1,-1,-1,-1,-1,-1,-1,-1,-1,-1,-1,-1,-1,-1,-1,-1,-1
2379,1,-1,-1,-1,-1,-1,-1,-1,-1,-1,-1,-1,-1,-1,-0.204119982655925,0.447158031342219,0.422073688388757,-1,-1,-1,-1,-1,-1,-1,-1,-1,-1,-1,-1,-1,-1,-1,-1,-1,-1,-1,-1,-1,-1,-1,-1,-1,-1,-1,-1,-1
2378,1,-1,-1,-1,-1,-1,-1,-1,-1,-1,-1,-1,-1,-1,0.564271430438563,0.134698573897456,0.414973347970818,-1,-1,-1,-1,-1,-1,-1,-1,-1,-1,-1,-1,-1,-1,-1,-1,-1,-1,-1,-1,-1,-1,-1,-1,-1,-1,-1,-1,-1
2377,1,-1,-1,-1,-1,-1,-1,-1,-1,-1,-1,-1,-1,-1,-0.269315582486775,0.0832401025244924,-0.311249160845667,-1,-1,-1,-1,-1,-1,-1,-1,-1,-1,-1,-1,-1,-1,-1,-1,-1,-1,-1,-1,-1,-1,-1,-1,-1,-1,-1,-1,-1
2376,1,-1,-1,-1,-1,-1,-1,-1,-1,-1,-1,-1,-1,-1,-0.400564152498187,0.435728569561437,0.329058719264225,-1,-1,-1,-1,-1,-1,-1,-1,-1,-1,-1,-1,-1,-1,-1,-1,-1,-1,-1,-1,-1,-1,-1,-1,-1,-1,-1,-1,-1
2375,1,-1,-1,-1,-1,-1,-1,-1,-1,-1,-1,-1,-1,-1,-0.11069829749369,0.321551662808583,0.269872013673594,-1,-1,-1,-1,-1,-1,-1,-1,-1,-1,-1,-1,-1,-1,-1,-1,-1,-1,-1,-1,-1,-1,-1,-1,-1,-1,-1,-1,-1
2374,1,-1,-1,-1,-1,-1,-1,-1,-1,-1,-1,-1,-1,-1,-0.0434656937810903,-0.465840244309973,0.6494846412561,-1,-1,-1,-1,-1,-1,-1,-1,-1,-1,-1,-1,-1,-1,-1,-1,-1,-1,-1,-1,-1,-1,-1,-1,-1,-1,-1,-1,-1
2373,1,-1,-1,-1,-1,-1,-1,-1,-1,-1,-1,-1,-1,-1,-0.0846441417491269,-0.190056915192505,0.16166154363304,-1,-1,-1,-1,-1,-1,-1,-1,-1,-1,-1,-1,-1,-1,-1,-1,-1,-1,-1,-1,-1,-1,-1,-1,-1,-1,-1,-1,-1
21241,1,-1,-1,-0.458035398616793,-0.458035398616793,-0.0325177872352653,-0.0325177872352653,0.120696664089201,0.120696664089201,0.120696664089201,0.120696664089201,0.120696664089201,0.120696664089201,-2.09922790060373,0,0,0,0,0,0,0,0,0,0,0,0,0,0,0,0,-1,-1,-1,-1,-1,-1,-1,-1,-1,-1,-1,-1,-1,-1,-1,-1
21240,1,-1,-1,-0.583295241071364,-0.583295241071364,0.583295241071364,0.583295241071364,-0.194431747023788,-0.194431747023788,-0.194431747023788,-0.194431747023788,-0.194431747023788,-0.194431747023788,-1.1101322370068,0,0,0,0,0,0,0,0,0,0,0,0,0,0,0,0,-1,-1,-1,-1,-1,-1,-1,-1,-1,-1,-1,-1,-1,-1,-1,-1
21238,1,-1,-1,0.265608320531462,0.265608320531462,-0.265608320531462,-0.265608320531462,-0.209288070349748,-0.209288070349748,-0.209288070349748,-0.209288070349748,-0.209288070349748,-0.209288070349748,-0.613982038896541,0,0,0,0,0,0,0,0,0,0,0,0,0,0,0,0,-1,-1,-1,-1,-1,-1,-1,-1,-1,-1,-1,-1,-1,-1,-1,-1
19567,1,-1,-1,-1,0.166331421766525,-1,-1,-1,-1,-1,-1,-1,-1,-1,-1,-1,-1,-1,-1,-1,-1,-1,-1,-1,-1,-1,-1,-1,-1,-1,-1,-1,-1,-1,-1,-1,-1,-1,-1,-1,-1,-1,-1,-1,-1,-1
25610,1,-1,-1,-1,-1,-1,-1,-1,-1,-1,-1,-1,-1,-1,-1,-1,-1,-1,-1,-1,-1,-1,-1,-1,-1,-1,-1,-1,-1,-1,-1,-1,-1,-1,-0.280881210184254,-0.280881210184254,-0.280881210184254,-0.280881210184254,-0.280881210184253,-1,-1,-1,-1,-1,-1,-1
19553,1,-1,-1,-1,-2.00432137378264,-1,-1,-1,-1,-1,-1,-1,-1,-1,-1,-1,-1,-1,-1,-1,-1,-1,-1,-1,-1,-1,-1,-1,-1,-1,-1,-1,-1,-1,-1,-1,-1,-1,-1,-1,-1,-1,-1,-1,-1,-1
26476,1,-1,-1,-1,-1,-1,-1,-1,-1,-1,-1,-1,-1,-1,-1,-1,-1,-1,-1,-1,-1,-1,-1,-1,-1,-1,-1,-1,-1,-1,-1,-1,-1,-1,0.0513624336170047,0.0513624336170048,0.0513624336170047,0.0513624336170048,0.0513624336170047,-1,-1,-1,-1,-1,-1,-1
19552,1,-1,-1,-1,-0.1249387366083,-1,-1,-1,-1,-1,-1,-1,-1,-1,-1,-1,-1,-1,-1,-1,-1,-1,-1,-1,-1,-1,-1,-1,-1,-1,-1,-1,-1,-1,-1,-1,-1,-1,-1,-1,-1,-1,-1,-1,-1,-1
19551,1,-1,-1,-1,0.0763883458634547,-1,-1,-1,-1,-1,-1,-1,-1,-1,-1,-1,-1,-1,-1,-1,-1,-1,-1,-1,-1,-1,-1,-1,-1,-1,-1,-1,-1,-1,-1,-1,-1,-1,-1,-1,-1,-1,-1,-1,-1,-1
19511,1,-1,-1,-1,0,-1,-1,-1,-1,-1,-1,-1,-1,-1,-1,-1,-1,-1,-1,-1,-1,-1,-1,-1,-1,-1,-1,-1,-1,-1,-1,-1,-1,-1,-1,-1,-1,-1,-1,-1,-1,-1,-1,-1,-1,-1
21233,1,-1,-1,-1,-1,0.451560243769176,-0.56424661489775,-0.0381526738245988,-0.0381526738245988,-0.0381526738245987,-0.0381526738245989,0,0.0508702317661317,0.0508702317661318,0.0508702317661318,-0.0299934630369564,-0.0299934630369563,-0.0299934630369564,-0.0299934630369564,-0.0299934630369564,-0.0299934630369563,-0.0299934630369564,-0.0299934630369564,-0.0299934630369563,-0.0299934630369564,-0.0299934630369563,-0.0299934630369563,-0.0299934630369564,-0.758065153126427,-0.758065153126427,-1,-1,-1,-1,-1,-1,-1,-1,-1,-1,-1,-1,-1,-1,-1,-1
21230,1,-1,-1,-1,-1,0.204280187961065,-0.50990248084766,0,0,0,0,-0.542049392684234,-0.194131034057428,-0.194131034057428,-0.194131034057428,-0.00990814978650906,-0.00990814978650917,-0.00990814978650906,-0.00990814978650906,-0.00990814978650911,-0.00990814978650911,-0.00990814978650906,-0.00990814978650909,-0.00990814978650909,-0.00990814978650917,-0.00990814978650903,-0.00990814978650909,-0.00990814978650909,-0.355562795051814,-0.355562795051814,-1,-1,-1,-1,-1,-1,-1,-1,-1,-1,-1,-1,-1,-1,-1,-1
25663,1,-1,-1,-1,-1,-1,-0.0608089801338459,-0.0608089801338459,-0.0608089801338459,-0.0608089801338459,-0.060808980133846,-0.0608089801338459,-0.0608089801338459,-0.060808980133846,-0.060808980133846,-0.0608089801338459,-0.060808980133846,-0.0608089801338459,-0.0608089801338459,-0.0608089801338459,-0.0608089801338459,-0.0608089801338458,-0.060808980133846,-0.0608089801338461,-0.0608089801338458,-0.0608089801338459,-0.0608089801338458,-0.0608089801338462,-0.0608089801338458,-0.0608089801338458,-0.0608089801338458,-0.0608089801338463,-0.0608089801338458,-0.0608089801338458,-0.0608089801338458,-0.0608089801338461,-0.0608089801338458,-1,-1,-1,-1,-1,-1,-1,-1,-1
21248,1,-1,-1,-1,-1,-1,-0.0646555281865369,-0.0646555281865369,-0.0646555281865369,-0.0646555281865369,-0.0646555281865369,-0.0646555281865369,-0.0646555281865369,-0.0646555281865369,-0.0646555281865369,-0.0646555281865369,-0.0646555281865369,-0.0646555281865369,-0.0646555281865367,-0.0646555281865369,-0.0646555281865369,-0.0646555281865369,-0.0646555281865367,-0.0646555281865371,-0.0646555281865369,-0.0646555281865367,-0.0646555281865368,-0.064655528186537,-0.0646555281865369,-0.0646555281865367,-0.0646555281865368,-0.064655528186537,-0.0646555281865368,-0.0646555281865368,-0.0646555281865368,-0.064655528186537,-0.0646555281865368,-1,-1,-1,-1,-1,-1,-1,-1,-1
21244,1,-1,-1,-1,-1,-1,-0.0646555281865369,-0.0646555281865369,-0.0646555281865369,-0.0646555281865368,-0.0646555281865369,-0.0646555281865369,-0.0646555281865369,-0.0646555281865368,-0.0646555281865369,-0.0646555281865368,-0.064655528186537,-0.0646555281865368,-0.0646555281865368,-0.0646555281865368,-0.0646555281865369,-0.0646555281865367,-0.0646555281865369,-0.0646555281865371,-0.0646555281865367,-0.0646555281865369,-0.0646555281865367,-0.064655528186537,-0.0646555281865369,-0.0646555281865367,-0.0646555281865369,-0.0646555281865371,-0.0646555281865366,-0.0646555281865369,-0.0646555281865369,-0.0646555281865371,-0.0646555281865366,-1,-1,-1,-1,-1,-1,-1,-1,-1
25662,1,-1,-1,-1,-1,-1,-0.0646555281865369,-0.0646555281865369,-0.0646555281865368,-0.0646555281865368,-0.0646555281865369,-0.0646555281865368,-0.0646555281865369,-0.0646555281865368,-0.064655528186537,-0.0646555281865369,-0.0646555281865369,-0.0646555281865369,-0.0646555281865369,-0.0646555281865367,-0.064655528186537,-0.0646555281865367,-0.0646555281865367,-0.0646555281865371,-0.0646555281865369,-0.0646555281865369,-0.0646555281865366,-0.0646555281865371,-0.0646555281865369,-0.0646555281865369,-0.0646555281865366,-0.0646555281865371,-0.0646555281865369,-0.0646555281865366,-0.0646555281865369,-0.0646555281865371,-0.0646555281865369,-1,-1,-1,-1,-1,-1,-1,-1,-1
21242,1,-1,-1,-1,-1,-1,-0.0532795781182551,-0.0532795781182551,-0.0532795781182551,-0.0532795781182551,-0.0532795781182553,-0.0532795781182551,-0.0532795781182551,-0.0532795781182551,-0.0532795781182553,-0.0532795781182551,-0.0532795781182551,-0.0532795781182551,-0.0532795781182551,-0.0532795781182551,-0.0532795781182551,-0.0532795781182551,-0.0532795781182551,-0.0532795781182553,-0.0532795781182551,-0.0532795781182551,-0.0532795781182551,-0.0532795781182553,-0.053279578118255,-0.0532795781182551,-0.0532795781182551,-0.0532795781182553,-0.053279578118255,-0.0532795781182552,-0.0532795781182551,-0.0532795781182552,-0.0532795781182551,-1,-1,-1,-1,-1,-1,-1,-1,-1
25659,1,-1,-1,-1,-1,-1,-0.0646555281865369,-0.0646555281865369,-0.0646555281865368,-0.0646555281865368,-0.0646555281865369,-0.0646555281865368,-0.0646555281865369,-0.0646555281865368,-0.064655528186537,-0.0646555281865367,-0.0646555281865369,-0.0646555281865369,-0.0646555281865369,-0.0646555281865369,-0.0646555281865369,-0.0646555281865369,-0.0646555281865367,-0.0646555281865371,-0.0646555281865367,-0.0646555281865369,-0.0646555281865366,-0.0646555281865371,-0.0646555281865369,-0.0646555281865369,-0.0646555281865366,-0.0646555281865371,-0.0646555281865369,-0.0646555281865366,-0.0646555281865369,-0.0646555281865371,-0.0646555281865369,-1,-1,-1,-1,-1,-1,-1,-1,-1
25657,1,-1,-1,-1,-1,-1,-0.0646555281865369,-0.0646555281865369,-0.0646555281865369,-0.0646555281865369,-0.0646555281865369,-0.0646555281865369,-0.0646555281865369,-0.0646555281865369,-0.0646555281865369,-0.0646555281865369,-0.0646555281865369,-0.0646555281865369,-0.0646555281865369,-0.0646555281865369,-0.0646555281865369,-0.0646555281865369,-0.0646555281865369,-0.0646555281865371,-0.0646555281865366,-0.0646555281865369,-0.0646555281865369,-0.0646555281865369,-0.0646555281865369,-0.0646555281865369,-0.0646555281865369,-0.0646555281865369,-0.0646555281865369,-0.0646555281865369,-0.0646555281865369,-0.0646555281865369,-0.0646555281865369,-1,-1,-1,-1,-1,-1,-1,-1,-1
21249,1,-1,-1,-1,-1,-1,-0.0646555281865369,-0.0646555281865369,-0.0646555281865369,-0.0646555281865369,-0.0646555281865369,-0.0646555281865369,-0.0646555281865369,-0.0646555281865369,-0.0646555281865369,-0.0646555281865367,-0.064655528186537,-0.0646555281865367,-0.064655528186537,-0.0646555281865367,-0.064655528186537,-0.0646555281865369,-0.0646555281865367,-0.0646555281865371,-0.0646555281865367,-0.0646555281865368,-0.0646555281865368,-0.064655528186537,-0.0646555281865368,-0.0646555281865368,-0.0646555281865368,-0.064655528186537,-0.0646555281865368,-0.0646555281865369,-0.0646555281865367,-0.0646555281865371,-0.0646555281865367,-1,-1,-1,-1,-1,-1,-1,-1,-1
21252,1,-1,-1,-1,-1,-1,-0.0995248253599368,-0.099524825359937,-0.099524825359937,-0.0995248253599368,-0.099524825359937,-0.0995248253599369,-0.0995248253599369,-0.0995248253599369,-0.0995248253599371,-0.0995248253599368,-0.0995248253599371,-0.0995248253599368,-0.099524825359937,-0.0995248253599368,-0.099524825359937,-0.0995248253599369,-0.0995248253599368,-0.0995248253599372,-0.0995248253599367,-0.0995248253599369,-0.0995248253599369,-0.0995248253599372,-0.0995248253599369,-0.0995248253599366,-0.099524825359937,-0.0995248253599372,-0.0995248253599368,-0.0995248253599368,-0.099524825359937,-0.099524825359937,-0.099524825359937,-1,-1,-1,-1,-1,-1,-1,-1,-1
21247,1,-1,-1,-1,-1,-1,0.0103775580178702,0.0103775580178703,0.0103775580178703,0.0103775580178702,0.0103775580178703,0.0103775580178702,0.0103775580178703,0.0103775580178702,0.0103775580178703,0.0103775580178702,0.0103775580178703,0.0103775580178702,0.0103775580178702,0.0103775580178703,0.0103775580178702,0.0103775580178703,0.0103775580178702,0.0103775580178703,0.0103775580178702,0.0103775580178703,0.0103775580178702,0.0103775580178703,0.0103775580178702,0.0103775580178702,0.0103775580178703,0.0103775580178702,0.0103775580178703,0.0103775580178702,0.0103775580178703,0.0103775580178703,0.0103775580178702,-1,-1,-1,-1,-1,-1,-1,-1,-1
21251,1,-1,-1,-1,-1,-1,-0.0256736835555873,-0.0256736835555873,-0.0256736835555872,-0.0256736835555874,-0.0256736835555872,-0.0256736835555873,-0.0256736835555873,-0.0256736835555872,-0.0256736835555873,-0.0256736835555872,-0.0256736835555873,-0.0256736835555872,-0.0256736835555872,-0.0256736835555874,-0.0256736835555872,-0.0256736835555873,-0.0256736835555872,-0.0256736835555873,-0.0256736835555872,-0.0256736835555873,-0.0256736835555872,-0.0256736835555873,-0.0256736835555872,-0.0256736835555873,-0.0256736835555872,-0.0256736835555874,-0.0256736835555872,-0.0256736835555873,-0.0256736835555873,-0.0256736835555873,-0.0256736835555872,-1,-1,-1,-1,-1,-1,-1,-1,-1
21246,1,-1,-1,-1,-1,-1,0.0118701314732426,0.0118701314732427,0.0118701314732427,0.0118701314732426,0.0118701314732427,0.0118701314732426,0.0118701314732427,0.0118701314732426,0.0118701314732427,0.0118701314732427,0.0118701314732426,0.0118701314732427,0.0118701314732426,0.0118701314732426,0.0118701314732427,0.0118701314732427,0.0118701314732427,0.0118701314732427,0.0118701314732426,0.0118701314732427,0.0118701314732427,0.0118701314732427,0.0118701314732427,0.0118701314732426,0.0118701314732427,0.0118701314732427,0.0118701314732426,0.0118701314732427,0.0118701314732426,0.0118701314732428,0.0118701314732426,-1,-1,-1,-1,-1,-1,-1,-1,-1
21250,1,-1,-1,-1,-1,-1,0.0121999476314089,0.0121999476314089,0.012199947631409,0.0121999476314089,0.0121999476314089,0.0121999476314089,0.0121999476314089,0.0121999476314089,0.0121999476314089,0.0121999476314089,0.0121999476314089,0.012199947631409,0.0121999476314089,0.012199947631409,0.0121999476314089,0.0121999476314089,0.012199947631409,0.012199947631409,0.0121999476314089,0.0121999476314089,0.012199947631409,0.0121999476314089,0.012199947631409,0.0121999476314089,0.012199947631409,0.0121999476314089,0.012199947631409,0.0121999476314089,0.0121999476314089,0.012199947631409,0.0121999476314089,-1,-1,-1,-1,-1,-1,-1,-1,-1
21245,1,-1,-1,-1,-1,-1,0.0284917972227801,0.0284917972227802,0.02849179722278,0.0284917972227801,0.0284917972227801,0.0284917972227801,0.0284917972227801,0.0284917972227801,0.0284917972227801,0.0284917972227801,0.0284917972227801,0.0284917972227801,0.0284917972227801,0.0284917972227801,0.0284917972227801,0.0284917972227801,0.0284917972227801,0.0284917972227803,0.0284917972227801,0.0284917972227801,0.0284917972227801,0.0284917972227802,0.0284917972227801,0.0284917972227802,0.0284917972227799,0.0284917972227802,0.0284917972227801,0.0284917972227802,0.0284917972227801,0.0284917972227802,0.0284917972227801,-1,-1,-1,-1,-1,-1,-1,-1,-1
21243,1,-1,-1,-1,-1,-1,-0.0646555281865369,-0.0646555281865371,-0.0646555281865366,-0.0646555281865369,-0.0646555281865371,-0.0646555281865366,-0.0646555281865369,-0.0646555281865369,-0.0646555281865371,-0.0646555281865366,-0.0646555281865371,-0.0646555281865366,-0.064655528186537,-0.0646555281865367,-0.064655528186537,-0.0646555281865367,-0.0646555281865369,-0.0646555281865371,-0.0646555281865367,-0.0646555281865368,-0.0646555281865368,-0.064655528186537,-0.0646555281865368,-0.0646555281865368,-0.0646555281865368,-0.064655528186537,-0.0646555281865368,-0.0646555281865368,-0.0646555281865368,-0.064655528186537,-0.0646555281865368,-1,-1,-1,-1,-1,-1,-1,-1,-1
263,1,-1,-1,-1,-1,-1,-0.0119224005717911,-0.0119224005717906,-0.0119224005717911,-0.0119224005717911,-0.0119224005717906,-0.0119224005717911,-0.0119224005717911,-0.0119224005717906,-0.0119224005717911,-0.0119224005717911,-0.0119224005717906,-0.0119224005717911,-0.0119224005717911,-0.0119224005717906,-0.0119224005717911,-0.0119224005717911,-0.0119224005717906,-0.0119224005717911,-0.0119224005717906,-0.0119224005717911,-1,-1,-1,-1,-1,-1,-1,-1,-1,-1,-1,-1,-1,-1,-1,-1,-1,-1,-1,-1
25461,1,-1,-1,-1,-1,-1,-1,-1,-0.0572663249652183,-0.0572663249652183,-0.0572663249652184,-0.0572663249652183,-0.0572663249652183,-0.0572663249652184,-0.0572663249652183,-0.0572663249652183,-0.0572663249652183,-0.0572663249652184,-0.0572663249652184,-0.0572663249652184,-0.0572663249652183,-0.0572663249652184,-0.0572663249652183,-0.0572663249652184,-0.0572663249652184,-0.0572663249652183,-0.0572663249652184,-0.0572663249652184,-0.0572663249652183,-0.0572663249652184,-0.0572663249652184,-0.0572663249652183,-0.0572663249652184,-0.0572663249652184,-0.0572663249652183,-0.0572663249652183,-0.0572663249652184,-0.0572663249652181,-0.0572663249652184,-0.0572663249652183,-0.0572663249652183,-0.0572663249652186,-0.0572663249652183,-1,-1,-1
21261,1,-1,-1,-1,-1,-1,-1,-1,-1,-1,-1,-1,0.193569614520935,0.193569614520935,0.193569614520935,0.193569614520936,0.193569614520935,0.193569614520935,0.193569614520936,0.193569614520935,-0.364640319599845,-1,-1,-1,-1,-1,-1,-1,-1,-1,-1,-1,-1,-1,-1,-1,-1,-1,-1,-1,-1,-1,-1,-1,-1,-1
25460,1,-1,-1,-1,-1,-1,-1,-1,-0.0100623576603245,-0.0100623576603247,-0.0100623576603247,-0.0100623576603245,-0.0100623576603247,-0.0100623576603247,-0.0100623576603247,-0.0100623576603247,-0.0100623576603245,-0.0100623576603247,-0.0100623576603247,-0.0100623576603245,-0.0100623576603247,-0.0100623576603247,-0.0100623576603247,-0.0100623576603245,-0.0100623576603247,-0.0100623576603247,-0.0100623576603247,-0.0100623576603245,-0.0100623576603247,-0.0100623576603245,-0.0100623576603247,-0.0100623576603247,-0.0100623576603245,-0.0100623576603248,-0.0100623576603246,-0.0100623576603247,-0.0100623576603247,-0.0100623576603245,-0.0100623576603247,-0.0100623576603247,-0.0100623576603246,-0.0100623576603246,-0.0100623576603247,-1,-1,-1
21260,1,-1,-1,-1,-1,-1,-1,-1,-1,-1,-1,-1,0.0680085055437845,0.0680085055437845,0.0680085055437845,0.0680085055437845,0.0680085055437845,0.0680085055437845,0.0680085055437845,0.0680085055437845,-0.31231100607367,-1,-1,-1,-1,-1,-1,-1,-1,-1,-1,-1,-1,-1,-1,-1,-1,-1,-1,-1,-1,-1,-1,-1,-1,-1
25459,1,-1,-1,-1,-1,-1,-1,-1,-0.00281389717837155,-0.00281389717837177,-0.00281389717837177,-0.00281389717837177,-0.00281389717837177,-0.00281389717837177,-0.00281389717837177,-0.00281389717837177,-0.00281389717837177,-0.00281389717837177,-0.00281389717837177,-0.00281389717837177,-0.00281389717837177,-0.00281389717837177,-0.00281389717837177,-0.00281389717837155,-0.00281389717837199,-0.00281389717837155,-0.00281389717837177,-0.00281389717837177,-0.00281389717837177,-0.00281389717837177,-0.00281389717837177,-0.00281389717837177,-0.00281389717837177,-0.00281389717837177,-0.00281389717837177,-0.00281389717837177,-0.00281389717837177,-0.00281389717837177,-0.00281389717837155,-0.00281389717837177,-0.00281389717837177,-0.00281389717837177,-0.00281389717837177,-1,-1,-1
21259,1,-1,-1,-1,-1,-1,-1,-1,-1,-1,-1,-1,-0.0940691040510813,-0.0940691040510813,-0.0940691040510813,-0.0940691040510813,-0.0940691040510813,-0.0940691040510813,-0.0940691040510813,-0.0940691040510815,0.294399416764968,-1,-1,-1,-1,-1,-1,-1,-1,-1,-1,-1,-1,-1,-1,-1,-1,-1,-1,-1,-1,-1,-1,-1,-1,-1
8927,1,-1,-1,-1,-1,-1,-1,-1,-1,-1,-1,-1,-1,-1,-2.00432137378264,-1,-1,-1,-1,-1,-1,-1,-1,-1,-1,-1,-1,-1,-1,-1,-1,-1,-1,-1,-1,-1,-1,-1,-1,-1,-1,-1,-1,-1,-1,-1
8926,1,-1,-1,-1,-1,-1,-1,-1,-1,-1,-1,-1,-1,-1,0.276677064363124,-1,-1,-1,-1,-1,-1,-1,-1,-1,-1,-1,-1,-1,-1,-1,-1,-1,-1,-1,-1,-1,-1,-1,-1,-1,-1,-1,-1,-1,-1,-1
10840,1,-1,-1,-1,-1,-1,-1,-1,-1,-1,-1,-1,-1,-1,-1,-1,-0.0216873297599847,-0.0216873297599847,-0.0216873297599847,-0.0216873297599847,-0.0216873297599847,-0.0216873297599846,-0.0216873297599848,-0.0216873297599846,-0.0216873297599848,-0.0216873297599846,-0.0216873297599847,-0.0216873297599848,-0.0216873297599846,-0.0216873297599847,-0.0216873297599847,-0.0216873297599847,-0.0216873297599847,-0.0216873297599847,-0.0216873297599847,-0.0216873297599847,-0.0216873297599847,-0.0216873297599847,-1,-1,-1,-1,-1,-1,-1,-1
8925,1,-1,-1,-1,-1,-1,-1,-1,-1,-1,-1,-1,-1,-1,-0.572760874265025,-1,-1,-1,-1,-1,-1,-1,-1,-1,-1,-1,-1,-1,-1,-1,-1,-1,-1,-1,-1,-1,-1,-1,-1,-1,-1,-1,-1,-1,-1,-1
10835,1,-1,-1,-1,-1,-1,-1,-1,-1,-1,-1,-1,-1,-1,-1,-1,0.00247080283284512,0.00247080283284518,0.00247080283284506,0.00247080283284512,0.00247080283284512,0.00247080283284512,0.00247080283284512,0.00247080283284512,0.00247080283284518,0.00247080283284512,0.00247080283284512,0.00247080283284506,0.00247080283284518,0.00247080283284506,0.00247080283284518,0.00247080283284506,0.00247080283284518,0.00247080283284512,0.00247080283284501,0.00247080283284518,0.00247080283284506,0.00247080283284523,-1,-1,-1,-1,-1,-1,-1,-1
10834,1,-1,-1,-1,-1,-1,-1,-1,-1,-1,-1,-1,-1,-1,-1,-1,0.00992021024306963,0.00992021024306954,0.00992021024306963,0.00992021024306954,0.00992021024306965,0.0099202102430696,0.00992021024306963,0.00992021024306955,0.00992021024306958,0.00992021024306963,0.0099202102430696,0.00992021024306952,0.0099202102430696,0.0099202102430696,0.00992021024306958,0.00992021024306963,0.00992021024306963,0.0099202102430696,0.00992021024306955,0.0099202102430696,0.0099202102430696,0.0099202102430696,-1,-1,-1,-1,-1,-1,-1,-1
10832,1,-1,-1,-1,-1,-1,-1,-1,-1,-1,-1,-1,-1,-1,-1,-1,0.0342711757211437,0.0342711757211436,0.0342711757211437,0.0342711757211436,0.0342711757211436,0.0342711757211437,0.0342711757211436,0.0342711757211437,0.0342711757211437,0.0342711757211436,0.0342711757211436,0.0342711757211436,0.0342711757211437,0.0342711757211437,0.0342711757211436,0.0342711757211436,0.0342711757211437,0.0342711757211437,0.0342711757211437,0.0342711757211435,0.0342711757211438,0.0342711757211436,-1,-1,-1,-1,-1,-1,-1,-1
8693,1,-1,-1,-1,-1,-1,-1,-1,-1,-1,-1,-1,-1,-1,-1,-0.0644677996481502,-0.0644677996481502,-0.0644677996481502,-0.0644677996481502,-0.0644677996481502,-0.0644677996481502,-0.0644677996481502,0.0278893022320974,0.0278893022320975,0.0278893022320976,0.0278893022320974,0.0278893022320975,0.0278893022320974,0.0278893022320976,0.0278893022320974,0.0278893022320976,0.0278893022320974,0.0278893022320976,-0.0212333937341791,-0.0212333937341791,-0.0212333937341789,-0.0212333937341791,-1,-1,-1,-1,-1,-1,-1,-1,-1
10917,1,-1,-1,-1,-1,-1,-1,-1,-1,-1,-1,-1,-1,-1,-1,-1,0.00127742880364279,0.00127742880364301,0.0012774288036429,0.00127742880364279,0.00127742880364301,0.0012774288036429,0.0012774288036429,0.0012774288036429,0.0012774288036429,0.00127742880364279,-1,-1,-1,-1,-1,-1,-1,-1,-1,-1,-1,-1,-1,-1,-1,-1,-1,-1,-1,-1
10916,1,-1,-1,-1,-1,-1,-1,-1,-1,-1,-1,-1,-1,-1,-1,-1,-0.0894839911566521,-0.0894839911566521,-0.0894839911566521,-0.0894839911566521,-0.0894839911566521,-0.0894839911566521,-0.089483991156652,-0.0894839911566521,-0.089483991156652,-0.0894839911566521,-1,-1,-1,-1,-1,-1,-1,-1,-1,-1,-1,-1,-1,-1,-1,-1,-1,-1,-1,-1
10935,1,-1,-1,-1,-1,-1,-1,-1,-1,-1,-1,-1,-1,-1,-1,-1,-1,-1,-1,-1,-1,-1,-1,-1,-1,-1,-1,-1,-1,-1,-1,-1,-1,-1,-1,-1,-1,-1,-0.105469824704715,-1,-1,-1,-1,-1,-1,-1
10846,1,-1,-1,-1,-1,-1,-1,-1,-1,-1,-1,-1,-1,-1,-1,-1,-0.0555632399413024,-0.0555632399413022,-0.0555632399413022,-0.0555632399413024,-0.0555632399413023,-0.0555632399413023,-0.0555632399413023,-0.0555632399413023,-0.0555632399413024,-0.0555632399413021,-0.0555632399413024,-0.0555632399413023,-0.0555632399413024,-0.0555632399413022,-0.0555632399413022,-0.0555632399413024,-0.0555632399413022,-0.0555632399413024,-0.0555632399413022,-0.0555632399413024,-0.0555632399413023,-0.0555632399413022,-1,-1,-1,-1,-1,-1,-1,-1
10845,1,-1,-1,-1,-1,-1,-1,-1,-1,-1,-1,-1,-1,-1,-1,-1,-1,-0.0070409981811701,-0.0070409981811701,-0.00704099818117032,-0.0070409981811701,-0.0070409981811701,-0.0070409981811701,-0.00704099818117032,-0.0070409981811701,-0.0070409981811701,-0.0070409981811701,-0.0070409981811701,-0.0070409981811701,-0.00704099818117032,-0.0070409981811701,-0.0070409981811701,-0.0070409981811701,-0.00704099818117032,-0.0070409981811701,-0.00704099818116988,-0.00704099818117032,-0.0070409981811701,-1,-1,-1,-1,-1,-1,-1,-1
10844,1,-1,-1,-1,-1,-1,-1,-1,-1,-1,-1,-1,-1,-1,-1,-1,-0.00761323124062563,-0.00761323124062561,-0.00761323124062559,-0.00761323124062566,-0.00761323124062563,-0.0076132312406256,-0.00761323124062562,-0.00761323124062562,-0.00761323124062564,-0.00761323124062563,-0.0076132312406256,-0.00761323124062561,-0.00761323124062561,-0.00761323124062561,-0.00761323124062561,-0.00761323124062563,-0.0076132312406256,-0.00761323124062566,-0.0076132312406256,-0.00761323124062563,-0.00761323124062563,-0.00761323124062563,-1,-1,-1,-1,-1,-1,-1,-1
10843,1,-1,-1,-1,-1,-1,-1,-1,-1,-1,-1,-1,-1,-1,-1,-1,0.011276996385281,0.0112769963852811,0.011276996385281,0.0112769963852811,0.011276996385281,0.0112769963852811,0.011276996385281,0.011276996385281,0.0112769963852809,0.0112769963852811,0.011276996385281,0.011276996385281,0.0112769963852811,0.011276996385281,0.011276996385281,0.011276996385281,0.011276996385281,0.0112769963852811,0.011276996385281,0.0112769963852811,0.011276996385281,0.011276996385281,-1,-1,-1,-1,-1,-1,-1,-1
10842,1,-1,-1,-1,-1,-1,-1,-1,-1,-1,-1,-1,-1,-1,-1,-1,0.0393766972310998,0.0393766972310997,0.0393766972310997,0.0393766972310998,0.0393766972310997,0.0393766972310998,0.0393766972310998,0.0393766972310998,0.0393766972310998,0.0393766972310998,0.0393766972310998,0.0393766972310997,0.0393766972310999,0.0393766972310998,0.0393766972310997,0.0393766972310998,0.0393766972310998,0.0393766972310998,0.0393766972310997,0.0393766972310997,0.0393766972310999,0.0393766972310997,-1,-1,-1,-1,-1,-1,-1,-1
10839,1,-1,-1,-1,-1,-1,-1,-1,-1,-1,-1,-1,-1,-1,-1,-1,-0.0317713638334555,-0.0317713638334554,-0.0317713638334555,-0.0317713638334554,-0.0317713638334555,-0.0317713638334552,-0.0317713638334555,-0.0317713638334554,-0.0317713638334555,-0.0317713638334554,-0.0317713638334554,-0.0317713638334554,-0.0317713638334556,-0.0317713638334554,-0.0317713638334554,-0.0317713638334554,-0.0317713638334556,-0.0317713638334554,-0.0317713638334554,-0.0317713638334554,-0.0317713638334554,-0.0317713638334554,-1,-1,-1,-1,-1,-1,-1,-1
10837,1,-1,-1,-1,-1,-1,-1,-1,-1,-1,-1,-1,-1,-1,-1,-1,-0.0216873297599847,-0.0216873297599847,-0.0216873297599847,-0.0216873297599847,-0.0216873297599847,-0.0216873297599846,-0.0216873297599848,-0.0216873297599846,-0.0216873297599848,-0.0216873297599846,-0.0216873297599847,-0.0216873297599848,-0.0216873297599846,-0.0216873297599847,-0.0216873297599847,-0.0216873297599847,-0.0216873297599847,-0.0216873297599847,-0.0216873297599847,-0.0216873297599847,-0.0216873297599847,-0.0216873297599847,-1,-1,-1,-1,-1,-1,-1,-1
6241,1,-1,-1,-1,-1,-1,-1,-1,-1,-1,-1,-1,-1,-1,-1,-1,-1,-0.0554621874040891,-0.055462187404089,-0.0554621874040891,-0.055462187404089,-1,-1,-1,-1,-1,-1,-1,-1,-1,-1,-1,-1,-1,-1,-1,-1,-1,-1,-1,-1,-1,-1,-1,-1,-1
19561,1,-1,-1,-1,-1,-1,-1,-1,-1,-1,-1,-1,-1,-1,-1,-1,-1,-1,-1,-1,-1,-1,-1,-1,-1,-1,-1,-1,-0.290564561985816,-1,-1,-1,-1,-1,-1,-1,-1,-1,-1,-1,-1,-1,-1,-1,-1,-1
6238,1,-1,-1,-1,-1,-1,-1,-1,-1,-1,-1,-1,-1,-1,-1,-1,-1,-0.226617431910831,-0.226617431910831,-0.226617431910831,-0.226617431910831,-1,-1,-1,-1,-1,-1,-1,-1,-1,-1,-1,-1,-1,-1,-1,-1,-1,-1,-1,-1,-1,-1,-1,-1,-1
6237,1,-1,-1,-1,-1,-1,-1,-1,-1,-1,-1,-1,-1,-1,-1,-1,-1,-0.348174238314916,-0.348174238314917,-0.348174238314916,-0.348174238314917,-1,-1,-1,-1,-1,-1,-1,-1,-1,-1,-1,-1,-1,-1,-1,-1,-1,-1,-1,-1,-1,-1,-1,-1,-1
6211,1,-1,-1,-1,-1,-1,-1,-1,-1,-1,-1,-1,-1,-1,-1,-1,-1,-0.124001649720009,-0.124001649720009,-0.124001649720009,-0.124001649720009,-1,-1,-1,-1,-1,-1,-1,-1,-1,-1,-1,-1,-1,-1,-1,-1,-1,-1,-1,-1,-1,-1,-1,-1,-1
19732,1,-1,-1,-1,-1,-1,-1,-1,-1,-1,-1,-1,-1,-1,-1,-1,-1,-1,-0.0767659748277776,0.00754054925950043,0.132260881878002,0.210198357756884,0.17420408807329,0.0304428811150115,-0.14268927158052,-0.251129327581661,-1,-1,-1,-1,-1,-1,-1,-1,-1,-1,-1,-1,-1,-1,-1,-1,-1,-1,-1,-1
6220,1,-1,-1,-1,-1,-1,-1,-1,-1,-1,-1,-1,-1,-1,-1,-1,-1,-1,-0.116969489819732,-0.030945522515432,0.0968340932713325,0.17813463861833,0.144764687318357,0.00243957556647345,-0.170222186531759,-0.278620125908315,-1,-1,-1,-1,-1,-1,-1,-1,-1,-1,-1,-1,-1,-1,-1,-1,-1,-1,-1,-1
19737,1,-1,-1,-1,-1,-1,-1,-1,-1,-1,-1,-1,-1,-1,-1,-1,-1,-1,-1,-1,-0.0713559085356683,0.169085901834274,0.169085901834274,0.0720026614205014,-0.266267889404769,-0.176091259055681,-1,-1,-1,-1,-1,-1,-1,-1,-1,-1,-1,-1,-1,-1,-1,-1,-1,-1,-1,-1
19735,1,-1,-1,-1,-1,-1,-1,-1,-1,-1,-1,-1,-1,-1,-1,-1,-1,-1,-1,-1,-0.0107238653917732,0.217683253306331,0.217683253306331,-0.0331051241579812,-0.112226771092162,-0.0997029131922265,-1,-1,-1,-1,-1,-1,-1,-1,-1,-1,-1,-1,-1,-1,-1,-1,-1,-1,-1,-1
7837,1,-1,-1,-1,-1,-1,-1,-1,-1,-1,-1,-1,-1,-1,-1,-1,-1,-1,-1,-1,-1,-0.0474979445952035,-0.0480064986781807,-0.0479304592987044,-0.0462006308283813,-0.0428533857040772,-0.0384807834880534,-0.0329171127268164,-0.0251882021466072,-0.0150398098333877,-0.00414420691987938,0.00470938692715439,0.00976052160929997,0.0115230356344709,0.0119601498403783,0.0126425266598023,0.0137417483634268,0.0145431523433823,-1,-1,-1,-1,-1,-1,-1,-1
7832,1,-1,-1,-1,-1,-1,-1,-1,-1,-1,-1,-1,-1,-1,-1,-1,-1,-1,-1,-1,-1,-0.127189066524859,-0.113638518428199,-0.0857206911527471,-0.0466163399039734,-0.00196292952682664,0.0423045815317027,0.0805460008702228,0.107194062908303,0.117158122868456,0.107971179909737,0.0830235311462446,0.0503846427570336,0.0147517651598674,-0.011525553066412,-0.0211352111341747,-0.0157075608284114,-0.00805200188234734,-1,-1,-1,-1,-1,-1,-1,-1
11508,1,-1,-1,-1,-1,-1,-1,-1,-1,-1,-1,-1,-1,-1,-1,-1,-1,-1,-1,-1,-1,-1,-1,-1,-1,-1,-1,-1,-1,0.220348594473948,-1,-1,-1,-1,-1,-1,-1,-1,-1,-1,-1,-1,-1,-1,-1,-1
11498,1,-1,-1,-1,-1,-1,-1,-1,-1,-1,-1,-1,-1,-1,-1,-1,-1,-1,-1,-1,-1,-1,-1,-1,-1,-1,-1,-1,-1,0.0419996656649999,-1,-1,-1,-1,-1,-1,-1,-1,-1,-1,-1,-1,-1,-1,-1,-1
18730,1,-1,-1,-1,-1,-1,-1,-1,-1,-1,-1,-1,-1,-1,-1,-1,-1,-1,0.0231735507959561,0.0231735507959562,0.0231735507959562,0.023173550795956,0.0231735507959562,0.0231735507959562,0.0231735507959561,-0.102624743898447,-0.102624743898447,0.0448053871332785,0.0448053871332785,-0.0738013606221218,-0.0738013606221219,-1,-1,-1,-1,-1,-1,-1,-1,-1,-1,-1,-1,-1,-1,-1
18666,1,-1,-1,-1,-1,-1,-1,-1,-1,-1,-1,-1,-1,-1,-1,-1,-1,-1,0.033908702256372,0.033908702256372,0.033908702256372,0.0339087022563719,0.033908702256372,0.0339087022563719,0.033908702256372,-0.082405124322996,-0.0824051243229961,0,0,0.114239664257685,0.114239664257685,-1,-1,-1,-1,-1,-1,-1,-1,-1,-1,-1,-1,-1,-1,-1
18665,1,-1,-1,-1,-1,-1,-1,-1,-1,-1,-1,-1,-1,-1,-1,-1,-1,-1,0.00851224142632057,0.00851224142632057,0.00851224142632057,0.00851224142632057,0.00851224142632057,0.00851224142632057,0.00851224142632068,-0.0880456295278407,-0.0880456295278406,-0.00851666964939024,-0.00851666964939013,0.112654640862931,0.112654640862931,-1,-1,-1,-1,-1,-1,-1,-1,-1,-1,-1,-1,-1,-1,-1
10923,1,-1,-1,-1,-1,-1,-1,-1,-1,-1,-1,-1,-1,-1,-1,-1,-1,-1,-1,0.164810248645992,-1,-1,-1,-1,-1,-1,-1,-1,-1,-1,-1,-1,-1,-1,-1,-1,-1,-1,-1,-1,-1,-1,-1,-1,-1,-1
10922,1,-1,-1,-1,-1,-1,-1,-1,-1,-1,-1,-1,-1,-1,-1,-1,-1,-1,-1,-0.68847294995946,-1,-1,-1,-1,-1,-1,-1,-1,-1,-1,-1,-1,-1,-1,-1,-1,-1,-1,-1,-1,-1,-1,-1,-1,-1,-1
10921,1,-1,-1,-1,-1,-1,-1,-1,-1,-1,-1,-1,-1,-1,-1,-1,-1,-1,-1,-0.2498774732166,-1,-1,-1,-1,-1,-1,-1,-1,-1,-1,-1,-1,-1,-1,-1,-1,-1,-1,-1,-1,-1,-1,-1,-1,-1,-1
10920,1,-1,-1,-1,-1,-1,-1,-1,-1,-1,-1,-1,-1,-1,-1,-1,-1,-1,-1,-0.127678773974329,-1,-1,-1,-1,-1,-1,-1,-1,-1,-1,-1,-1,-1,-1,-1,-1,-1,-1,-1,-1,-1,-1,-1,-1,-1,-1
10919,1,-1,-1,-1,-1,-1,-1,-1,-1,-1,-1,-1,-1,-1,-1,-1,-1,-1,-1,-0.107375446686221,-1,-1,-1,-1,-1,-1,-1,-1,-1,-1,-1,-1,-1,-1,-1,-1,-1,-1,-1,-1,-1,-1,-1,-1,-1,-1
10918,1,-1,-1,-1,-1,-1,-1,-1,-1,-1,-1,-1,-1,-1,-1,-1,-1,-1,-1,0.0163904161881693,-1,-1,-1,-1,-1,-1,-1,-1,-1,-1,-1,-1,-1,-1,-1,-1,-1,-1,-1,-1,-1,-1,-1,-1,-1,-1
21262,1,-1,-1,-1,-1,-1,-1,-1,-1,-1,-1,-1,-1,-1,-1,-1,-1,-1,-1,-1,0.32735893438633,-1,-1,-1,-1,-1,-1,-1,-1,-1,-1,-1,-1,-1,-1,-1,-1,-1,-1,-1,-1,-1,-1,-1,-1,-1
7836,1,-1,-1,-1,-1,-1,-1,-1,-1,-1,-1,-1,-1,-1,-1,-1,-1,-1,-1,-1,-1,-0.103549744290742,-0.104264803152255,-0.105602467059352,-0.107220987169475,-0.108739589556703,-0.109976956069417,-0.111025518844292,-0.112110211701754,-0.113320209032667,-0.11444289649933,-0.115104379818273,-1,-1,-1,-1,-1,-1,-1,-1,-1,-1,-1,-1,-1,-1
7833,1,-1,-1,-1,-1,-1,-1,-1,-1,-1,-1,-1,-1,-1,-1,-1,-1,-1,-1,-1,-1,-0.24785521368748,-0.189464150865675,-0.0908433450681865,0.00609123510167775,0.0667351395696842,0.0865892732800182,0.0865510063042305,0.0914060664350895,0.111456270300719,0.139650143661835,0.161665681870928,0.167833711949956,0.158427789438383,0.141627469869032,0.126707217714844,0.116125501435417,0.111505282069493,-1,-1,-1,-1,-1,-1,-1,-1
7835,1,-1,-1,-1,-1,-1,-1,-1,-1,-1,-1,-1,-1,-1,-1,-1,-1,-1,-1,-1,-1,-0.000632121144775066,-0.000632121146403097,-0.000632121149447107,-0.000632121153332221,-0.00063212115760658,-0.000632121161914467,-0.000632121165659916,-0.000632121168158584,-0.000632121169238609,-0.000632121169446664,-1,-1,-1,-1,-1,-1,-1,-1,-1,-1,-1,-1,-1,-1,-1
7834,1,-1,-1,-1,-1,-1,-1,-1,-1,-1,-1,-1,-1,-1,-1,-1,-1,-1,-1,-1,-1,-0.0937071784828669,-0.0910680104975949,-0.0868159714644363,-0.0812112075778817,-0.0722723178682221,-0.0590957517946107,-0.0456375313120061,-0.0382193634371459,-0.0385824977567162,-0.0416312867902748,-1,-1,-1,-1,-1,-1,-1,-1,-1,-1,-1,-1,-1,-1,-1
10938,1,-1,-1,-1,-1,-1,-1,-1,-1,-1,-1,-1,-1,-1,-1,-1,-1,-1,-1,-1,-1,-1,-1,-1,0.0520885022965261,-1,-1,-1,-1,-1,-1,-1,-1,-1,-1,-1,-1,-1,-1,-1,-1,-1,-1,-1,-1,-1
10531,1,-1,-1,-1,-1,-1,-1,-1,-1,-1,-1,-1,-1,-1,-1,-1,-1,-1,-1,-1,-1,-1,-1,-1,-1,-1,-0.413003755107914,0.150514997831991,0.150514997831991,0.0308139474142195,-0.0308139474142195,-0.0945281181100246,-0.0945281181100244,0.0377885608893997,0.170017111343488,-1,-1,-1,-1,-1,-1,-1,-1,-1,-1,-1
10393,1,-1,-1,-1,-1,-1,-1,-1,-1,-1,-1,-1,-1,-1,-1,-1,-1,-1,-1,-1,-1,-1,-1,-1,-1,-1,0.0204249547972204,0.0204249547959461,0.0204249547936033,0.0204249547911619,0.020424954789438,0.0204249547885329,0.0204249547879889,0.0204249547873308,0.0204249547865274,0.020424954785955,-1,-1,-1,-1,-1,-1,-1,-1,-1,-1
17651,1,-1,-1,-1,-1,-1,-1,-1,-1,-1,-1,-1,-1,-1,-1,-1,-1,-1,-1,-1,-1,-1,-1,-1,-1,-1,-1,-1,-1,-1,0.154889124770507,0.133553001919471,0.0917619843933282,0.0251087175764912,0.0634426441699156,0.0402518973782797,-1,-1,-1,-1,-1,-1,-1,-1,-1,-1
17650,1,-1,-1,-1,-1,-1,-1,-1,-1,-1,-1,-1,-1,-1,-1,-1,-1,-1,-1,-1,-1,-1,-1,-1,-1,-1,-1,-1,-1,-1,-1,-1,-1,0.47269731888198,0.21560644386351,0.323371956507455,-1,-1,-1,-1,-1,-1,-1,-1,-1,-1
11942,1,-1,-1,-1,-1,-1,-1,-1,-1,-1,-1,-1,-1,-1,-1,-1,-1,-1,-1,-1,-1,-1,-1,-1,-1,-1,-1,-0.0969100130080565,0.314393957221963,-0.0561159419789314,0.277964691595288,-1,-1,-1,-1,-1,-1,-1,-1,-1,-1,-1,-1,-1,-1,-1
10936,1,-1,-1,-1,-1,-1,-1,-1,-1,-1,-1,-1,-1,-1,-1,-1,-1,-1,-1,-1,-1,-1,-1,-1,-1,-1,-1,-0.201820094764344,0.0625555036646415,-1,-1,-1,-1,-1,-1,-1,-1,-1,-1,-1,-1,-1,-1,-1,-1,-1
25632,1,-1,-1,-1,-1,-1,-1,-1,-1,-1,-1,-1,-1,-1,-1,-1,-1,-1,-1,-1,-1,-1,-1,-1,-1,-1,-1,-1,-0.0241523397872774,-0.0241523397872776,-0.0843208857000359,-1,-1,-1,-1,-1,-1,-1,-1,-1,-1,-1,-1,-1,-1,-1
19793,1,-1,-1,-1,-1,-1,-1,-1,-1,-1,-1,-1,-1,-1,-1,-1,-1,-1,-1,-1,-1,-1,-1,-1,-1,-1,-1,-1,-0.169357876396713,-1,-1,-1,-1,-1,-1,-1,-1,-1,-1,-1,-1,-1,-1,-1,-1,-1
19577,1,-1,-1,-1,-1,-1,-1,-1,-1,-1,-1,-1,-1,-1,-1,-1,-1,-1,-1,-1,-1,-1,-1,-1,-1,-1,-1,-1,-0.0579919469776866,-1,-1,-1,-1,-1,-1,-1,-1,-1,-1,-1,-1,-1,-1,-1,-1,-1
19562,1,-1,-1,-1,-1,-1,-1,-1,-1,-1,-1,-1,-1,-1,-1,-1,-1,-1,-1,-1,-1,-1,-1,-1,-1,-1,-1,-1,-0.301029995663981,-1,-1,-1,-1,-1,-1,-1,-1,-1,-1,-1,-1,-1,-1,-1,-1,-1
7997,1,-1,-1,-1,-1,-1,-1,-1,-1,-1,-1,-1,-1,-1,-1,-1,-1,-1,-1,-1,-1,-1,-1,-1,-1,-1,-1,-1,0.494850021680094,-0.397940008672038,-0.397940008672038,0.261262868792493,0.613798394599206,-0.301029995663981,-0.34948500216801,-0.349485002168009,1.17609125905568,-0.282144651503607,-1,-1,-1,-1,-1,-1,-1,-1
7996,1,-1,-1,-1,-1,-1,-1,-1,-1,-1,-1,-1,-1,-1,-1,-1,-1,-1,-1,-1,-1,-1,-1,-1,-1,-1,-1,-1,-1,-1,-1,-1,-1,-1,-1,-1,0.790624666112507,0.42139521744845,-1,-1,-1,-1,-1,-1,-1,-1
7995,1,-1,-1,-1,-1,-1,-1,-1,-1,-1,-1,-1,-1,-1,-1,-1,-1,-1,-1,-1,-1,-1,-1,-1,-1,-1,-1,-1,-0.146128035678238,0.301029995663981,0.191730393362856,-0.0805799412401895,-0.412180447786648,-0.0263937486825414,-0.0263937486825419,-0.0263937486825414,0.491361693834273,-0.792391689498254,-1,-1,-1,-1,-1,-1,-1,-1
7994,1,-1,-1,-1,-1,-1,-1,-1,-1,-1,-1,-1,-1,-1,-1,-1,-1,-1,-1,-1,-1,-1,-1,-1,-1,-1,-1,-1,-0.0376287494579977,-0.0376287494579977,-0.0376287494579977,-0.0376287494579976,-0.0376287494579977,-0.0376287494579977,-0.0376287494579976,-0.0376287494579977,-1,-1,-1,-1,-1,-1,-1,-1,-1,-1
7993,1,-1,-1,-1,-1,-1,-1,-1,-1,-1,-1,-1,-1,-1,-1,-1,-1,-1,-1,-1,-1,-1,-1,-1,-1,-1,-1,-1,-1,-1,-1,-1,-1,0.132646669557346,0.132646669557346,0.132646669557346,-0.0969100130080565,0.193820026016113,-1,-1,-1,-1,-1,-1,-1,-1
7992,1,-1,-1,-1,-1,-1,-1,-1,-1,-1,-1,-1,-1,-1,-1,-1,-1,-1,-1,-1,-1,-1,-1,-1,-1,-1,-1,-1,0,-0.301029995663981,0,0,0,0,0.198970004336019,0.198970004336019,0.146128035678238,-1,-1,-1,-1,-1,-1,-1,-1,-1
7989,1,-1,-1,-1,-1,-1,-1,-1,-1,-1,-1,-1,-1,-1,-1,-1,-1,-1,-1,-1,-1,-1,-1,-1,-1,-1,-1,-1,-0.602059991327962,-0.349485002168009,-0.349485002168009,0,0.225772496747986,0.225772496747986,0.225772496747986,0.225772496747986,-1,-1,-1,-1,-1,-1,-1,-1,-1,-1
7988,1,-1,-1,-1,-1,-1,-1,-1,-1,-1,-1,-1,-1,-1,-1,-1,-1,-1,-1,-1,-1,-1,-1,-1,-1,-1,-1,-1,-1,0,-0.8750612633917,0.132646669557346,0.132646669557346,0.132646669557346,-0.198970004336019,-0.198970004336019,-1,-1,-1,-1,-1,-1,-1,-1,-1,-1
7987,1,-1,-1,-1,-1,-1,-1,-1,-1,-1,-1,-1,-1,-1,-1,-1,-1,-1,-1,-1,-1,-1,-1,-1,-1,-1,-1,-1,0.0668955545919958,0.0668955545919958,0.0668955545919958,0.0668955545919958,0.0668955545919959,0.0668955545919958,0.0668955545919958,0.0668955545919959,0.0668955545919958,-0.301029995663981,-1,-1,-1,-1,-1,-1,-1,-1
7986,1,-1,-1,-1,-1,-1,-1,-1,-1,-1,-1,-1,-1,-1,-1,-1,-1,-1,-1,-1,-1,-1,-1,-1,-1,-1,-1,-1,-1,-0.176091259055681,0.150514997831991,0.150514997831991,-0.259383750127881,-0.259383750127881,-0.259383750127881,0.602059991327962,-1,-1,-1,-1,-1,-1,-1,-1,-1,-1
7985,1,-1,-1,-1,-1,-1,-1,-1,-1,-1,-1,-1,-1,-1,-1,-1,-1,-1,-1,-1,-1,-1,-1,-1,-1,-1,-1,-1,0.0413425598672335,0.041342559867426,0.041342559867688,0.0413425598678185,0.0413425598676886,0.0413425598673354,0.0413425598669255,0.0413425598666273,0.0413425598664712,0.041342559866425,-1,-1,-1,-1,-1,-1,-1,-1
7984,1,-1,-1,-1,-1,-1,-1,-1,-1,-1,-1,-1,-1,-1,-1,-1,-1,-1,-1,-1,-1,-1,-1,-1,-1,-1,-1,-1,-1,-1,-1,-1,-1,-1,-1,-1,0.230992129056226,0.0688812894078128,-1,-1,-1,-1,-1,-1,-1,-1
7983,1,-1,-1,-1,-1,-1,-1,-1,-1,-1,-1,-1,-1,-1,-1,-1,-1,-1,-1,-1,-1,-1,-1,-1,-1,-1,-1,-1,-0.00631986938524531,-0.00621532526113966,-0.00710172996770275,-0.00984568454102996,-0.0139891639692762,-0.0182273752330444,-0.021691182879906,-0.0243662490329524,-0.0263814524239663,-0.0274942878232503,-1,-1,-1,-1,-1,-1,-1,-1
7981,1,-1,-1,-1,-1,-1,-1,-1,-1,-1,-1,-1,-1,-1,-1,-1,-1,-1,-1,-1,-1,-1,-1,-1,-1,-1,-1,-1,-1,-1,0.0880456295278407,0.0880456295278407,-0.150514997831991,-0.150514997831991,-0.0395906230238123,-0.0395906230238123,-0.301029995663981,-0.318758762624413,-1,-1,-1,-1,-1,-1,-1,-1
7980,1,-1,-1,-1,-1,-1,-1,-1,-1,-1,-1,-1,-1,-1,-1,-1,-1,-1,-1,-1,-1,-1,-1,-1,-1,-1,-1,-1,-0.325389341523426,0.1419983281826,0.1419983281826,0.146128035678238,-0.281699346671419,-0.281699346671419,-0.281699346671419,0.376576957056512,-0.376576957056512,0.397940008672038,-1,-1,-1,-1,-1,-1,-1,-1
7979,1,-1,-1,-1,-1,-1,-1,-1,-1,-1,-1,-1,-1,-1,-1,-1,-1,-1,-1,-1,-1,-1,-1,-1,-1,-1,-1,-1,0.332316624922431,0.294193593719853,0.222702392079214,0.137689124006236,0.0628630615481003,0.0127062272519169,-0.0126912341634535,-0.021987344112673,-0.0196261278664218,-0.0156361620226577,-1,-1,-1,-1,-1,-1,-1,-1
7978,1,-1,-1,-1,-1,-1,-1,-1,-1,-1,-1,-1,-1,-1,-1,-1,-1,-1,-1,-1,-1,-1,-1,-1,-1,-1,-1,-1,-0.0947444957782029,-0.0947444957781878,-0.0947444957782801,-0.094744495778553,-0.0947444957789021,-0.0947444957791106,-0.0947444957790349,-0.0947444957787572,-0.0947444957785233,-1,-1,-1,-1,-1,-1,-1,-1,-1
7977,1,-1,-1,-1,-1,-1,-1,-1,-1,-1,-1,-1,-1,-1,-1,-1,-1,-1,-1,-1,-1,-1,-1,-1,-1,-1,-1,-1,-1,-1,0.342364782610704,0.342364782610704,-0.29402281476392,-0.29402281476392,-0.29402281476392,-0.29402281476392,0.653212513775344,-0.8750612633917,-1,-1,-1,-1,-1,-1,-1,-1
7976,1,-1,-1,-1,-1,-1,-1,-1,-1,-1,-1,-1,-1,-1,-1,-1,-1,-1,-1,-1,-1,-1,-1,-1,-1,-1,-1,-1,0.40895073571534,0.251664084113365,0.0275216945791645,-0.126155880139581,-0.141168086556708,-0.0662699739480863,-0.0120645498037077,-0.0552964784138537,-0.18656148720372,-0.296740869225315,-1,-1,-1,-1,-1,-1,-1,-1
7975,1,-1,-1,-1,-1,-1,-1,-1,-1,-1,-1,-1,-1,-1,-1,-1,-1,-1,-1,-1,-1,-1,-1,-1,-1,-1,-1,-1,-1,-1,0.0663233347786729,0.0663233347786729,0.066323334778673,0.0663233347786729,0.066323334778673,0.0663233347786729,-1,-1,-1,-1,-1,-1,-1,-1,-1,-1
7973,1,-1,-1,-1,-1,-1,-1,-1,-1,-1,-1,-1,-1,-1,-1,-1,-1,-1,-1,-1,-1,-1,-1,-1,-1,-1,-1,-1,-0.271038126928457,-0.166656890355084,-0.0151607240023235,0.074787168434757,0.0199885813524532,-0.132237774208258,-0.193022024690554,0.00328365503872852,0.392842732261187,0.697886491967346,-1,-1,-1,-1,-1,-1,-1,-1
7972,1,-1,-1,-1,-1,-1,-1,-1,-1,-1,-1,-1,-1,-1,-1,-1,-1,-1,-1,-1,-1,-1,-1,-1,-1,-1,-1,-1,0.114400745168392,-0.676693609624867,0.176091259055681,0.176091259055681,-0.108868752295891,-0.108868752295891,-0.108868752295891,-0.108868752295891,-0.108868752295891,-0.108868752295891,-1,-1,-1,-1,-1,-1,-1,-1
7971,1,-1,-1,-1,-1,-1,-1,-1,-1,-1,-1,-1,-1,-1,-1,-1,-1,-1,-1,-1,-1,-1,-1,-1,-1,-1,-1,-1,0.494511701140444,0.403372973144053,0.18039576838997,-0.121493787956557,-0.328284821718512,-0.29365907720587,-0.0611404190555794,0.173919613708552,0.271522400275156,0.267940670314811,-1,-1,-1,-1,-1,-1,-1,-1
7970,1,-1,-1,-1,-1,-1,-1,-1,-1,-1,-1,-1,-1,-1,-1,-1,-1,-1,-1,-1,-1,-1,-1,-1,-1,-1,-1,-1,-1,-1,-1,-1,-1,-1,-1,-1,0.638489256954637,-0.763427993562937,-1,-1,-1,-1,-1,-1,-1,-1
25514,1,-1,-1,-1,-1,-1,-1,-1,-1,-1,-1,-1,-1,-1,-1,-1,-1,-1,-1,-1,-1,-1,-1,-1,-1,-1,-1,-1,-1,0.252186653394041,-1,-1,-1,-1,-1,-1,-1,-1,-1,-1,-1,-1,-1,-1,-1,-1
11511,1,-1,-1,-1,-1,-1,-1,-1,-1,-1,-1,-1,-1,-1,-1,-1,-1,-1,-1,-1,-1,-1,-1,-1,-1,-1,-1,-1,-1,0.207348952786123,-1,-1,-1,-1,-1,-1,-1,-1,-1,-1,-1,-1,-1,-1,-1,-1
11507,1,-1,-1,-1,-1,-1,-1,-1,-1,-1,-1,-1,-1,-1,-1,-1,-1,-1,-1,-1,-1,-1,-1,-1,-1,-1,-1,-1,-1,-0.564271430438563,-1,-1,-1,-1,-1,-1,-1,-1,-1,-1,-1,-1,-1,-1,-1,-1
11510,1,-1,-1,-1,-1,-1,-1,-1,-1,-1,-1,-1,-1,-1,-1,-1,-1,-1,-1,-1,-1,-1,-1,-1,-1,-1,-1,-1,-1,0.132237975349799,-1,-1,-1,-1,-1,-1,-1,-1,-1,-1,-1,-1,-1,-1,-1,-1
11506,1,-1,-1,-1,-1,-1,-1,-1,-1,-1,-1,-1,-1,-1,-1,-1,-1,-1,-1,-1,-1,-1,-1,-1,-1,-1,-1,-1,-1,-0.0998280160252687,-1,-1,-1,-1,-1,-1,-1,-1,-1,-1,-1,-1,-1,-1,-1,-1
11509,1,-1,-1,-1,-1,-1,-1,-1,-1,-1,-1,-1,-1,-1,-1,-1,-1,-1,-1,-1,-1,-1,-1,-1,-1,-1,-1,-1,-1,-0.101457640758777,-1,-1,-1,-1,-1,-1,-1,-1,-1,-1,-1,-1,-1,-1,-1,-1
11504,1,-1,-1,-1,-1,-1,-1,-1,-1,-1,-1,-1,-1,-1,-1,-1,-1,-1,-1,-1,-1,-1,-1,-1,-1,-1,-1,-1,-1,-0.529509324179351,-1,-1,-1,-1,-1,-1,-1,-1,-1,-1,-1,-1,-1,-1,-1,-1
11505,1,-1,-1,-1,-1,-1,-1,-1,-1,-1,-1,-1,-1,-1,-1,-1,-1,-1,-1,-1,-1,-1,-1,-1,-1,-1,-1,-1,-1,-0.826074802700826,-1,-1,-1,-1,-1,-1,-1,-1,-1,-1,-1,-1,-1,-1,-1,-1
11501,1,-1,-1,-1,-1,-1,-1,-1,-1,-1,-1,-1,-1,-1,-1,-1,-1,-1,-1,-1,-1,-1,-1,-1,-1,-1,-1,-1,-1,-0.720159303405957,-1,-1,-1,-1,-1,-1,-1,-1,-1,-1,-1,-1,-1,-1,-1,-1
7998,1,-1,-1,-1,-1,-1,-1,-1,-1,-1,-1,-1,-1,-1,-1,-1,-1,-1,-1,-1,-1,-1,-1,-1,-1,-1,-1,-1,-1,0.083546051450075,-0.602059991327962,0.349485002168009,0.349485002168009,-0.698970004336019,0.150514997831991,0.150514997831991,0.301029995663981,0.301029995663981,-1,-1,-1,-1,-1,-1,-1,-1
7991,1,-1,-1,-1,-1,-1,-1,-1,-1,-1,-1,-1,-1,-1,-1,-1,-1,-1,-1,-1,-1,-1,-1,-1,-1,-1,-1,-1,-1,-0.0260557723518364,-0.0260557723520135,-0.0260557723522961,-0.0260557723525489,-0.0260557723527244,-0.0260557723527559,-0.0260557723526536,-0.0260557723525076,-0.026055772352414,-1,-1,-1,-1,-1,-1,-1,-1
7990,1,-1,-1,-1,-1,-1,-1,-1,-1,-1,-1,-1,-1,-1,-1,-1,-1,-1,-1,-1,-1,-1,-1,-1,-1,-1,-1,-1,-1,-1,-1,0.155630250076729,0.155630250076729,0.155630250076729,0.155630250076729,0.155630250076729,-1,-1,-1,-1,-1,-1,-1,-1,-1,-1
25310,1,-1,-1,-1,-1,-1,-1,-1,-1,-1,-1,-1,-1,-1,-1,-1,-1,-1,-1,-1,-1,-1,-1,-1,-1,-1,-1,-1,-1,-1,0.168261618875279,-0.0961307933386809,0.215177173490468,-0.0739412020710017,-0.0739412020710017,0.172252618051873,-0.35649172460198,-0.35649172460198,-0.35649172460198,-0.35649172460198,-0.35649172460198,-0.35649172460198,0,-1,-1,-1
25311,1,-1,-1,-1,-1,-1,-1,-1,-1,-1,-1,-1,-1,-1,-1,-1,-1,-1,-1,-1,-1,-1,-1,-1,-1,-1,-1,-1,-1,-1,-1,-1,-1,-0.418559784516002,-0.582151899099481,-0.582151899099481,-0.582151899099481,0,-1,-1,-1,-1,-1,-1,-1,-1
7974,1,-1,-1,-1,-1,-1,-1,-1,-1,-1,-1,-1,-1,-1,-1,-1,-1,-1,-1,-1,-1,-1,-1,-1,-1,-1,-1,-1,-1,-1,0,0.698970004336019,-0.397940008672038,0.314002684340771,0.314002684340771,0.314002684340771,-0.544068044350276,-1,-1,-1,-1,-1,-1,-1,-1,-1
19510,1,-1,-1,-1,-1,-1,-1,-1,-1,-1,-1,-1,-1,-1,-1,-1,-1,-1,-1,-1,-1,-1,-1,-1,-1,-1,-1,-1,-1,-1,-1,-0.301029995663981,-1,-1,-1,-1,-1,-1,-1,-1,-1,-1,-1,-1,-1,-1
21265,1,-1,-1,-1,-1,-1,-1,-1,-1,-1,-1,-1,-1,-1,-1,-1,-1,-1,-1,-1,-1,-1,-1,-1,-1,-1,-1,-1,-1,-1,-1,-1,0.0779813982695146,0.0779813982695146,-0.0377034444947388,-0.0377034444947384,0.0859900335998991,-0.00893808778778293,-0.0150347719004729,-0.0280872795656948,-0.0280872795656948,-1,-1,-1,-1,-1
18344,1,-1,-1,-1,-1,-1,-1,-1,-1,-1,-1,-1,-1,-1,-1,-1,-1,-1,-1,-1,-1,-1,-1,-1,-1,-1,-1,-1,-1,-1,-1,-1,-0.00594933251320118,-1,-1,-1,-1,-1,-1,-1,-1,-1,-1,-1,-1,-1
10932,1,-1,-1,-1,-1,-1,-1,-1,-1,-1,-1,-1,-1,-1,-1,-1,-1,-1,-1,-1,-1,-1,-1,-1,-1,-1,-1,-1,-1,-1,-1,-1,0.0187494360128389,0.440997722637401,-1,-1,-1,-1,-1,-1,-1,-1,-1,-1,-1,-1
10931,1,-1,-1,-1,-1,-1,-1,-1,-1,-1,-1,-1,-1,-1,-1,-1,-1,-1,-1,-1,-1,-1,-1,-1,-1,-1,-1,-1,-1,-1,-1,-1,-0.837511917315235,-0.12057393120585,-1,-1,-1,-1,-1,-1,-1,-1,-1,-1,-1,-1
25651,1,-1,-1,-1,-1,-1,-1,-1,-1,-1,-1,-1,-1,-1,-1,-1,-1,-1,-1,-1,-1,-1,-1,-1,-1,-1,-1,-1,-1,-1,-1,-1,-1,0.770035393249555,-0.192508848312389,-0.192508848312389,-0.192508848312389,-0.192508848312389,0,0,-1,-1,-1,-1,-1,-1
25647,1,-1,-1,-1,-1,-1,-1,-1,-1,-1,-1,-1,-1,-1,-1,-1,-1,-1,-1,-1,-1,-1,-1,-1,-1,-1,-1,-1,-1,-1,-1,-1,-1,0.303133034114184,-0.229507889832339,-0.229507889832339,-0.229507889832339,-0.229507889832339,0.0246089453634795,0.0246089453634795,-1,-1,-1,-1,-1,-1
25644,1,-1,-1,-1,-1,-1,-1,-1,-1,-1,-1,-1,-1,-1,-1,-1,-1,-1,-1,-1,-1,-1,-1,-1,-1,-1,-1,-1,-1,-1,-1,-1,-1,1.16630518405442,0.014958805117594,0.0149588051175937,0.014958805117594,0.0149588051175937,-0.429098302019389,-0.429098302019389,-1,-1,-1,-1,-1,-1
25643,1,-1,-1,-1,-1,-1,-1,-1,-1,-1,-1,-1,-1,-1,-1,-1,-1,-1,-1,-1,-1,-1,-1,-1,-1,-1,-1,-1,-1,-1,-1,-1,-1,-0.197083681649943,-0.473673636265283,-0.473673636265283,-0.473673636265283,-0.473673636265283,0,0,-1,-1,-1,-1,-1,-1
17710,1,-1,-1,-1,-1,-1,-1,-1,-1,-1,-1,-1,-1,-1,-1,-1,-1,-1,-1,-1,-1,-1,-1,-1,-1,-1,-1,-1,-1,-1,-1,-1,-1,0.00526443337181304,0.00526443337181259,-0.0695584497493535,-0.069558449749354,-0.0695584497493535,-0.0695584497493535,0.0889410833367812,0.151267675330649,-1,-1,-1,-1,-1
26499,1,-1,-1,-1,-1,-1,-1,-1,-1,-1,-1,-1,-1,-1,-1,-1,-1,-1,-1,-1,-1,-1,-1,-1,-1,-1,-1,-1,-1,-1,-1,-1,-1,-1,-0.400864274756529,-0.400864274756529,-0.400864274756529,-0.400864274756529,-0.400864274756529,-1,-1,-1,-1,-1,-1,-1
26494,1,-1,-1,-1,-1,-1,-1,-1,-1,-1,-1,-1,-1,-1,-1,-1,-1,-1,-1,-1,-1,-1,-1,-1,-1,-1,-1,-1,-1,-1,-1,-1,-1,-1,-0.400864274756529,-0.400864274756529,-0.400864274756529,-0.400864274756529,-0.400864274756528,-1,-1,-1,-1,-1,-1,-1
26493,1,-1,-1,-1,-1,-1,-1,-1,-1,-1,-1,-1,-1,-1,-1,-1,-1,-1,-1,-1,-1,-1,-1,-1,-1,-1,-1,-1,-1,-1,-1,-1,-1,-1,0.0669700062188261,0.0669700062188259,0.0669700062188261,0.0669700062188259,0.0669700062188261,-1,-1,-1,-1,-1,-1,-1
26492,1,-1,-1,-1,-1,-1,-1,-1,-1,-1,-1,-1,-1,-1,-1,-1,-1,-1,-1,-1,-1,-1,-1,-1,-1,-1,-1,-1,-1,-1,-1,-1,-1,-1,0.0080482437556495,0.0080482437556495,0.00804824375564928,0.00804824375564972,0.0080482437556495,-1,-1,-1,-1,-1,-1,-1
26491,1,-1,-1,-1,-1,-1,-1,-1,-1,-1,-1,-1,-1,-1,-1,-1,-1,-1,-1,-1,-1,-1,-1,-1,-1,-1,-1,-1,-1,-1,-1,-1,-1,-1,-0.400864274756529,-0.400864274756529,-0.400864274756529,-0.400864274756529,-0.400864274756528,-1,-1,-1,-1,-1,-1,-1
26490,1,-1,-1,-1,-1,-1,-1,-1,-1,-1,-1,-1,-1,-1,-1,-1,-1,-1,-1,-1,-1,-1,-1,-1,-1,-1,-1,-1,-1,-1,-1,-1,-1,-1,-0.0364537947479052,-0.0364537947479052,-0.0364537947479052,-0.0364537947479052,-0.0364537947479051,-1,-1,-1,-1,-1,-1,-1
26489,1,-1,-1,-1,-1,-1,-1,-1,-1,-1,-1,-1,-1,-1,-1,-1,-1,-1,-1,-1,-1,-1,-1,-1,-1,-1,-1,-1,-1,-1,-1,-1,-1,-1,-0.0661503754567341,-0.0661503754567339,-0.0661503754567339,-0.0661503754567341,-0.0661503754567339,-1,-1,-1,-1,-1,-1,-1
26488,1,-1,-1,-1,-1,-1,-1,-1,-1,-1,-1,-1,-1,-1,-1,-1,-1,-1,-1,-1,-1,-1,-1,-1,-1,-1,-1,-1,-1,-1,-1,-1,-1,-1,0.271419557405353,0.271419557405353,0.271419557405353,0.271419557405353,0.271419557405353,-1,-1,-1,-1,-1,-1,-1
26487,1,-1,-1,-1,-1,-1,-1,-1,-1,-1,-1,-1,-1,-1,-1,-1,-1,-1,-1,-1,-1,-1,-1,-1,-1,-1,-1,-1,-1,-1,-1,-1,-1,-1,-0.400864274756529,-0.400864274756529,-0.400864274756529,-0.400864274756529,-0.400864274756528,-1,-1,-1,-1,-1,-1,-1
26486,1,-1,-1,-1,-1,-1,-1,-1,-1,-1,-1,-1,-1,-1,-1,-1,-1,-1,-1,-1,-1,-1,-1,-1,-1,-1,-1,-1,-1,-1,-1,-1,-1,-1,0.0124295813497692,0.0124295813497688,0.0124295813497688,0.0124295813497688,0.0124295813497692,-1,-1,-1,-1,-1,-1,-1
26478,1,-1,-1,-1,-1,-1,-1,-1,-1,-1,-1,-1,-1,-1,-1,-1,-1,-1,-1,-1,-1,-1,-1,-1,-1,-1,-1,-1,-1,-1,-1,-1,-1,-1,0.179922194774594,0.179922194774594,0.179922194774594,0.179922194774594,0.179922194774594,-1,-1,-1,-1,-1,-1,-1
26474,1,-1,-1,-1,-1,-1,-1,-1,-1,-1,-1,-1,-1,-1,-1,-1,-1,-1,-1,-1,-1,-1,-1,-1,-1,-1,-1,-1,-1,-1,-1,-1,-1,-1,-0.400864274756528,-0.400864274756529,-0.400864274756529,-0.400864274756529,-0.400864274756529,-1,-1,-1,-1,-1,-1,-1
26473,1,-1,-1,-1,-1,-1,-1,-1,-1,-1,-1,-1,-1,-1,-1,-1,-1,-1,-1,-1,-1,-1,-1,-1,-1,-1,-1,-1,-1,-1,-1,-1,-1,-1,-0.0429516139910004,-0.0429516139910007,-0.0429516139910004,-0.0429516139910007,-0.0429516139910004,-1,-1,-1,-1,-1,-1,-1
26469,1,-1,-1,-1,-1,-1,-1,-1,-1,-1,-1,-1,-1,-1,-1,-1,-1,-1,-1,-1,-1,-1,-1,-1,-1,-1,-1,-1,-1,-1,-1,-1,-1,-1,-0.0156061592832384,-0.0156061592832386,-0.0156061592832384,-0.0156061592832384,-0.0156061592832386,-1,-1,-1,-1,-1,-1,-1
26468,1,-1,-1,-1,-1,-1,-1,-1,-1,-1,-1,-1,-1,-1,-1,-1,-1,-1,-1,-1,-1,-1,-1,-1,-1,-1,-1,-1,-1,-1,-1,-1,-1,-1,-0.184765894598036,-0.184765894598036,-0.184765894598036,-0.184765894598036,-0.184765894598036,-1,-1,-1,-1,-1,-1,-1
26467,1,-1,-1,-1,-1,-1,-1,-1,-1,-1,-1,-1,-1,-1,-1,-1,-1,-1,-1,-1,-1,-1,-1,-1,-1,-1,-1,-1,-1,-1,-1,-1,-1,-1,-0.400864274756529,-0.400864274756529,-0.400864274756529,-0.400864274756529,-0.400864274756528,-1,-1,-1,-1,-1,-1,-1
25613,1,-1,-1,-1,-1,-1,-1,-1,-1,-1,-1,-1,-1,-1,-1,-1,-1,-1,-1,-1,-1,-1,-1,-1,-1,-1,-1,-1,-1,-1,-1,-1,-1,-1,0.0739822570143591,0.0739822570143587,0.0739822570143587,0.0739822570143591,0.0739822570143587,-1,-1,-1,-1,-1,-1,-1
25612,1,-1,-1,-1,-1,-1,-1,-1,-1,-1,-1,-1,-1,-1,-1,-1,-1,-1,-1,-1,-1,-1,-1,-1,-1,-1,-1,-1,-1,-1,-1,-1,-1,-1,-0.230151287972062,-0.230151287972062,-0.230151287972062,-0.230151287972062,-0.230151287972062,-1,-1,-1,-1,-1,-1,-1
25607,1,-1,-1,-1,-1,-1,-1,-1,-1,-1,-1,-1,-1,-1,-1,-1,-1,-1,-1,-1,-1,-1,-1,-1,-1,-1,-1,-1,-1,-1,-1,-1,-1,-1,-0.2,-0.2,-0.2,-0.2,-0.2,-1,-1,-1,-1,-1,-1,-1
25606,1,-1,-1,-1,-1,-1,-1,-1,-1,-1,-1,-1,-1,-1,-1,-1,-1,-1,-1,-1,-1,-1,-1,-1,-1,-1,-1,-1,-1,-1,-1,-1,-1,-1,0.0135925367237522,0.0135925367237524,0.0135925367237522,0.0135925367237524,0.0135925367237522,-1,-1,-1,-1,-1,-1,-1
25604,1,-1,-1,-1,-1,-1,-1,-1,-1,-1,-1,-1,-1,-1,-1,-1,-1,-1,-1,-1,-1,-1,-1,-1,-1,-1,-1,-1,-1,-1,-1,-1,-1,-1,-0.400864274756529,-0.400864274756529,-0.400864274756529,-0.400864274756529,-0.400864274756528,-1,-1,-1,-1,-1,-1,-1
25457,1,-1,-1,-1,-1,-1,-1,-1,-1,-1,-1,-1,-1,-1,-1,-1,-1,-1,-1,-1,-1,-1,-1,-1,-1,-1,-1,-1,-1,-1,-1,-1,-1,-1,-1,-1,-0.176091259055681,-1,-1,-1,-1,-1,-1,-1,-1,-1
25456,1,-1,-1,-1,-1,-1,-1,-1,-1,-1,-1,-1,-1,-1,-1,-1,-1,-1,-1,-1,-1,-1,-1,-1,-1,-1,-1,-1,-1,-1,-1,-1,-1,-1,-1,-1,-2.00432137378264,-1,-1,-1,-1,-1,-1,-1,-1,-1
25455,1,-1,-1,-1,-1,-1,-1,-1,-1,-1,-1,-1,-1,-1,-1,-1,-1,-1,-1,-1,-1,-1,-1,-1,-1,-1,-1,-1,-1,-1,-1,-1,-1,-1,-1,-1,-2.00432137378264,-1,-1,-1,-1,-1,-1,-1,-1,-1
19558,1,-1,-1,-1,-1,-1,-1,-1,-1,-1,-1,-1,-1,-1,-1,-1,-1,-1,-1,-1,-1,-1,-1,-1,-1,-1,-1,-1,-1,-1,-1,-1,-1,-1,-1,-1,-0.380211241711606,-1,-1,-1,-1,-1,-1,-1,-1,-1
19791,1,-1,-1,-1,-1,-1,-1,-1,-1,-1,-1,-1,-1,-1,-1,-1,-1,-1,-1,-1,-1,-1,-1,-1,-1,-1,-1,-1,-1,-1,-1,-1,-1,-1,-1,-1,-1,-1,0.778151250383644,-0.0791812460476248,-1,-1,-1,-1,-1,-1
19674,1,-1,-1,-1,-1,-1,-1,-1,-1,-1,-1,-1,-1,-1,-1,-1,-1,-1,-1,-1,-1,-1,-1,-1,-1,-1,-1,-1,-1,-1,-1,-1,-1,-1,-1,-1,-1,-1,-0.243038048686294,0,-1,-1,-1,-1,-1,-1
19570,1,-1,-1,-1,-1,-1,-1,-1,-1,-1,-1,-1,-1,-1,-1,-1,-1,-1,-1,-1,-1,-1,-1,-1,-1,-1,-1,-1,-1,-1,-1,-1,-1,-1,-1,-1,-1,-1,-2.00432137378264,2.00432137378264,-1,-1,-1,-1,-1,-1
19776,1,-1,-1,-1,-1,-1,-1,-1,-1,-1,-1,-1,-1,-1,-1,-1,-1,-1,-1,-1,-1,-1,-1,-1,-1,-1,-1,-1,-1,-1,-1,-1,-1,-1,-1,-1,-1,-1,-0.176091259055681,0,-1,-1,-1,-1,-1,-1
19682,1,-1,-1,-1,-1,-1,-1,-1,-1,-1,-1,-1,-1,-1,-1,-1,-1,-1,-1,-1,-1,-1,-1,-1,-1,-1,-1,-1,-1,-1,-1,-1,-1,-1,-1,-1,-1,-1,-0.311495429342146,-0.767685816705479,-1,-1,-1,-1,-1,-1
19571,1,-1,-1,-1,-1,-1,-1,-1,-1,-1,-1,-1,-1,-1,-1,-1,-1,-1,-1,-1,-1,-1,-1,-1,-1,-1,-1,-1,-1,-1,-1,-1,-1,-1,-1,-1,-1,-1,-0.237360915794604,-0.564271430438563,-1,-1,-1,-1,-1,-1
19563,1,-1,-1,-1,-1,-1,-1,-1,-1,-1,-1,-1,-1,-1,-1,-1,-1,-1,-1,-1,-1,-1,-1,-1,-1,-1,-1,-1,-1,-1,-1,-1,-1,-1,-1,-1,-1,-1,-0.477121254719662,-0.477121254719662,-1,-1,-1,-1,-1,-1
19724,1,-1,-1,-1,-1,-1,-1,-1,-1,-1,-1,-1,-1,-1,-1,-1,-1,-1,-1,-1,-1,-1,-1,-1,-1,-1,-1,-1,-1,-1,-1,-1,-1,-1,-1,-1,-1,-1,-0.477121254719662,-0.301029995663981,-1,-1,-1,-1,-1,-1
19671,1,-1,-1,-1,-1,-1,-1,-1,-1,-1,-1,-1,-1,-1,-1,-1,-1,-1,-1,-1,-1,-1,-1,-1,-1,-1,-1,-1,-1,-1,-1,-1,-1,-1,-1,-1,-1,-1,0,-0.1249387366083,-1,-1,-1,-1,-1,-1
19564,1,-1,-1,-1,-1,-1,-1,-1,-1,-1,-1,-1,-1,-1,-1,-1,-1,-1,-1,-1,-1,-1,-1,-1,-1,-1,-1,-1,-1,-1,-1,-1,-1,-1,-1,-1,-1,-1,0.196294645143968,-0.439332693830263,-1,-1,-1,-1,-1,-1
19690,1,-1,-1,-1,-1,-1,-1,-1,-1,-1,-1,-1,-1,-1,-1,-1,-1,-1,-1,-1,-1,-1,-1,-1,-1,-1,-1,-1,-1,-1,-1,-1,-1,-1,-1,-1,-1,-1,-0.477121254719662,0,-1,-1,-1,-1,-1,-1
19568,1,-1,-1,-1,-1,-1,-1,-1,-1,-1,-1,-1,-1,-1,-1,-1,-1,-1,-1,-1,-1,-1,-1,-1,-1,-1,-1,-1,-1,-1,-1,-1,-1,-1,-1,-1,-1,-1,0,-2.00432137378264,-1,-1,-1,-1,-1,-1
19673,1,-1,-1,-1,-1,-1,-1,-1,-1,-1,-1,-1,-1,-1,-1,-1,-1,-1,-1,-1,-1,-1,-1,-1,-1,-1,-1,-1,-1,-1,-1,-1,-1,-1,-1,-1,-1,-1,-0.0969100130080565,-0.301029995663981,-1,-1,-1,-1,-1,-1
19569,1,-1,-1,-1,-1,-1,-1,-1,-1,-1,-1,-1,-1,-1,-1,-1,-1,-1,-1,-1,-1,-1,-1,-1,-1,-1,-1,-1,-1,-1,-1,-1,-1,-1,-1,-1,-1,-1,0,0,-1,-1,-1,-1,-1,-1
19672,1,-1,-1,-1,-1,-1,-1,-1,-1,-1,-1,-1,-1,-1,-1,-1,-1,-1,-1,-1,-1,-1,-1,-1,-1,-1,-1,-1,-1,-1,-1,-1,-1,-1,-1,-1,-1,-1,-0.283301228703549,-0.193820026016113,-1,-1,-1,-1,-1,-1
19565,1,-1,-1,-1,-1,-1,-1,-1,-1,-1,-1,-1,-1,-1,-1,-1,-1,-1,-1,-1,-1,-1,-1,-1,-1,-1,-1,-1,-1,-1,-1,-1,-1,-1,-1,-1,-1,-1,-0.590478118778147,-0.132625565274591,-1,-1,-1,-1,-1,-1
19521,1,-1,-1,-1,-1,-1,-1,-1,-1,-1,-1,-1,-1,-1,-1,-1,-1,-1,-1,-1,-1,-1,-1,-1,-1,-1,-1,-1,-1,-1,-1,-1,-1,-1,-1,-1,-1,-1,0.460730838531493,-0.0170333392987805,-1,-1,-1,-1,-1,-1
25511,1,-1,-1,-1,-1,-1,-1,-1,-1,-1,-1,-1,-1,-1,-1,-1,-1,-1,-1,-1,-1,-1,-1,-1,-1,-1,-1,-1,-1,-1,-1,-1,-1,-1,-1,-1,-1,-1,-1,0.0339766935714981,0.0339766935714981,0.0339766935714981,0.0339766935714981,0.033976693571498,0.0339766935714981,0.0339766935714981
19798,1,-1,-1,-1,-1,-1,-1,-1,-1,-1,-1,-1,-1,-1,-1,-1,-1,-1,-1,-1,-1,-1,-1,-1,-1,-1,-1,-1,-1,-1,-1,-1,-1,-1,-1,-1,-1,-1,-1,-0.154901959985743,-1,-1,-1,-1,-1,-1
19796,1,-1,-1,-1,-1,-1,-1,-1,-1,-1,-1,-1,-1,-1,-1,-1,-1,-1,-1,-1,-1,-1,-1,-1,-1,-1,-1,-1,-1,-1,-1,-1,-1,-1,-1,-1,-1,-1,-1,0,-1,-1,-1,-1,-1,-1
19790,1,-1,-1,-1,-1,-1,-1,-1,-1,-1,-1,-1,-1,-1,-1,-1,-1,-1,-1,-1,-1,-1,-1,-1,-1,-1,-1,-1,-1,-1,-1,-1,-1,-1,-1,-1,-1,-1,-1,-0.477121254719662,-1,-1,-1,-1,-1,-1
19689,1,-1,-1,-1,-1,-1,-1,-1,-1,-1,-1,-1,-1,-1,-1,-1,-1,-1,-1,-1,-1,-1,-1,-1,-1,-1,-1,-1,-1,-1,-1,-1,-1,-1,-1,-1,-1,-1,-1,-0.159700842867512,-1,-1,-1,-1,-1,-1
19688,1,-1,-1,-1,-1,-1,-1,-1,-1,-1,-1,-1,-1,-1,-1,-1,-1,-1,-1,-1,-1,-1,-1,-1,-1,-1,-1,-1,-1,-1,-1,-1,-1,-1,-1,-1,-1,-1,-1,0,-1,-1,-1,-1,-1,-1
19686,1,-1,-1,-1,-1,-1,-1,-1,-1,-1,-1,-1,-1,-1,-1,-1,-1,-1,-1,-1,-1,-1,-1,-1,-1,-1,-1,-1,-1,-1,-1,-1,-1,-1,-1,-1,-1,-1,-1,0,-1,-1,-1,-1,-1,-1
19685,1,-1,-1,-1,-1,-1,-1,-1,-1,-1,-1,-1,-1,-1,-1,-1,-1,-1,-1,-1,-1,-1,-1,-1,-1,-1,-1,-1,-1,-1,-1,-1,-1,-1,-1,-1,-1,-1,-1,-0.131278914639319,-1,-1,-1,-1,-1,-1
19789,1,-1,-1,-1,-1,-1,-1,-1,-1,-1,-1,-1,-1,-1,-1,-1,-1,-1,-1,-1,-1,-1,-1,-1,-1,-1,-1,-1,-1,-1,-1,-1,-1,-1,-1,-1,-1,-1,-1,-1,-0.301029995663981,-1,-1,-1,-1,-1
19687,1,-1,-1,-1,-1,-1,-1,-1,-1,-1,-1,-1,-1,-1,-1,-1,-1,-1,-1,-1,-1,-1,-1,-1,-1,-1,-1,-1,-1,-1,-1,-1,-1,-1,-1,-1,-1,-1,-1,-1,0,-1,-1,-1,-1,-1
19675,1,-1,-1,-1,-1,-1,-1,-1,-1,-1,-1,-1,-1,-1,-1,-1,-1,-1,-1,-1,-1,-1,-1,-1,-1,-1,-1,-1,-1,-1,-1,-1,-1,-1,-1,-1,-1,-1,-1,-1,-0.230448921378274,-1,-1,-1,-1,-1
19677,1,-1,-1,-1,-1,-1,-1,-1,-1,-1,-1,-1,-1,-1,-1,-1,-1,-1,-1,-1,-1,-1,-1,-1,-1,-1,-1,-1,-1,-1,-1,-1,-1,-1,-1,-1,-1,-1,-1,-1,-1,-0.0969100130080565,-1,-1,-1,-1
