population_id,1970,1971,1972,1973,1974,1975,1976,1977,1978,1979,1980,1981,1982,1983,1984,1985,1986,1987,1988,1989,1990,1991,1992,1993,1994,1995,1996,1997,1998,1999,2000,2001,2002,2003,2004,2005,2006,2007,2008,2009,2010,2011,2012,2013,2014,2015
253,1,-0.0370370370370372,-0.0370370370370372,-0.0370370370370368,-0.0370370370370372,-0.0370370370370372,-0.0370370370370368,-0.0370370370370372,0.039375643152221,0.0393756431522214,0.039375643152221,0.039375643152221,0.0393756431522214,0.039375643152221,0.039375643152221,0.039375643152221,0.0393756431522214,0.039375643152221,0.039375643152221,0.0393756431522214,0.039375643152221,-1,-1,-1,-1,-1,-1,-1,-1,-1,-1,-1,-1,-1,-1,-1,-1,-1,-1,-1,-1,-1,-1,-1,-1,-1
3263,1,0.0316347372336878,0.0486986479476679,0.0854485948902095,0.115916129095583,0.0946222403750285,0.0046737310524767,-0.109522499118278,-0.166147042001749,-0.112747979961613,0.0245923048826109,0.157658940895827,0.204286080867542,0.146295967406102,0.0291545615320024,-0.0856700008492686,-0.163769325455968,-0.200175481373389,-0.195082089071771,-0.151433702385718,-0.0810085366532816,0.0132488542907927,0.113961175210167,0.151619245158987,0.1088457689005,0.00888215295416828,-0.0553059766038499,-0.0604772132542744,-0.0194591311627335,0.0164379730086734,0.0343865250944004,-1,-1,-1,-1,-1,-1,-1,-1,-1,-1,-1,-1,-1,-1,-1
3252,1,0.061695615793262,-0.0994328494999963,-0.0927361856539375,0.0969155798164136,0.274958013584262,0.233837294150265,-0.0177573009303882,-0.246576396121965,-0.23153176223274,-0.000505111216996923,0.190003811252164,0.121074660447201,-0.153617802527188,-0.355762251775829,-0.270835869730648,0.0160046468697717,0.228969768147147,0.303099838877559,0.254738938244689,0.149263382984304,0.00301725228025651,-0.156930095693346,-0.222301228238126,-0.16602678718073,-0.02570823061698,0.048248609064522,0.0182422737666088,-0.0909572901093516,-0.180270296960935,-0.224926800386176,-1,-1,-1,-1,-1,-1,-1,-1,-1,-1,-1,-1,-1,-1,-1
18826,1,-1,-1,-1,-1,-1,-1,-1,-1,-1,-1,-1,-1,-1,-1,-1,-1,-1,-1,-1,-1,-1,-1,-1,-1,-1,-1,-1,-1,-1,-1,-1,-1,-1,-1,-1,-1,-1,-1,-1,-1,-1,-1,-1,-1,-1
18823,1,-1,-1,-1,-1,-1,-1,-1,-1,-1,-1,-1,-1,-1,-1,-1,-1,-1,-1,-1,-1,-1,-1,-1,-1,-1,-1,-1,-1,-1,-1,-1,-1,-1,-1,-1,-1,-1,-1,-1,-1,-1,-1,-1,-1,-1
18820,1,-1,-1,-1,-1,-1,-1,-1,-1,-1,-1,-1,-1,-1,-1,-1,-1,-1,-1,-1,-1,-1,-1,-1,-1,-1,-1,-1,-1,-1,-1,-1,-1,-1,-1,-1,-1,-1,-1,-1,-1,-1,-1,-1,-1,-1
18819,1,-1,-1,-1,-1,-1,-1,-1,-1,-1,-1,-1,-1,-1,-1,-1,-1,-1,-1,-1,-1,-1,-1,-1,-1,-1,-1,-1,-1,-1,-1,-1,-1,-1,-1,-1,-1,-1,-1,-1,-1,-1,-1,-1,-1,-1
18816,1,-1,-1,-1,-1,-1,-1,-1,-1,-1,-1,-1,-1,-1,-1,-1,-1,-1,-1,-1,-1,-1,-1,-1,-1,-1,-1,-1,-1,-1,-1,-1,-1,-1,-1,-1,-1,-1,-1,-1,-1,-1,-1,-1,-1,-1
18808,1,-1,-1,-1,-1,-1,-1,-1,-1,-1,-1,-1,-1,-1,-1,-1,-1,-1,-1,-1,-1,-1,-1,-1,-1,-1,-1,-1,-1,-1,-1,-1,-1,-1,-1,-1,-1,-1,-1,-1,-1,-1,-1,-1,-1,-1
254,1,-1,-1,-1,-0.012660098044019,0.00605537476219675,0.0299730689709192,0.0392209170631455,0.0303835765166387,0.010467901303769,-0.00483234677395927,-0.002928843899483,0.0155670265800498,0.037351126387883,0.0471837934227406,0.0417396315166214,0.0220418676905625,-0.00345952873935307,-0.0225389130917404,-0.0266439900614095,-0.014544513983795,0.0107760509202393,0.035532962560707,0.0475982591023141,0.0445356901184109,0.0326800630425774,0.0207007886734756,0.0136139494331817,0.011532613276976,-1,-1,-1,-1,-1,-1,-1,-1,-1,-1,-1,-1,-1,-1,-1,-1,-1
255,1,-1,-1,-1,-1,-1,-1,-1,-1,-1,-1,-1,-1,-1,-1,-1,-1,-1,-1,-1,-1,-1,-1,-1,-1,-1,-1,-1,-1,-1,-1,-0.0208865128625186,-0.0208865128625186,-0.0208865128625189,-0.0208865128625186,-1,-1,-1,-1,-1,-1,-1,-1,-1,-1,-1
4693,1,-1,-1,-1,-1,-1,-0.00014876828947985,-0.000148768289480294,-0.00014876828947985,-0.000148768289480294,-0.00014876828947985,-0.00014876828947985,-0.000148768289480294,-1,-1,-1,-1,-1,-1,-1,-1,-1,-1,-1,-1,-1,-1,-1,-1,-1,-1,-1,-1,-1,-1,-1,-1,-1,-1,-1,-1,-1,-1,-1,-1,-1
4692,1,-1,-1,-1,-1,-1,0.0107682729500413,0.0107682729500413,0.0107682729500413,0.0107682729500413,0.0107682729500413,0.0107682729500413,0.0107682729500413,-1,-1,-1,-1,-1,-1,-1,-1,-1,-1,-1,-1,-1,-1,-1,-1,-1,-1,-1,-1,-1,-1,-1,-1,-1,-1,-1,-1,-1,-1,-1,-1,-1
7658,1,-1,-1,-1,-1,-1,-1,-1,-1,-1,-1,-1,-1,-1,-1,-1,-1,-1,-0.139794000867204,-0.139794000867204,-0.139794000867204,-0.139794000867204,-0.139794000867204,0,0,0,0,0,-1,-1,-1,-1,-1,-1,-1,-1,-1,-1,-1,-1,-1,-1,-1,-1,-1,-1
243,1,-1,-1,-1,-1,-1,-0.11371580179835,-0.11371580179835,-0.11371580179835,-0.11371580179835,-0.11371580179835,-0.11371580179835,-0.11371580179835,-1,-1,-1,-1,-1,-1,-1,-1,-1,-1,-1,-1,-1,-1,-1,-1,-1,-1,-1,-1,-1,-1,-1,-1,-1,-1,-1,-1,-1,-1,-1,-1,-1
247,1,-1,-1,-1,-1,-1,-1,0.00827853703164516,0.00827853703164472,0.00827853703164516,0.00827853703164516,0.00827853703164472,0.148939013012066,0.00938875161084551,0.00938875161084551,0.00938875161084551,0.00938875161084551,-0.00625916774056368,-0.00625916774056368,-0.00625916774056368,-0.00625916774056368,-0.00625916774056368,-0.00625916774056368,-0.0324252162348486,-0.0324252162348486,-0.241819830546977,-1,-1,-1,-1,-1,-1,-1,-1,-1,-1,-1,-1,-1,-1,-1,-1,-1,-1,-1,-1
244,1,-1,-1,-1,-1,-1,-1,-0.253813124213389,-0.25381312421339,-0.253813124213389,-0.25381312421339,-0.25381312421339,-0.25381312421339,-0.159040418239887,-0.159040418239888,-0.159040418239887,0,-1,-1,-1,-1,-1,-1,-1,-1,-1,-1,-1,-1,-1,-1,-1,-1,-1,-1,-1,-1,-1,-1,-1,-1,-1,-1,-1,-1,-1
6165,1,-1,-1,-1,-1,-1,-1,-1,-1,-1,-1,-1,-1,-1,-1,-1,-1,0.0409349541026893,0.0412869949555392,0.041938315040893,0.0427106299645312,0.0434054442062721,0.0439037555851112,0.0441869515311648,0.0443007715451875,-1,-1,-1,-1,-1,-1,-1,-1,-1,-1,-1,-1,-1,-1,-1,-1,-1,-1,-1,-1,-1
246,1,-1,-1,-1,-1,-1,-1,-1,-1,-1,-1,-1,-1,-1,-1,-1,-1,-1,-1,-1,-1,-1,0.0779384652639386,0.0779384652639386,0.0779384652639386,0.0779384652639386,-1,-1,-1,-1,-1,-1,-1,-1,-1,-1,-1,-1,-1,-1,-1,-1,-1,-1,-1,-1
245,1,-1,-1,-1,-1,-1,-1,-1,-1,-1,-1,-1,-1,-1,-1,-1,-1,-1,-1,-1,-1,-1,-1,-1,-1,-0.0362121726544449,-1,-1,-1,-1,-1,-1,-1,-1,-1,-1,-1,-1,-1,-1,-1,-1,-1,-1,-1,-1
5641,1,-1,-1,-1,-1,-1,-1,-0.0384068620332774,-0.0384068620332769,-0.0384068620332769,-0.0384068620332774,-0.0384068620332774,-0.0384068620332769,-0.0384068620332774,-0.0384068620332769,-0.0384068620332774,-0.0384068620332769,-0.0384068620332774,-0.0384068620332769,-0.0384068620332769,-0.0384068620332774,-0.0384068620332769,-0.0384068620332774,-0.0384068620332774,-0.0384068620332769,-0.0384068620332769,-0.0384068620332774,-0.0384068620332774,-0.0384068620332769,-0.0384068620332774,-0.0384068620332769,-0.0384068620332774,-0.0384068620332769,0.223548534494251,-1,-1,-1,-1,-1,-1,-1,-1,-1,-1,-1,-1
5642,1,-1,-1,-1,-1,-1,-1,-1,-1,-1,-1,-1,-1,-1,-1,-1,-1,-1,-1,-1,-1,-1,-1,-1,-1,-1,-1,-1,-1,-1,-1,-0.142667503568731,-1.25527250510331,0.653212513775344,-1,-1,-1,-1,-1,-1,-1,-1,-1,-1,-1,-1
249,1,-1,-1,-1,-1,-1,-1,-0.0250572900878252,-0.0250572900878252,-0.0250572900878252,-0.0250572900878252,-0.0250572900878248,-0.0250572900878252,-0.0250572900878252,-0.0250572900878252,-0.0250572900878252,-0.0250572900878252,0.26747925543701,0.26747925543701,-0.079831549860526,-1,-1,-1,-1,-1,-1,-1,-1,-1,-1,-1,-1,-1,-1,-1,-1,-1,-1,-1,-1,-1,-1,-1,-1,-1,-1
252,1,-1,-1,-1,-1,-1,-1,-1,-1,-1,-1,-1,-1,-1,-1,-1,-1,-1,-1,-1,-1,-1,0,0,0,0,0,0,-1,-1,-1,-1,-1,-1,-1,-1,-1,-1,-1,-1,-1,-1,-1,-1,-1,-1
251,1,-1,-1,-1,-1,-1,-1,-1,-1,-1,-1,-1,-1,-1,-1,-1,-1,-1,-1,-1,-1,-1,-1,0,0,0,-1,-1,-1,-1,-1,-1,-1,-1,-1,-1,-1,-1,-1,-1,-1,-1,-1,-1,-1,-1
11561,1,-1,-1,-1,-1,-1,-1,-1,-1,-1,-1,-1,-1,-1,-1,-1,-1,-1,-1,-1,-1,-1,-1,-1,-1,-1,-1,-1,-1,-1,-1,-1,-1,0.211821223191732,0.00284894179750061,-0.518447130481262,-1,-1,-1,-1,-1,-1,-1,-1,-1,-1
11563,1,-1,-1,-1,-1,-1,-1,-1,-1,-1,-1,-1,-1,-1,-1,-1,-1,-1,-1,-1,-1,-1,-1,-1,-1,-1,-1,-1,-1,-1,-1,-1,-1,-1,-0.0795064384865576,-1,-1,-1,-1,-1,-1,-1,-1,-1,-1,-1
248,1,-1,-1,-1,-1,-1,-1,-1,0,0,0,0,0,0,0,0,0,0,0,0,0,0.0774509799928715,0.0774509799928715,-1,-1,-1,-1,-1,-1,-1,-1,-1,-1,-1,-1,-1,-1,-1,-1,-1,-1,-1,-1,-1,-1,-1
6015,1,-1,-1,-1,-1,-1,-1,-1,-1,0.117010399372134,0.119741858336549,0.114596036457026,0.0856687758537893,0.0250200939093339,-0.056962592146276,-0.133388451093002,-0.17678379667344,-1,-1,-1,-1,-1,-1,-1,-1,-1,-1,-1,-1,-1,-1,-1,-1,-1,-1,-1,-1,-1,-1,-1,-1,-1,-1,-1,-1,-1
256,1,-1,-1,-1,-1,-1,-1,-1,-1,-1,-1,-1,-1,-1,-1,-0.0445684154392265,-0.0445684154392265,-0.0445684154392267,-0.0445684154392265,-0.0445684154392265,-0.0445684154392265,-0.0445684154392265,-0.0445684154392267,-1,-1,-1,-1,-1,-1,-1,-1,-1,-1,-1,-1,-1,-1,-1,-1,-1,-1,-1,-1,-1,-1,-1
4694,1,-1,-1,-1,-1,-1,-1,-1,-1,-1,-1,-1,-1,-1,-1,-1,-0.0316926785166221,-0.0316926785166225,-0.0316926785166225,-0.0316926785166221,-0.0316926785166225,-0.0316926785166225,-0.0316926785166221,-1,-1,-1,-1,-1,-1,-1,-1,-1,-1,-1,-1,-1,-1,-1,-1,-1,-1,-1,-1,-1,-1,-1
7659,1,-1,-1,-1,-1,-1,-1,-1,-1,-1,-1,-1,-1,-1,-1,-1,-1,-1,0,0,0,0,0,-0.0416551884854166,-0.0416551884854164,-0.0416551884854166,-0.0416551884854164,-0.0416551884854166,-1,-1,-1,-1,-1,-1,-1,-1,-1,-1,-1,-1,-1,-1,-1,-1,-1,-1
7655,1,-1,-1,-1,-1,-1,-1,-1,-1,-1,-1,-1,-1,-1,-1,-1,-1,-1,0.0632023214705406,0.0632023214705405,0.0632023214705406,0.0632023214705406,0.0632023214705404,0.0632023214705406,0.0632023214705406,0.0632023214705406,0.0632023214705406,0.0632023214705404,-1,-1,-1,-1,-1,-1,-1,-1,-1,-1,-1,-1,-1,-1,-1,-1,-1,-1
7654,1,-1,-1,-1,-1,-1,-1,-1,-1,-1,-1,-1,-1,-1,-1,-1,-1,-1,0.0602059991327963,0.0602059991327962,0.0602059991327962,0.0602059991327963,0.0602059991327963,-1,-1,-1,-1,-1,-1,-1,-1,-1,-1,-1,-1,-1,-1,-1,-1,-1,-1,-1,-1,-1,-1,-1
18643,1,-1,-1,-1,-1,-1,-1,-1,-1,-1,-1,-1,-1,-1,-1,-1,-1,-1,-1,-1,-1,-1,-1,-0.0764257357197833,-0.0764257357197833,-1,-1,-1,-1,-1,-1,-1,-1,-1,-1,-1,-1,-1,-1,-1,-1,-1,-1,-1,-1,-1
7653,1,-1,-1,-1,-1,-1,-1,-1,-1,-1,-1,-1,-1,-1,-1,-1,-1,-1,-0.00284808782292201,-0.00284808782292201,-0.00284808782292201,-0.00284808782292201,-0.00284808782292201,-0.00415104431812408,-0.00415104431812363,-0.00415104431812408,-0.00415104431812408,-0.00415104431812363,-1,-1,-1,-1,-1,-1,-1,-1,-1,-1,-1,-1,-1,-1,-1,-1,-1,-1
7652,1,-1,-1,-1,-1,-1,-1,-1,-1,-1,-1,-1,-1,-1,-1,-1,-1,-1,0.0255157665549017,0.0255157665549017,0.0255157665549015,0.0255157665549017,0.0255157665549017,-0.0368120377453913,-0.0368120377453913,-0.0368120377453913,-0.0368120377453913,-0.0368120377453913,-1,-1,-1,-1,-1,-1,-1,-1,-1,-1,-1,-1,-1,-1,-1,-1,-1,-1
7651,1,-1,-1,-1,-1,-1,-1,-1,-1,-1,-1,-1,-1,-1,-1,-1,-1,-1,-0.00112077550359957,-0.00112077550359979,-0.00112077550359979,-0.00112077550359957,-0.00112077550359979,-0.0133893579261226,-0.0133893579261226,-0.0133893579261226,-0.0133893579261226,-0.0133893579261226,-1,-1,-1,-1,-1,-1,-1,-1,-1,-1,-1,-1,-1,-1,-1,-1,-1,-1
7650,1,-1,-1,-1,-1,-1,-1,-1,-1,-1,-1,-1,-1,-1,-1,-1,-1,-1,0.026816423209634,0.026816423209634,0.026816423209634,0.026816423209634,0.0268164232096337,-0.00417002779462394,-0.00417002779462394,-0.00417002779462416,-0.00417002779462394,-0.00417002779462394,-1,-1,-1,-1,-1,-1,-1,-1,-1,-1,-1,-1,-1,-1,-1,-1,-1,-1
7649,1,-1,-1,-1,-1,-1,-1,-1,-1,-1,-1,-1,-1,-1,-1,-1,-1,-1,0.0278736904061883,0.0278736904061883,0.0278736904061883,0.0278736904061883,0.0278736904061883,-0.125677786010062,-0.125677786010062,-0.125677786010062,-0.125677786010062,-0.125677786010062,-1,-1,-1,-1,-1,-1,-1,-1,-1,-1,-1,-1,-1,-1,-1,-1,-1,-1
7648,1,-1,-1,-1,-1,-1,-1,-1,-1,-1,-1,-1,-1,-1,-1,-1,-1,-1,0.0238372815438419,0.0238372815438417,0.0238372815438417,0.0238372815438417,0.0238372815438419,-0.0285335007137464,-0.0285335007137464,-0.0285335007137464,-0.0285335007137462,-0.0285335007137464,-1,-1,-1,-1,-1,-1,-1,-1,-1,-1,-1,-1,-1,-1,-1,-1,-1,-1
7647,1,-1,-1,-1,-1,-1,-1,-1,-1,-1,-1,-1,-1,-1,-1,-1,-1,-1,0.0443697499232714,0.0443697499232711,0.0443697499232714,0.0443697499232713,0.0443697499232713,-0.104575749056067,-0.104575749056068,-0.104575749056067,-0.104575749056068,-0.104575749056067,-1,-1,-1,-1,-1,-1,-1,-1,-1,-1,-1,-1,-1,-1,-1,-1,-1,-1
7646,1,-1,-1,-1,-1,-1,-1,-1,-1,-1,-1,-1,-1,-1,-1,-1,-1,-1,-0.0602059991327962,-0.0602059991327962,-0.0602059991327962,-0.0602059991327963,-0.0602059991327962,0.0851937464544563,0.0851937464544562,0.0851937464544562,0.0851937464544563,0.0851937464544561,-1,-1,-1,-1,-1,-1,-1,-1,-1,-1,-1,-1,-1,-1,-1,-1,-1,-1
7645,1,-1,-1,-1,-1,-1,-1,-1,-1,-1,-1,-1,-1,-1,-1,-1,-1,-1,-0.0437686478953261,-0.0437686478953263,-0.0437686478953263,-0.0437686478953261,-0.0437686478953263,-0.197055348635859,-0.197055348635859,-0.197055348635859,-0.197055348635859,-0.197055348635859,-1,-1,-1,-1,-1,-1,-1,-1,-1,-1,-1,-1,-1,-1,-1,-1,-1,-1
7644,1,-1,-1,-1,-1,-1,-1,-1,-1,-1,-1,-1,-1,-1,-1,-1,-1,-1,-0.0193820026016114,-0.0193820026016112,-0.0193820026016114,-0.0193820026016112,-0.0193820026016114,-0.0468166412066735,-0.0468166412066737,-0.0468166412066735,-0.0468166412066735,-0.0468166412066737,-1,-1,-1,-1,-1,-1,-1,-1,-1,-1,-1,-1,-1,-1,-1,-1,-1,-1
7643,1,-1,-1,-1,-1,-1,-1,-1,-1,-1,-1,-1,-1,-1,-1,-1,-1,-1,-0.00620684674799388,-0.00620684674799366,-0.00620684674799388,-0.00620684674799366,-0.00620684674799366,-0.0954242509439327,-0.0954242509439325,-0.0954242509439323,-0.0954242509439327,-0.0954242509439325,-1,-1,-1,-1,-1,-1,-1,-1,-1,-1,-1,-1,-1,-1,-1,-1,-1,-1
7642,1,-1,-1,-1,-1,-1,-1,-1,-1,-1,-1,-1,-1,-1,-1,-1,-1,-1,0.0342477512522539,0.0342477512522539,0.0342477512522537,0.0342477512522539,0.0342477512522539,-0.0196263315851675,-0.0196263315851675,-0.0196263315851677,-0.0196263315851675,-0.0196263315851675,-1,-1,-1,-1,-1,-1,-1,-1,-1,-1,-1,-1,-1,-1,-1,-1,-1,-1
18646,1,-1,-1,-1,-1,-1,-1,-1,-1,-1,-1,-1,-1,-1,-1,-1,-1,-1,-1,-1,-1,-1,-1,-0.160482541714549,-0.160482541714549,-1,-1,-1,-1,-1,-1,-1,-1,-1,-1,-1,-1,-1,-1,-1,-1,-1,-1,-1,-1,-1
11827,1,-1,-1,-1,-1,-1,-1,-1,-1,-1,-1,-1,-1,-1,-1,-1,-1,-1,-1,-1,-1,-1,-1,-1,-1,-1,-1,-1,-1,-0.190824844171519,-0.190824844171519,0.0675015225547859,0.0675015225547861,0.0675015225547859,0.0675015225547859,0.0675015225547861,0.0675015225547859,0.0675015225547859,0.0675015225547859,-1,-1,-1,-1,-1,-1,-1
7641,1,-1,-1,-1,-1,-1,-1,-1,-1,-1,-1,-1,-1,-1,-1,-1,-1,-1,-0.0185508106473797,-0.0185508106473797,-0.0185508106473797,-0.0185508106473797,-0.0185508106473797,-0.0273165435544016,-0.0273165435544014,-0.0273165435544016,-0.0273165435544016,-0.0273165435544014,-1,-1,-1,-1,-1,-1,-1,-1,-1,-1,-1,-1,-1,-1,-1,-1,-1,-1
7640,1,-1,-1,-1,-1,-1,-1,-1,-1,-1,-1,-1,-1,-1,-1,-1,-1,-1,0.00827853703164494,0.00827853703164494,0.00827853703164516,0.00827853703164494,0.00827853703164494,-0.00704647529068136,-0.00704647529068114,-0.00704647529068136,-0.00704647529068136,-0.00704647529068136,-1,-1,-1,-1,-1,-1,-1,-1,-1,-1,-1,-1,-1,-1,-1,-1,-1,-1
7639,1,-1,-1,-1,-1,-1,-1,-1,-1,-1,-1,-1,-1,-1,-1,-1,-1,-1,0.00772588047122635,0.00772588047122613,0.00772588047122613,0.00772588047122613,0.00772588047122635,-0.030716783611566,-0.030716783611566,-0.0307167836115658,-0.030716783611566,-0.030716783611566,-1,-1,-1,-1,-1,-1,-1,-1,-1,-1,-1,-1,-1,-1,-1,-1,-1,-1
7638,1,-1,-1,-1,-1,-1,-1,-1,-1,-1,-1,-1,-1,-1,-1,-1,-1,-1,0.00915149811213511,0.009151498112135,0.009151498112135,0.009151498112135,0.009151498112135,-1,-1,-1,-1,-1,-1,-1,-1,-1,-1,-1,-1,-1,-1,-1,-1,-1,-1,-1,-1,-1,-1,-1
7637,1,-1,-1,-1,-1,-1,-1,-1,-1,-1,-1,-1,-1,-1,-1,-1,-1,-1,0.0334982174587528,0.0334982174587526,0.0334982174587528,0.0334982174587528,0.0334982174587526,-0.0360912128916262,-0.0360912128916262,-0.0360912128916264,-0.0360912128916262,-0.0360912128916262,-1,-1,-1,-1,-1,-1,-1,-1,-1,-1,-1,-1,-1,-1,-1,-1,-1,-1
7636,1,-1,-1,-1,-1,-1,-1,-1,-1,-1,-1,-1,-1,-1,-1,-1,-1,-1,-0.162582671328571,-0.162582671328571,-0.162582671328571,-0.162582671328571,-0.162582671328571,0.17501225267834,0.17501225267834,0.17501225267834,0.17501225267834,0.17501225267834,-1,-1,-1,-1,-1,-1,-1,-1,-1,-1,-1,-1,-1,-1,-1,-1,-1,-1
7635,1,-1,-1,-1,-1,-1,-1,-1,-1,-1,-1,-1,-1,-1,-1,-1,-1,-1,-0.0723455672035187,-0.0723455672035185,-0.0723455672035185,-0.0723455672035187,-0.0723455672035185,0.183290789709985,0.183290789709985,0.183290789709985,0.183290789709985,0.183290789709985,-1,-1,-1,-1,-1,-1,-1,-1,-1,-1,-1,-1,-1,-1,-1,-1,-1,-1
7634,1,-1,-1,-1,-1,-1,-1,-1,-1,-1,-1,-1,-1,-1,-1,-1,-1,-1,-0.155630250076729,-0.155630250076729,-0.155630250076729,-0.155630250076729,-0.155630250076729,0.218216093869466,0.218216093869466,0.218216093869467,0.218216093869467,0.218216093869466,-1,-1,-1,-1,-1,-1,-1,-1,-1,-1,-1,-1,-1,-1,-1,-1,-1,-1
7633,1,-1,-1,-1,-1,-1,-1,-1,-1,-1,-1,-1,-1,-1,-1,-1,-1,-1,-0.0352182518111362,-0.0352182518111362,-0.0352182518111362,-0.0352182518111362,-0.0352182518111362,-0.0602059991327962,-0.0602059991327963,-0.0602059991327962,-0.0602059991327963,-0.0602059991327962,-1,-1,-1,-1,-1,-1,-1,-1,-1,-1,-1,-1,-1,-1,-1,-1,-1,-1
7632,1,-1,-1,-1,-1,-1,-1,-1,-1,-1,-1,-1,-1,-1,-1,-1,-1,-1,0.1,0.1,0.1,0.1,0.1,0.1,0.1,0.1,0.1,0.1,-1,-1,-1,-1,-1,-1,-1,-1,-1,-1,-1,-1,-1,-1,-1,-1,-1,-1
7629,1,-1,-1,-1,-1,-1,-1,-1,-1,-1,-1,-1,-1,-1,-1,-1,-1,-1,0.02498774732166,0.02498774732166,0.02498774732166,0.02498774732166,0.02498774732166,-0.0580612260544415,-0.0580612260544415,-0.0580612260544418,-0.0580612260544418,-0.0580612260544415,-1,-1,-1,-1,-1,-1,-1,-1,-1,-1,-1,-1,-1,-1,-1,-1,-1,-1
7627,1,-1,-1,-1,-1,-1,-1,-1,-1,-1,-1,-1,-1,-1,-1,-1,-1,-1,0.0301029995663981,0.0301029995663982,0.0301029995663981,0.0301029995663981,0.0301029995663982,0.0301029995663981,0.0301029995663981,0.0301029995663981,0.0301029995663981,0.0301029995663981,-1,-1,-1,-1,-1,-1,-1,-1,-1,-1,-1,-1,-1,-1,-1,-1,-1,-1
7626,1,-1,-1,-1,-1,-1,-1,-1,-1,-1,-1,-1,-1,-1,-1,-1,-1,-1,-0.014007573321551,-0.014007573321551,-0.014007573321551,-0.014007573321551,-0.0140075733215512,-0.0374173286714288,-0.0374173286714288,-0.037417328671429,-0.037417328671429,-0.0374173286714288,-1,-1,-1,-1,-1,-1,-1,-1,-1,-1,-1,-1,-1,-1,-1,-1,-1,-1
7625,1,-1,-1,-1,-1,-1,-1,-1,-1,-1,-1,-1,-1,-1,-1,-1,-1,-1,-0.00319762107682608,-0.00319762107682608,-0.00319762107682608,-0.00319762107682608,-0.00319762107682608,-0.0391039621788014,-0.0391039621788014,-0.0391039621788014,-0.0391039621788014,-0.0391039621788016,-1,-1,-1,-1,-1,-1,-1,-1,-1,-1,-1,-1,-1,-1,-1,-1,-1,-1
7624,1,-1,-1,-1,-1,-1,-1,-1,-1,-1,-1,-1,-1,-1,-1,-1,-1,-1,-0.0954242509439324,-0.0954242509439326,-0.0954242509439324,-0.0954242509439325,-0.0954242509439325,-1,-1,-1,-1,-1,-1,-1,-1,-1,-1,-1,-1,-1,-1,-1,-1,-1,-1,-1,-1,-1,-1,-1
7623,1,-1,-1,-1,-1,-1,-1,-1,-1,-1,-1,-1,-1,-1,-1,-1,-1,-1,-0.015836249209525,-0.015836249209525,-0.015836249209525,-0.015836249209525,-0.0158362492095248,-0.0637517525248827,-0.0637517525248825,-0.0637517525248825,-0.0637517525248825,-0.0637517525248825,-1,-1,-1,-1,-1,-1,-1,-1,-1,-1,-1,-1,-1,-1,-1,-1,-1,-1
7622,1,-1,-1,-1,-1,-1,-1,-1,-1,-1,-1,-1,-1,-1,-1,-1,-1,-1,0.0811530692367988,0.0811530692367988,0.0811530692367988,0.081153069236799,0.0811530692367988,0.0265251130549182,0.0265251130549182,0.0265251130549182,0.0265251130549182,0.026525113054918,-1,-1,-1,-1,-1,-1,-1,-1,-1,-1,-1,-1,-1,-1,-1,-1,-1,-1
7621,1,-1,-1,-1,-1,-1,-1,-1,-1,-1,-1,-1,-1,-1,-1,-1,-1,-1,0.0292256071356476,0.0292256071356476,0.0292256071356476,0.0292256071356476,0.0292256071356476,-0.194007355324511,-0.194007355324512,-0.194007355324511,-0.194007355324511,-0.194007355324511,-1,-1,-1,-1,-1,-1,-1,-1,-1,-1,-1,-1,-1,-1,-1,-1,-1,-1
7620,1,-1,-1,-1,-1,-1,-1,-1,-1,-1,-1,-1,-1,-1,-1,-1,-1,-1,0,0,0,0,0,-1,-1,-1,-1,-1,-1,-1,-1,-1,-1,-1,-1,-1,-1,-1,-1,-1,-1,-1,-1,-1,-1,-1
7619,1,-1,-1,-1,-1,-1,-1,-1,-1,-1,-1,-1,-1,-1,-1,-1,-1,-1,0.0602059991327963,0.0602059991327961,0.0602059991327962,0.0602059991327962,0.0602059991327963,0.02498774732166,0.02498774732166,0.02498774732166,0.02498774732166,0.02498774732166,-1,-1,-1,-1,-1,-1,-1,-1,-1,-1,-1,-1,-1,-1,-1,-1,-1,-1
7617,1,-1,-1,-1,-1,-1,-1,-1,-1,-1,-1,-1,-1,-1,-1,-1,-1,-1,0.150665533331722,0.150665533331722,0.150665533331722,0.150665533331722,0.150665533331722,0.0521825544911998,0.0521825544911998,0.0521825544911996,0.0521825544911998,0.0521825544911998,-1,-1,-1,-1,-1,-1,-1,-1,-1,-1,-1,-1,-1,-1,-1,-1,-1,-1
7615,1,-1,-1,-1,-1,-1,-1,-1,-1,-1,-1,-1,-1,-1,-1,-1,-1,-1,0.143438964888444,0.143438964888444,0.143438964888444,0.143438964888444,0.143438964888444,-0.00489475387664018,-0.00489475387663996,-0.00489475387664018,-0.00489475387664018,-0.00489475387664018,-1,-1,-1,-1,-1,-1,-1,-1,-1,-1,-1,-1,-1,-1,-1,-1,-1,-1
7614,1,-1,-1,-1,-1,-1,-1,-1,-1,-1,-1,-1,-1,-1,-1,-1,-1,-1,0.215836249209525,0.215836249209525,0.215836249209525,0.215836249209525,0.215836249209525,-0.0115983893955371,-0.0115983893955374,-0.0115983893955374,-0.0115983893955374,-0.0115983893955374,-1,-1,-1,-1,-1,-1,-1,-1,-1,-1,-1,-1,-1,-1,-1,-1,-1,-1
7613,1,-1,-1,-1,-1,-1,-1,-1,-1,-1,-1,-1,-1,-1,-1,-1,-1,-1,0.142763825074988,0.142763825074988,0.142763825074987,0.142763825074988,0.142763825074987,-0.150665533331722,-0.150665533331722,-0.150665533331722,-0.150665533331722,-0.150665533331722,-1,-1,-1,-1,-1,-1,-1,-1,-1,-1,-1,-1,-1,-1,-1,-1,-1,-1
7612,1,-1,-1,-1,-1,-1,-1,-1,-1,-1,-1,-1,-1,-1,-1,-1,-1,-1,0.0867311121877143,0.0867311121877145,0.0867311121877146,0.0867311121877143,0.0867311121877143,-0.195544721057769,-0.19554472105777,-0.19554472105777,-0.195544721057769,-0.19554472105777,-1,-1,-1,-1,-1,-1,-1,-1,-1,-1,-1,-1,-1,-1,-1,-1,-1,-1
7611,1,-1,-1,-1,-1,-1,-1,-1,-1,-1,-1,-1,-1,-1,-1,-1,-1,-1,0.0249877473216599,0.0249877473216601,0.0249877473216599,0.02498774732166,0.0249877473216601,0.162582671328571,0.162582671328571,0.162582671328571,0.162582671328571,0.162582671328571,-1,-1,-1,-1,-1,-1,-1,-1,-1,-1,-1,-1,-1,-1,-1,-1,-1,-1
7610,1,-1,-1,-1,-1,-1,-1,-1,-1,-1,-1,-1,-1,-1,-1,-1,-1,-1,0.0602059991327962,0.0602059991327962,0.0602059991327962,0.0602059991327963,0.0602059991327961,0.0115983893955374,0.0115983893955374,0.0115983893955374,0.0115983893955374,0.0115983893955374,-1,-1,-1,-1,-1,-1,-1,-1,-1,-1,-1,-1,-1,-1,-1,-1,-1,-1
7609,1,-1,-1,-1,-1,-1,-1,-1,-1,-1,-1,-1,-1,-1,-1,-1,-1,-1,0.0394050331782647,0.0394050331782649,0.0394050331782647,0.0394050331782649,0.0394050331782647,-0.0443697499232711,-0.0443697499232714,-0.0443697499232711,-0.0443697499232714,-0.0443697499232714,-1,-1,-1,-1,-1,-1,-1,-1,-1,-1,-1,-1,-1,-1,-1,-1,-1,-1
7608,1,-1,-1,-1,-1,-1,-1,-1,-1,-1,-1,-1,-1,-1,-1,-1,-1,-1,-0.0176091259055681,-0.0176091259055681,-0.0176091259055682,-0.0176091259055681,-0.0176091259055681,-0.0176091259055681,-0.0176091259055681,-0.0176091259055681,-0.0176091259055682,-0.0176091259055681,-1,-1,-1,-1,-1,-1,-1,-1,-1,-1,-1,-1,-1,-1,-1,-1,-1,-1
7606,1,-1,-1,-1,-1,-1,-1,-1,-1,-1,-1,-1,-1,-1,-1,-1,-1,-1,0.00755771217787982,0.00755771217788004,0.00755771217787982,0.00755771217788004,0.00755771217788004,-0.0352182518111364,-0.0352182518111361,-0.0352182518111364,-0.0352182518111362,-0.0352182518111362,-1,-1,-1,-1,-1,-1,-1,-1,-1,-1,-1,-1,-1,-1,-1,-1,-1,-1
7605,1,-1,-1,-1,-1,-1,-1,-1,-1,-1,-1,-1,-1,-1,-1,-1,-1,-1,-0.0532535778809538,-0.0532535778809538,-0.053253577880954,-0.0532535778809538,-0.053253577880954,-0.162582671328571,-0.162582671328571,-0.162582671328571,-0.162582671328571,-0.162582671328571,-1,-1,-1,-1,-1,-1,-1,-1,-1,-1,-1,-1,-1,-1,-1,-1,-1,-1
7604,1,-1,-1,-1,-1,-1,-1,-1,-1,-1,-1,-1,-1,-1,-1,-1,-1,-1,-0.0115983893955371,-0.0115983893955374,-0.0115983893955374,-0.0115983893955374,-0.0115983893955374,-0.00423785981398761,-0.00423785981398761,-0.00423785981398761,-0.00423785981398761,-0.00423785981398761,-1,-1,-1,-1,-1,-1,-1,-1,-1,-1,-1,-1,-1,-1,-1,-1,-1,-1
7603,1,-1,-1,-1,-1,-1,-1,-1,-1,-1,-1,-1,-1,-1,-1,-1,-1,-1,-0.015836249209525,-0.015836249209525,-0.015836249209525,-0.015836249209525,-0.015836249209525,-0.0443697499232711,-0.0443697499232714,-0.0443697499232714,-0.0443697499232711,-0.0443697499232714,-1,-1,-1,-1,-1,-1,-1,-1,-1,-1,-1,-1,-1,-1,-1,-1,-1,-1
7602,1,-1,-1,-1,-1,-1,-1,-1,-1,-1,-1,-1,-1,-1,-1,-1,-1,-1,-0.0352182518111362,-0.0352182518111362,-0.0352182518111362,-0.0352182518111362,-0.0352182518111362,-0.015836249209525,-0.0158362492095249,-0.0158362492095251,-0.0158362492095249,-0.015836249209525,-1,-1,-1,-1,-1,-1,-1,-1,-1,-1,-1,-1,-1,-1,-1,-1,-1,-1
7601,1,-1,-1,-1,-1,-1,-1,-1,-1,-1,-1,-1,-1,-1,-1,-1,-1,-1,-0.009151498112135,-0.00915149811213523,-0.009151498112135,-0.009151498112135,-0.009151498112135,-1,-1,-1,-1,-1,-1,-1,-1,-1,-1,-1,-1,-1,-1,-1,-1,-1,-1,-1,-1,-1,-1,-1
7600,1,-1,-1,-1,-1,-1,-1,-1,-1,-1,-1,-1,-1,-1,-1,-1,-1,-1,0.0820348930178099,0.0820348930178098,0.0820348930178099,0.0820348930178099,0.0820348930178099,0.0212910661828574,0.0212910661828576,0.0212910661828571,0.0212910661828574,0.0212910661828574,-1,-1,-1,-1,-1,-1,-1,-1,-1,-1,-1,-1,-1,-1,-1,-1,-1,-1
7599,1,-1,-1,-1,-1,-1,-1,-1,-1,-1,-1,-1,-1,-1,-1,-1,-1,-1,0.0145101334297224,0.0145101334297222,0.0145101334297224,0.0145101334297224,0.0145101334297222,0.0180353260698178,0.0180353260698174,0.0180353260698176,0.0180353260698176,0.0180353260698176,-1,-1,-1,-1,-1,-1,-1,-1,-1,-1,-1,-1,-1,-1,-1,-1,-1,-1
7598,1,-1,-1,-1,-1,-1,-1,-1,-1,-1,-1,-1,-1,-1,-1,-1,-1,-1,0.0141162148571414,0.0141162148571414,0.0141162148571417,0.0141162148571414,0.0141162148571414,-0.037417328671429,-0.0374173286714288,-0.037417328671429,-0.0374173286714288,-0.037417328671429,-1,-1,-1,-1,-1,-1,-1,-1,-1,-1,-1,-1,-1,-1,-1,-1,-1,-1
7597,1,-1,-1,-1,-1,-1,-1,-1,-1,-1,-1,-1,-1,-1,-1,-1,-1,-1,-0.0038610310390772,-0.00386103103907742,-0.00386103103907742,-0.0038610310390772,-0.00386103103907742,-0.0994649281615898,-0.0994649281615898,-0.09946492816159,-0.0994649281615898,-0.0994649281615899,-1,-1,-1,-1,-1,-1,-1,-1,-1,-1,-1,-1,-1,-1,-1,-1,-1,-1
7596,1,-1,-1,-1,-1,-1,-1,-1,-1,-1,-1,-1,-1,-1,-1,-1,-1,-1,-0.0735953570589188,-0.073595357058919,-0.0735953570589188,-0.073595357058919,-0.0735953570589188,0.0851937464544563,0.0851937464544562,0.0851937464544562,0.0851937464544563,0.0851937464544561,-1,-1,-1,-1,-1,-1,-1,-1,-1,-1,-1,-1,-1,-1,-1,-1,-1,-1
7595,1,-1,-1,-1,-1,-1,-1,-1,-1,-1,-1,-1,-1,-1,-1,-1,-1,-1,-0.0285335007137462,-0.0285335007137464,-0.0285335007137464,-0.0285335007137464,-0.0285335007137462,-0.0468166412066735,-0.0468166412066737,-0.0468166412066735,-0.0468166412066737,-0.0468166412066735,-1,-1,-1,-1,-1,-1,-1,-1,-1,-1,-1,-1,-1,-1,-1,-1,-1,-1
7590,1,-1,-1,-1,-1,-1,-1,-1,-1,-1,-1,-1,-1,-1,-1,-1,-1,-1,0.0602059991327963,0.0602059991327961,0.0602059991327962,0.0602059991327962,0.0602059991327963,0.0565093179939935,0.0565093179939937,0.0565093179939935,0.0565093179939937,0.0565093179939935,-1,-1,-1,-1,-1,-1,-1,-1,-1,-1,-1,-1,-1,-1,-1,-1,-1,-1
7589,1,-1,-1,-1,-1,-1,-1,-1,-1,-1,-1,-1,-1,-1,-1,-1,-1,-1,-0.0145101334297224,-0.0145101334297222,-0.0145101334297224,-0.0145101334297224,-0.0145101334297224,0.0145101334297224,0.0145101334297224,0.0145101334297224,0.0145101334297224,0.0145101334297222,-1,-1,-1,-1,-1,-1,-1,-1,-1,-1,-1,-1,-1,-1,-1,-1,-1,-1
7587,1,-1,-1,-1,-1,-1,-1,-1,-1,-1,-1,-1,-1,-1,-1,-1,-1,-1,0.0147572428321838,0.0147572428321836,0.0147572428321836,0.0147572428321838,0.0147572428321838,-0.04997549464332,-0.0499754946433202,-0.04997549464332,-0.04997549464332,-0.04997549464332,-1,-1,-1,-1,-1,-1,-1,-1,-1,-1,-1,-1,-1,-1,-1,-1,-1,-1
7585,1,-1,-1,-1,-1,-1,-1,-1,-1,-1,-1,-1,-1,-1,-1,-1,-1,-1,-0.0125293618275779,-0.0125293618275779,-0.0125293618275777,-0.0125293618275779,-0.0125293618275777,-0.01643735123747,-0.01643735123747,-0.01643735123747,-0.01643735123747,-0.01643735123747,-1,-1,-1,-1,-1,-1,-1,-1,-1,-1,-1,-1,-1,-1,-1,-1,-1,-1
7584,1,-1,-1,-1,-1,-1,-1,-1,-1,-1,-1,-1,-1,-1,-1,-1,-1,-1,-0.015836249209525,-0.0158362492095249,-0.0158362492095251,-0.0158362492095249,-0.015836249209525,0,0,0,0,0,-1,-1,-1,-1,-1,-1,-1,-1,-1,-1,-1,-1,-1,-1,-1,-1,-1,-1
7583,1,-1,-1,-1,-1,-1,-1,-1,-1,-1,-1,-1,-1,-1,-1,-1,-1,-1,0.0263775193127256,0.0263775193127256,0.0263775193127256,0.0263775193127256,0.0263775193127256,-0.0133893579261226,-0.0133893579261228,-0.0133893579261226,-0.0133893579261226,-0.0133893579261226,-1,-1,-1,-1,-1,-1,-1,-1,-1,-1,-1,-1,-1,-1,-1,-1,-1,-1
7582,1,-1,-1,-1,-1,-1,-1,-1,-1,-1,-1,-1,-1,-1,-1,-1,-1,-1,-0.0254485383035727,-0.025448538303573,-0.0254485383035727,-0.025448538303573,-0.0254485383035727,-0.038995320643211,-0.038995320643211,-0.0389953206432112,-0.038995320643211,-0.038995320643211,-1,-1,-1,-1,-1,-1,-1,-1,-1,-1,-1,-1,-1,-1,-1,-1,-1,-1
7580,1,-1,-1,-1,-1,-1,-1,-1,-1,-1,-1,-1,-1,-1,-1,-1,-1,-1,0.0352182518111364,0.0352182518111361,0.0352182518111364,0.0352182518111361,0.0352182518111364,0.0559681393188085,0.0559681393188087,0.0559681393188085,0.0559681393188087,0.0559681393188085,-1,-1,-1,-1,-1,-1,-1,-1,-1,-1,-1,-1,-1,-1,-1,-1,-1,-1
7579,1,-1,-1,-1,-1,-1,-1,-1,-1,-1,-1,-1,-1,-1,-1,-1,-1,-1,0,0,0,0,0,-0.106295783408451,-0.106295783408451,-0.106295783408451,-0.106295783408451,-0.106295783408451,-1,-1,-1,-1,-1,-1,-1,-1,-1,-1,-1,-1,-1,-1,-1,-1,-1,-1
7578,1,-1,-1,-1,-1,-1,-1,-1,-1,-1,-1,-1,-1,-1,-1,-1,-1,-1,0.0238372815438419,0.0238372815438417,0.0238372815438417,0.0238372815438417,0.0238372815438419,-0.0567993312730402,-0.0567993312730404,-0.0567993312730399,-0.0567993312730404,-0.0567993312730402,-1,-1,-1,-1,-1,-1,-1,-1,-1,-1,-1,-1,-1,-1,-1,-1,-1,-1
7577,1,-1,-1,-1,-1,-1,-1,-1,-1,-1,-1,-1,-1,-1,-1,-1,-1,-1,0.0486076097372589,0.0486076097372589,0.0486076097372589,0.048607609737259,0.0486076097372589,-0.0735953570589188,-0.073595357058919,-0.0735953570589188,-0.073595357058919,-0.0735953570589188,-1,-1,-1,-1,-1,-1,-1,-1,-1,-1,-1,-1,-1,-1,-1,-1,-1,-1
7576,1,-1,-1,-1,-1,-1,-1,-1,-1,-1,-1,-1,-1,-1,-1,-1,-1,-1,0,0,0,0,0,0.0735953570589188,0.073595357058919,0.0735953570589187,0.0735953570589192,0.0735953570589187,-1,-1,-1,-1,-1,-1,-1,-1,-1,-1,-1,-1,-1,-1,-1,-1,-1,-1
7575,1,-1,-1,-1,-1,-1,-1,-1,-1,-1,-1,-1,-1,-1,-1,-1,-1,-1,-0.014212671165089,-0.0142126711650892,-0.014212671165089,-0.0142126711650892,-0.014212671165089,0.00739671325063385,0.00739671325063407,0.00739671325063407,0.00739671325063385,0.00739671325063407,-1,-1,-1,-1,-1,-1,-1,-1,-1,-1,-1,-1,-1,-1,-1,-1,-1,-1
7574,1,-1,-1,-1,-1,-1,-1,-1,-1,-1,-1,-1,-1,-1,-1,-1,-1,-1,-0.0735953570589188,-0.073595357058919,-0.0735953570589188,-0.073595357058919,-0.0735953570589188,0,0,0,0,0,-1,-1,-1,-1,-1,-1,-1,-1,-1,-1,-1,-1,-1,-1,-1,-1,-1,-1
7572,1,-1,-1,-1,-1,-1,-1,-1,-1,-1,-1,-1,-1,-1,-1,-1,-1,-1,0.111260500153457,0.111260500153457,0.111260500153457,0.111260500153457,0.111260500153457,-0.015836249209525,-0.015836249209525,-0.015836249209525,-0.015836249209525,-0.015836249209525,-1,-1,-1,-1,-1,-1,-1,-1,-1,-1,-1,-1,-1,-1,-1,-1,-1,-1
7571,1,-1,-1,-1,-1,-1,-1,-1,-1,-1,-1,-1,-1,-1,-1,-1,-1,-1,0.0704365036222725,0.0704365036222725,0.0704365036222725,0.0704365036222725,0.0704365036222725,-0.0510545010206612,-0.0510545010206612,-0.0510545010206612,-0.0510545010206611,-0.0510545010206612,-1,-1,-1,-1,-1,-1,-1,-1,-1,-1,-1,-1,-1,-1,-1,-1,-1,-1
7570,1,-1,-1,-1,-1,-1,-1,-1,-1,-1,-1,-1,-1,-1,-1,-1,-1,-1,0.0208868141901188,0.0208868141901184,0.0208868141901184,0.0208868141901184,0.0208868141901184,-0.0461561140966564,-0.0461561140966569,-0.0461561140966562,-0.0461561140966567,-0.0461561140966564,-1,-1,-1,-1,-1,-1,-1,-1,-1,-1,-1,-1,-1,-1,-1,-1,-1,-1
7569,1,-1,-1,-1,-1,-1,-1,-1,-1,-1,-1,-1,-1,-1,-1,-1,-1,-1,0.00255485760728558,0.00255485760728602,0.00255485760728558,0.00255485760728602,0.00255485760728558,-0.0361675388160285,-0.0361675388160285,-0.0361675388160285,-0.0361675388160287,-0.0361675388160285,-1,-1,-1,-1,-1,-1,-1,-1,-1,-1,-1,-1,-1,-1,-1,-1,-1,-1
7568,1,-1,-1,-1,-1,-1,-1,-1,-1,-1,-1,-1,-1,-1,-1,-1,-1,-1,0.0155986050219377,0.0155986050219379,0.0155986050219377,0.0155986050219379,0.0155986050219377,-0.00119807273783756,-0.00119807273783756,-0.00119807273783734,-0.00119807273783756,-0.00119807273783734,-1,-1,-1,-1,-1,-1,-1,-1,-1,-1,-1,-1,-1,-1,-1,-1,-1,-1
7567,1,-1,-1,-1,-1,-1,-1,-1,-1,-1,-1,-1,-1,-1,-1,-1,-1,-1,-0.0251797007619499,-0.0251797007619499,-0.0251797007619499,-0.0251797007619499,-0.0251797007619503,-0.000772084162647513,-0.000772084162647513,-0.000772084162647513,-0.000772084162647957,-0.000772084162647513,-1,-1,-1,-1,-1,-1,-1,-1,-1,-1,-1,-1,-1,-1,-1,-1,-1,-1
7566,1,-1,-1,-1,-1,-1,-1,-1,-1,-1,-1,-1,-1,-1,-1,-1,-1,-1,0.00282492853832128,0.00282492853832128,0.00282492853832084,0.00282492853832128,0.00282492853832128,-0.0159753347418552,-0.0159753347418552,-0.0159753347418552,-0.0159753347418552,-0.0159753347418552,-1,-1,-1,-1,-1,-1,-1,-1,-1,-1,-1,-1,-1,-1,-1,-1,-1,-1
7565,1,-1,-1,-1,-1,-1,-1,-1,-1,-1,-1,-1,-1,-1,-1,-1,-1,-1,0.0243988711923038,0.0243988711923036,0.0243988711923038,0.0243988711923038,0.0243988711923038,-0.00548764966938786,-0.00548764966938808,-0.00548764966938786,-0.00548764966938786,-0.00548764966938786,-1,-1,-1,-1,-1,-1,-1,-1,-1,-1,-1,-1,-1,-1,-1,-1,-1,-1
7564,1,-1,-1,-1,-1,-1,-1,-1,-1,-1,-1,-1,-1,-1,-1,-1,-1,-1,-0.0186234047981835,-0.0186234047981835,-0.0186234047981835,-0.0186234047981835,-0.0186234047981835,-0.0237379574662597,-0.0237379574662595,-0.02373795746626,-0.0237379574662595,-0.0237379574662597,-1,-1,-1,-1,-1,-1,-1,-1,-1,-1,-1,-1,-1,-1,-1,-1,-1,-1
7563,1,-1,-1,-1,-1,-1,-1,-1,-1,-1,-1,-1,-1,-1,-1,-1,-1,-1,-0.0146635944173106,-0.0146635944173108,-0.0146635944173106,-0.0146635944173108,-0.0146635944173108,-0.0280357406330072,-0.0280357406330074,-0.0280357406330074,-0.0280357406330074,-0.0280357406330074,-1,-1,-1,-1,-1,-1,-1,-1,-1,-1,-1,-1,-1,-1,-1,-1,-1,-1
7562,1,-1,-1,-1,-1,-1,-1,-1,-1,-1,-1,-1,-1,-1,-1,-1,-1,-1,0.00744961148392598,0.00744961148392576,0.00744961148392598,0.00744961148392598,0.00744961148392576,-0.00616278948284399,-0.00616278948284377,-0.00616278948284399,-0.00616278948284399,-0.00616278948284377,-1,-1,-1,-1,-1,-1,-1,-1,-1,-1,-1,-1,-1,-1,-1,-1,-1,-1
7561,1,-1,-1,-1,-1,-1,-1,-1,-1,-1,-1,-1,-1,-1,-1,-1,-1,-1,-0.0774563880979962,-0.0774563880979962,-0.0774563880979962,-0.0774563880979962,-0.0774563880979962,-0.0276605396332563,-0.0276605396332563,-0.0276605396332563,-0.0276605396332563,-0.0276605396332563,-1,-1,-1,-1,-1,-1,-1,-1,-1,-1,-1,-1,-1,-1,-1,-1,-1,-1
7560,1,-1,-1,-1,-1,-1,-1,-1,-1,-1,-1,-1,-1,-1,-1,-1,-1,-1,-0.0399144709810408,-0.0399144709810408,-0.0399144709810408,-0.0399144709810408,-0.0399144709810408,-0.0602059991327963,-0.0602059991327961,-0.0602059991327963,-0.0602059991327963,-0.0602059991327961,-1,-1,-1,-1,-1,-1,-1,-1,-1,-1,-1,-1,-1,-1,-1,-1,-1,-1
7559,1,-1,-1,-1,-1,-1,-1,-1,-1,-1,-1,-1,-1,-1,-1,-1,-1,-1,-0.0143764014612251,-0.0143764014612251,-0.0143764014612251,-0.0143764014612251,-0.0143764014612251,-0.0131003097512865,-0.0131003097512865,-0.0131003097512863,-0.0131003097512865,-0.0131003097512865,-1,-1,-1,-1,-1,-1,-1,-1,-1,-1,-1,-1,-1,-1,-1,-1,-1,-1
7558,1,-1,-1,-1,-1,-1,-1,-1,-1,-1,-1,-1,-1,-1,-1,-1,-1,-1,0.0141162148571414,0.0141162148571414,0.0141162148571414,0.0141162148571417,0.0141162148571412,-0.0309803919971485,-0.0309803919971487,-0.0309803919971485,-0.0309803919971485,-0.0309803919971487,-1,-1,-1,-1,-1,-1,-1,-1,-1,-1,-1,-1,-1,-1,-1,-1,-1,-1
7557,1,-1,-1,-1,-1,-1,-1,-1,-1,-1,-1,-1,-1,-1,-1,-1,-1,-1,0.00812357018165288,0.00812357018165288,0.00812357018165266,0.00812357018165311,0.00812357018165266,-0.040823996531185,-0.040823996531185,-0.040823996531185,-0.040823996531185,-0.040823996531185,-1,-1,-1,-1,-1,-1,-1,-1,-1,-1,-1,-1,-1,-1,-1,-1,-1,-1
7556,1,-1,-1,-1,-1,-1,-1,-1,-1,-1,-1,-1,-1,-1,-1,-1,-1,-1,0.0602059991327963,0.0602059991327962,0.0602059991327962,0.0602059991327962,0.0602059991327962,-1,-1,-1,-1,-1,-1,-1,-1,-1,-1,-1,-1,-1,-1,-1,-1,-1,-1,-1,-1,-1,-1,-1
7554,1,-1,-1,-1,-1,-1,-1,-1,-1,-1,-1,-1,-1,-1,-1,-1,-1,-1,0.120411998265593,0.120411998265592,0.120411998265592,0.120411998265593,0.120411998265592,-0.0468166412066737,-0.0468166412066735,-0.0468166412066736,-0.0468166412066736,-0.0468166412066736,-1,-1,-1,-1,-1,-1,-1,-1,-1,-1,-1,-1,-1,-1,-1,-1,-1,-1
7553,1,-1,-1,-1,-1,-1,-1,-1,-1,-1,-1,-1,-1,-1,-1,-1,-1,-1,0.0602059991327963,0.0602059991327962,0.0602059991327962,0.0602059991327963,0.0602059991327963,0.108813608870055,0.108813608870055,0.108813608870055,0.108813608870055,0.108813608870055,-1,-1,-1,-1,-1,-1,-1,-1,-1,-1,-1,-1,-1,-1,-1,-1,-1,-1
7552,1,-1,-1,-1,-1,-1,-1,-1,-1,-1,-1,-1,-1,-1,-1,-1,-1,-1,0.0309803919971487,0.0309803919971485,0.0309803919971487,0.0309803919971485,0.0309803919971485,-0.0851937464544561,-0.0851937464544563,-0.0851937464544561,-0.0851937464544563,-0.0851937464544561,-1,-1,-1,-1,-1,-1,-1,-1,-1,-1,-1,-1,-1,-1,-1,-1,-1,-1
7550,1,-1,-1,-1,-1,-1,-1,-1,-1,-1,-1,-1,-1,-1,-1,-1,-1,-1,0.0661986438082849,0.0661986438082849,0.0661986438082848,0.0661986438082851,0.0661986438082849,0.0602059991327961,0.0602059991327961,0.0602059991327963,0.0602059991327963,0.0602059991327961,-1,-1,-1,-1,-1,-1,-1,-1,-1,-1,-1,-1,-1,-1,-1,-1,-1,-1
7549,1,-1,-1,-1,-1,-1,-1,-1,-1,-1,-1,-1,-1,-1,-1,-1,-1,-1,0.0851937464544563,0.0851937464544562,0.0851937464544562,0.0851937464544563,0.0851937464544561,0,0,0,0,0,-1,-1,-1,-1,-1,-1,-1,-1,-1,-1,-1,-1,-1,-1,-1,-1,-1,-1
7548,1,-1,-1,-1,-1,-1,-1,-1,-1,-1,-1,-1,-1,-1,-1,-1,-1,-1,0.0352182518111364,0.0352182518111364,0.0352182518111361,0.0352182518111361,0.0352182518111364,0.0154331909624599,0.0154331909624599,0.0154331909624597,0.0154331909624601,0.0154331909624597,-1,-1,-1,-1,-1,-1,-1,-1,-1,-1,-1,-1,-1,-1,-1,-1,-1,-1
11816,1,-1,-1,-1,-1,-1,-1,-1,-1,-1,-1,-1,-1,-1,-1,-1,-1,-1,-1,-1,-1,-1,-1,-1,-1,-1,-1,-1,-1,-0.27733055892385,-0.27733055892385,0.0277310937020445,0.0277310937020445,0.0277310937020445,0.027731093702045,0.0277310937020445,0.0277310937020445,0.0277310937020445,0.0277310937020445,-1,-1,-1,-1,-1,-1,-1
7547,1,-1,-1,-1,-1,-1,-1,-1,-1,-1,-1,-1,-1,-1,-1,-1,-1,-1,-0.0276605396332563,-0.0276605396332563,-0.0276605396332563,-0.0276605396332563,-0.0276605396332563,0,0,0,0,0,-1,-1,-1,-1,-1,-1,-1,-1,-1,-1,-1,-1,-1,-1,-1,-1,-1,-1
7546,1,-1,-1,-1,-1,-1,-1,-1,-1,-1,-1,-1,-1,-1,-1,-1,-1,-1,0.00327808323763379,0.00327808323763401,0.00327808323763379,0.00327808323763401,0.00327808323763379,-0.013927185628279,-0.0139271856282788,-0.013927185628279,-0.0139271856282788,-0.013927185628279,-1,-1,-1,-1,-1,-1,-1,-1,-1,-1,-1,-1,-1,-1,-1,-1,-1,-1
7545,1,-1,-1,-1,-1,-1,-1,-1,-1,-1,-1,-1,-1,-1,-1,-1,-1,-1,0.046514523001626,0.046514523001626,0.0465145230016257,0.046514523001626,0.046514523001626,-0.0271325204000146,-0.0271325204000146,-0.0271325204000148,-0.0271325204000146,-0.0271325204000146,-1,-1,-1,-1,-1,-1,-1,-1,-1,-1,-1,-1,-1,-1,-1,-1,-1,-1
7544,1,-1,-1,-1,-1,-1,-1,-1,-1,-1,-1,-1,-1,-1,-1,-1,-1,-1,0.0225408560382576,0.0225408560382576,0.0225408560382576,0.0225408560382578,0.0225408560382576,0.0115983893955374,0.0115983893955374,0.0115983893955374,0.0115983893955371,0.0115983893955374,-1,-1,-1,-1,-1,-1,-1,-1,-1,-1,-1,-1,-1,-1,-1,-1,-1,-1
7543,1,-1,-1,-1,-1,-1,-1,-1,-1,-1,-1,-1,-1,-1,-1,-1,-1,-1,-0.040823996531185,-0.040823996531185,-0.040823996531185,-0.040823996531185,-0.040823996531185,0,0,0,0,0,-1,-1,-1,-1,-1,-1,-1,-1,-1,-1,-1,-1,-1,-1,-1,-1,-1,-1
7541,1,-1,-1,-1,-1,-1,-1,-1,-1,-1,-1,-1,-1,-1,-1,-1,-1,-1,-0.036147232820289,-0.036147232820289,-0.036147232820289,-0.036147232820289,-0.036147232820289,-0.00284808782292201,-0.00284808782292201,-0.00284808782292223,-0.00284808782292201,-0.00284808782292201,-1,-1,-1,-1,-1,-1,-1,-1,-1,-1,-1,-1,-1,-1,-1,-1,-1,-1
7539,1,-1,-1,-1,-1,-1,-1,-1,-1,-1,-1,-1,-1,-1,-1,-1,-1,-1,0.00790170825673475,0.00790170825673475,0.00790170825673475,0.00790170825673475,0.00790170825673453,0.00724243453088902,0.0072424345308888,0.00724243453088902,0.00724243453088902,0.00724243453088902,-1,-1,-1,-1,-1,-1,-1,-1,-1,-1,-1,-1,-1,-1,-1,-1,-1,-1
7538,1,-1,-1,-1,-1,-1,-1,-1,-1,-1,-1,-1,-1,-1,-1,-1,-1,-1,0.139794000867204,0.139794000867204,0.139794000867204,0.139794000867204,0.139794000867204,-0.0795880017344076,-0.0795880017344075,-0.0795880017344074,-0.0795880017344076,-0.0795880017344076,-1,-1,-1,-1,-1,-1,-1,-1,-1,-1,-1,-1,-1,-1,-1,-1,-1,-1
7537,1,-1,-1,-1,-1,-1,-1,-1,-1,-1,-1,-1,-1,-1,-1,-1,-1,-1,-0.0684845361644414,-0.0684845361644412,-0.0684845361644413,-0.0684845361644413,-0.0684845361644412,-0.0795880017344076,-0.0795880017344075,-0.0795880017344074,-0.0795880017344076,-0.0795880017344076,-1,-1,-1,-1,-1,-1,-1,-1,-1,-1,-1,-1,-1,-1,-1,-1,-1,-1
7536,1,-1,-1,-1,-1,-1,-1,-1,-1,-1,-1,-1,-1,-1,-1,-1,-1,-1,-0.0158362492095252,-0.0158362492095248,-0.0158362492095252,-0.0158362492095248,-0.0158362492095252,-0.0201340323762724,-0.0201340323762729,-0.0201340323762724,-0.0201340323762729,-0.0201340323762724,-1,-1,-1,-1,-1,-1,-1,-1,-1,-1,-1,-1,-1,-1,-1,-1,-1,-1
7535,1,-1,-1,-1,-1,-1,-1,-1,-1,-1,-1,-1,-1,-1,-1,-1,-1,-1,-0.169019608002851,-0.169019608002851,-0.169019608002851,-0.169019608002851,-0.169019608002851,-1,-1,-1,-1,-1,-1,-1,-1,-1,-1,-1,-1,-1,-1,-1,-1,-1,-1,-1,-1,-1,-1,-1
7534,1,-1,-1,-1,-1,-1,-1,-1,-1,-1,-1,-1,-1,-1,-1,-1,-1,-1,-0.0152180338140966,-0.0152180338140966,-0.0152180338140966,-0.0152180338140966,-0.0152180338140966,0.026816423209634,0.026816423209634,0.026816423209634,0.026816423209634,0.0268164232096337,-1,-1,-1,-1,-1,-1,-1,-1,-1,-1,-1,-1,-1,-1,-1,-1,-1,-1
7533,1,-1,-1,-1,-1,-1,-1,-1,-1,-1,-1,-1,-1,-1,-1,-1,-1,-1,0.048146818755346,0.048146818755346,0.048146818755346,0.0481468187553462,0.048146818755346,-0.19462557071994,-0.19462557071994,-0.19462557071994,-0.19462557071994,-0.19462557071994,-1,-1,-1,-1,-1,-1,-1,-1,-1,-1,-1,-1,-1,-1,-1,-1,-1,-1
7532,1,-1,-1,-1,-1,-1,-1,-1,-1,-1,-1,-1,-1,-1,-1,-1,-1,-1,0.0474721831589207,0.0474721831589209,0.0474721831589207,0.0474721831589209,0.0474721831589207,0.0709429709253517,0.0709429709253513,0.0709429709253515,0.0709429709253515,0.0709429709253515,-1,-1,-1,-1,-1,-1,-1,-1,-1,-1,-1,-1,-1,-1,-1,-1,-1,-1
7531,1,-1,-1,-1,-1,-1,-1,-1,-1,-1,-1,-1,-1,-1,-1,-1,-1,-1,0.015836249209525,0.015836249209525,0.015836249209525,0.015836249209525,0.015836249209525,-0.0339502162049323,-0.0339502162049325,-0.0339502162049323,-0.0339502162049325,-0.0339502162049325,-1,-1,-1,-1,-1,-1,-1,-1,-1,-1,-1,-1,-1,-1,-1,-1,-1,-1
7529,1,-1,-1,-1,-1,-1,-1,-1,-1,-1,-1,-1,-1,-1,-1,-1,-1,-1,0.0145101334297222,0.0145101334297224,0.0145101334297224,0.0145101334297224,0.0145101334297222,-0.0227886704613673,-0.0227886704613673,-0.0227886704613673,-0.0227886704613673,-0.0227886704613673,-1,-1,-1,-1,-1,-1,-1,-1,-1,-1,-1,-1,-1,-1,-1,-1,-1,-1
7528,1,-1,-1,-1,-1,-1,-1,-1,-1,-1,-1,-1,-1,-1,-1,-1,-1,-1,0.0602059991327962,0.0602059991327962,0.0602059991327962,0.0602059991327962,0.0602059991327962,-0.040823996531185,-0.040823996531185,-0.040823996531185,-0.0408239965311848,-0.040823996531185,-1,-1,-1,-1,-1,-1,-1,-1,-1,-1,-1,-1,-1,-1,-1,-1,-1,-1
7527,1,-1,-1,-1,-1,-1,-1,-1,-1,-1,-1,-1,-1,-1,-1,-1,-1,-1,0.0460897842756547,0.0460897842756547,0.0460897842756549,0.0460897842756547,0.0460897842756549,0.043341821992789,0.043341821992789,0.043341821992789,0.0433418219927892,0.043341821992789,-1,-1,-1,-1,-1,-1,-1,-1,-1,-1,-1,-1,-1,-1,-1,-1,-1,-1
7526,1,-1,-1,-1,-1,-1,-1,-1,-1,-1,-1,-1,-1,-1,-1,-1,-1,-1,0.0352182518111364,0.0352182518111361,0.0352182518111361,0.0352182518111364,0.0352182518111364,-0.0954242509439325,-0.0954242509439325,-0.0954242509439325,-0.0954242509439325,-0.0954242509439325,-1,-1,-1,-1,-1,-1,-1,-1,-1,-1,-1,-1,-1,-1,-1,-1,-1,-1
7525,1,-1,-1,-1,-1,-1,-1,-1,-1,-1,-1,-1,-1,-1,-1,-1,-1,-1,0.0352182518111364,0.0352182518111361,0.0352182518111361,0.0352182518111364,0.0352182518111364,-0.00724243453088902,-0.00724243453088902,-0.0072424345308888,-0.00724243453088902,-0.00724243453088902,-1,-1,-1,-1,-1,-1,-1,-1,-1,-1,-1,-1,-1,-1,-1,-1,-1,-1
9050,1,-1,-1,-1,-1,-1,-1,-1,-1,-1,-1,-1,-1,-1,-1,-1,-1,-1,-1,-1,-1,0.0679002356379358,-1,-1,-1,-1,-1,-1,-1,-1,-1,-1,-1,-1,-1,-1,-1,-1,-1,-1,-1,-1,-1,-1,-1,-1
8702,1,-1,-1,-1,-1,-1,-1,-1,-1,-1,-1,-1,-1,-1,-1,-1,-1,-1,-1,-1,-1,-1,-1,-1,-1,0.0308139474142196,-1,-1,-1,-1,-1,-1,-1,-1,-1,-1,-1,-1,-1,-1,-1,-1,-1,-1,-1,-1
7524,1,-1,-1,-1,-1,-1,-1,-1,-1,-1,-1,-1,-1,-1,-1,-1,-1,-1,-0.0238372815438417,-0.0238372815438417,-0.0238372815438417,-0.0238372815438419,-0.0238372815438417,0.0613414257111344,0.0613414257111342,0.0613414257111344,0.0613414257111342,0.0613414257111344,-1,-1,-1,-1,-1,-1,-1,-1,-1,-1,-1,-1,-1,-1,-1,-1,-1,-1
9049,1,-1,-1,-1,-1,-1,-1,-1,-1,-1,-1,-1,-1,-1,-1,-1,-1,-1,-1,-1,-1,-0.534416658674095,-1,-1,-1,-1,-1,-1,-1,-1,-1,-1,-1,-1,-1,-1,-1,-1,-1,-1,-1,-1,-1,-1,-1,-1
8705,1,-1,-1,-1,-1,-1,-1,-1,-1,-1,-1,-1,-1,-1,-1,-1,-1,-1,-1,-1,-1,-1,-1,-1,-1,0.1249387366083,-1,-1,-1,-1,-1,-1,-1,-1,-1,-1,-1,-1,-1,-1,-1,-1,-1,-1,-1,-1
7522,1,-1,-1,-1,-1,-1,-1,-1,-1,-1,-1,-1,-1,-1,-1,-1,-1,-1,0.0602059991327963,0.0602059991327962,0.0602059991327962,0.0602059991327963,0.0602059991327963,-1,-1,-1,-1,-1,-1,-1,-1,-1,-1,-1,-1,-1,-1,-1,-1,-1,-1,-1,-1,-1,-1,-1
7521,1,-1,-1,-1,-1,-1,-1,-1,-1,-1,-1,-1,-1,-1,-1,-1,-1,-1,-0.0693574972449313,-0.0693574972449313,-0.0693574972449311,-0.0693574972449313,-0.0693574972449312,-0.0954242509439325,-0.0954242509439325,-0.0954242509439325,-0.0954242509439326,-0.0954242509439324,-1,-1,-1,-1,-1,-1,-1,-1,-1,-1,-1,-1,-1,-1,-1,-1,-1,-1
7520,1,-1,-1,-1,-1,-1,-1,-1,-1,-1,-1,-1,-1,-1,-1,-1,-1,-1,0.0954242509439325,0.0954242509439326,0.0954242509439325,0.0954242509439325,0.0954242509439325,-0.0416551884854166,-0.0416551884854164,-0.0416551884854166,-0.0416551884854164,-0.0416551884854166,-1,-1,-1,-1,-1,-1,-1,-1,-1,-1,-1,-1,-1,-1,-1,-1,-1,-1
7519,1,-1,-1,-1,-1,-1,-1,-1,-1,-1,-1,-1,-1,-1,-1,-1,-1,-1,-0.00643693667428025,-0.00643693667428025,-0.00643693667428002,-0.00643693667428047,-0.00643693667428025,-0.127364419517435,-0.127364419517435,-0.127364419517435,-0.127364419517435,-0.127364419517435,-1,-1,-1,-1,-1,-1,-1,-1,-1,-1,-1,-1,-1,-1,-1,-1,-1,-1
7518,1,-1,-1,-1,-1,-1,-1,-1,-1,-1,-1,-1,-1,-1,-1,-1,-1,-1,0.2,0.2,0.2,0.2,0.2,-0.0602059991327962,-0.0602059991327962,-0.0602059991327962,-0.0602059991327963,-0.0602059991327961,-1,-1,-1,-1,-1,-1,-1,-1,-1,-1,-1,-1,-1,-1,-1,-1,-1,-1
7517,1,-1,-1,-1,-1,-1,-1,-1,-1,-1,-1,-1,-1,-1,-1,-1,-1,-1,0.0698970004336019,0.0698970004336019,0.0698970004336019,0.0698970004336019,0.0698970004336019,0.0698970004336018,0.0698970004336019,0.0698970004336019,0.0698970004336019,0.0698970004336019,-1,-1,-1,-1,-1,-1,-1,-1,-1,-1,-1,-1,-1,-1,-1,-1,-1,-1
7516,1,-1,-1,-1,-1,-1,-1,-1,-1,-1,-1,-1,-1,-1,-1,-1,-1,-1,0.0443697499232713,0.0443697499232713,0.0443697499232713,0.0443697499232713,0.0443697499232714,-0.0443697499232714,-0.0443697499232713,-0.0443697499232713,-0.0443697499232713,-0.0443697499232713,-1,-1,-1,-1,-1,-1,-1,-1,-1,-1,-1,-1,-1,-1,-1,-1,-1,-1
7515,1,-1,-1,-1,-1,-1,-1,-1,-1,-1,-1,-1,-1,-1,-1,-1,-1,-1,0.0145101334297222,0.0145101334297224,0.0145101334297224,0.0145101334297224,0.0145101334297222,0.0666429358070766,0.0666429358070764,0.0666429358070766,0.0666429358070766,0.0666429358070764,-1,-1,-1,-1,-1,-1,-1,-1,-1,-1,-1,-1,-1,-1,-1,-1,-1,-1
7514,1,-1,-1,-1,-1,-1,-1,-1,-1,-1,-1,-1,-1,-1,-1,-1,-1,-1,0.178789321510415,0.178789321510415,0.178789321510415,0.178789321510415,0.178789321510415,-0.134419571587143,-0.134419571587144,-0.134419571587143,-0.134419571587143,-0.134419571587143,-1,-1,-1,-1,-1,-1,-1,-1,-1,-1,-1,-1,-1,-1,-1,-1,-1,-1
7513,1,-1,-1,-1,-1,-1,-1,-1,-1,-1,-1,-1,-1,-1,-1,-1,-1,-1,0.215836249209525,0.215836249209525,0.215836249209525,0.215836249209525,0.215836249209525,-0.0532535778809538,-0.0532535778809538,-0.053253577880954,-0.0532535778809538,-0.053253577880954,-1,-1,-1,-1,-1,-1,-1,-1,-1,-1,-1,-1,-1,-1,-1,-1,-1,-1
7512,1,-1,-1,-1,-1,-1,-1,-1,-1,-1,-1,-1,-1,-1,-1,-1,-1,-1,0.0486076097372589,0.0486076097372589,0.0486076097372589,0.048607609737259,0.0486076097372589,-1,-1,-1,-1,-1,-1,-1,-1,-1,-1,-1,-1,-1,-1,-1,-1,-1,-1,-1,-1,-1,-1,-1
7509,1,-1,-1,-1,-1,-1,-1,-1,-1,-1,-1,-1,-1,-1,-1,-1,-1,-1,-0.0954242509439324,-0.0954242509439326,-0.0954242509439324,-0.0954242509439325,-0.0954242509439325,0.139794000867204,0.139794000867204,0.139794000867204,0.139794000867204,0.139794000867204,-1,-1,-1,-1,-1,-1,-1,-1,-1,-1,-1,-1,-1,-1,-1,-1,-1,-1
7508,1,-1,-1,-1,-1,-1,-1,-1,-1,-1,-1,-1,-1,-1,-1,-1,-1,-1,0.0486076097372589,0.0486076097372589,0.0486076097372589,0.048607609737259,0.0486076097372589,-1,-1,-1,-1,-1,-1,-1,-1,-1,-1,-1,-1,-1,-1,-1,-1,-1,-1,-1,-1,-1,-1,-1
18616,1,-1,-1,-1,-1,-1,-1,-1,-1,-1,-1,-1,-1,-1,-1,-1,-1,-1,-1,-1,-1,-1,-1,-1,-1,-1,-1,-1,-1,-1,-1,-1,-1,-1,-1,-1,-1,-1,-1,-0.335792101923193,-1,-1,-1,-1,-1,-1
7507,1,-1,-1,-1,-1,-1,-1,-1,-1,-1,-1,-1,-1,-1,-1,-1,-1,-1,0.0486076097372589,0.0486076097372589,0.0486076097372589,0.048607609737259,0.0486076097372589,0.0309803919971486,0.0309803919971486,0.0309803919971487,0.0309803919971485,0.0309803919971486,-1,-1,-1,-1,-1,-1,-1,-1,-1,-1,-1,-1,-1,-1,-1,-1,-1,-1
7503,1,-1,-1,-1,-1,-1,-1,-1,-1,-1,-1,-1,-1,-1,-1,-1,-1,-1,0.0534343456806028,0.0534343456806026,0.0534343456806028,0.0534343456806028,0.0534343456806028,-0.00482673594334382,-0.00482673594334382,-0.00482673594334382,-0.00482673594334404,-0.00482673594334382,-1,-1,-1,-1,-1,-1,-1,-1,-1,-1,-1,-1,-1,-1,-1,-1,-1,-1
7501,1,-1,-1,-1,-1,-1,-1,-1,-1,-1,-1,-1,-1,-1,-1,-1,-1,-1,-0.0954242509439324,-0.0954242509439326,-0.0954242509439324,-0.0954242509439325,-0.0954242509439325,-1,-1,-1,-1,-1,-1,-1,-1,-1,-1,-1,-1,-1,-1,-1,-1,-1,-1,-1,-1,-1,-1,-1
7497,1,-1,-1,-1,-1,-1,-1,-1,-1,-1,-1,-1,-1,-1,-1,-1,-1,-1,-0.0315215706723335,-0.0315215706723337,-0.0315215706723335,-0.0315215706723337,-0.0315215706723335,0.0679896123388701,0.0679896123388701,0.0679896123388701,0.0679896123388704,0.0679896123388701,-1,-1,-1,-1,-1,-1,-1,-1,-1,-1,-1,-1,-1,-1,-1,-1,-1,-1
18608,1,-1,-1,-1,-1,-1,-1,-1,-1,-1,-1,-1,-1,-1,-1,-1,-1,-1,-1,-1,-1,-1,-1,-1,-1,-1,-1,-1,-1,-1,-1,-1,-1,-1,-1,-1,-1,-1,-1,0.146128035678238,-1,-1,-1,-1,-1,-1
7496,1,-1,-1,-1,-1,-1,-1,-1,-1,-1,-1,-1,-1,-1,-1,-1,-1,-1,0.0443697499232713,0.0443697499232713,0.0443697499232713,0.0443697499232713,0.0443697499232714,-1,-1,-1,-1,-1,-1,-1,-1,-1,-1,-1,-1,-1,-1,-1,-1,-1,-1,-1,-1,-1,-1,-1
7492,1,-1,-1,-1,-1,-1,-1,-1,-1,-1,-1,-1,-1,-1,-1,-1,-1,-1,-0.0623866717348616,-0.0623866717348609,-0.0623866717348613,-0.0623866717348611,-0.0623866717348611,0.0492362655313272,0.0492362655313272,0.0492362655313272,0.0492362655313272,0.0492362655313272,-1,-1,-1,-1,-1,-1,-1,-1,-1,-1,-1,-1,-1,-1,-1,-1,-1,-1
7484,1,-1,-1,-1,-1,-1,-1,-1,-1,-1,-1,-1,-1,-1,-1,-1,-1,-1,0.00948492998562767,0.00948492998562744,0.00948492998562789,0.00948492998562744,0.00948492998562767,0.034214091536126,0.0342140915361262,0.034214091536126,0.0342140915361262,0.034214091536126,-1,-1,-1,-1,-1,-1,-1,-1,-1,-1,-1,-1,-1,-1,-1,-1,-1,-1
7477,1,-1,-1,-1,-1,-1,-1,-1,-1,-1,-1,-1,-1,-1,-1,-1,-1,-1,0.148072537898849,0.148072537898849,0.148072537898849,0.148072537898849,0.148072537898849,0.016980221107008,0.0169802211070083,0.0169802211070083,0.016980221107008,0.0169802211070085,-1,-1,-1,-1,-1,-1,-1,-1,-1,-1,-1,-1,-1,-1,-1,-1,-1,-1
8866,1,-1,-1,-1,-1,-1,-1,-1,-1,-1,-1,-1,-1,-1,-1,-1,-1,-1,-1,-1,-1,-1,-1,-1,-1,-1,-1,0.0203000055435498,0.0203000055135119,0.020300005455365,0.020300005375287,0.020300005277465,0.0203000051655557,0.0203000050508176,0.0203000049557507,0.0203000049040141,-1,-1,-1,-1,-1,-1,-1,-1,-1,-1
8839,1,-1,-1,-1,-1,-1,-1,-1,-1,-1,-1,-1,-1,-1,-1,-1,-1,-1,-1,-1,-1,-1,-1,-1,-1,-1,-1,-1,-1,-1,-1,-1,-1,-1,-1,0.0357072634920803,-1,-1,-1,-1,-1,-1,-1,-1,-1,-1
7466,1,-1,-1,-1,-1,-1,-1,-1,-1,-1,-1,-1,-1,-1,-1,-1,-1,-1,0,0,0,0,0,-1,-1,-1,-1,-1,-1,-1,-1,-1,-1,-1,-1,-1,-1,-1,-1,-1,-1,-1,-1,-1,-1,-1
7461,1,-1,-1,-1,-1,-1,-1,-1,-1,-1,-1,-1,-1,-1,-1,-1,-1,-1,0.155630250076729,0.155630250076729,0.155630250076729,0.155630250076729,0.155630250076729,-0.0602059991327962,-0.0602059991327962,-0.0602059991327962,-0.0602059991327963,-0.0602059991327962,-1,-1,-1,-1,-1,-1,-1,-1,-1,-1,-1,-1,-1,-1,-1,-1,-1,-1
7460,1,-1,-1,-1,-1,-1,-1,-1,-1,-1,-1,-1,-1,-1,-1,-1,-1,-1,0.0363687175889544,0.0363687175889544,0.0363687175889547,0.0363687175889544,0.0363687175889544,-0.0265251130549182,-0.026525113054918,-0.0265251130549182,-0.0265251130549182,-0.0265251130549182,-1,-1,-1,-1,-1,-1,-1,-1,-1,-1,-1,-1,-1,-1,-1,-1,-1,-1
7459,1,-1,-1,-1,-1,-1,-1,-1,-1,-1,-1,-1,-1,-1,-1,-1,-1,-1,0.040823996531185,0.040823996531185,0.040823996531185,0.040823996531185,0.040823996531185,-0.0602059991327963,-0.0602059991327963,-0.0602059991327961,-0.0602059991327963,-0.0602059991327961,-1,-1,-1,-1,-1,-1,-1,-1,-1,-1,-1,-1,-1,-1,-1,-1,-1,-1
7455,1,-1,-1,-1,-1,-1,-1,-1,-1,-1,-1,-1,-1,-1,-1,-1,-1,-1,0.00315885343664624,0.00315885343664646,0.00315885343664646,0.00315885343664624,0.00315885343664646,0,0,0,0,0,-1,-1,-1,-1,-1,-1,-1,-1,-1,-1,-1,-1,-1,-1,-1,-1,-1,-1
250,1,-1,-1,-1,-1,-1,-1,-1,-1,-1,-1,-1,-1,-1,-1,-1,-1,-1,-1,-1,0.0536662305658404,0.0536662305658409,0.0536662305658409,0.0536662305658409,0.0536662305658409,0.0536662305658404,0.0536662305658409,-1,-1,-1,-1,-1,-1,-1,-1,-1,-1,-1,-1,-1,-1,-1,-1,-1,-1,-1
9048,1,-1,-1,-1,-1,-1,-1,-1,-1,-1,-1,-1,-1,-1,-1,-1,-1,-1,-1,-1,-1,0.495094625731563,-1,-1,-1,-1,-1,-1,-1,-1,-1,-1,-1,-1,-1,-1,-1,-1,-1,-1,-1,-1,-1,-1,-1,-1
8701,1,-1,-1,-1,-1,-1,-1,-1,-1,-1,-1,-1,-1,-1,-1,-1,-1,-1,-1,-1,-1,-1,-1,-1,-1,0.0833658088735499,-1,-1,-1,-1,-1,-1,-1,-1,-1,-1,-1,-1,-1,-1,-1,-1,-1,-1,-1,-1
9047,1,-1,-1,-1,-1,-1,-1,-1,-1,-1,-1,-1,-1,-1,-1,-1,-1,-1,-1,-1,-1,0.811933797222154,-1,-1,-1,-1,-1,-1,-1,-1,-1,-1,-1,-1,-1,-1,-1,-1,-1,-1,-1,-1,-1,-1,-1,-1
8704,1,-1,-1,-1,-1,-1,-1,-1,-1,-1,-1,-1,-1,-1,-1,-1,-1,-1,-1,-1,-1,-1,-1,-1,-1,0.209259622308336,-1,-1,-1,-1,-1,-1,-1,-1,-1,-1,-1,-1,-1,-1,-1,-1,-1,-1,-1,-1
18657,1,-1,-1,-1,-1,-1,-1,-1,-1,-1,-1,-1,-1,-1,-1,-1,-1,-1,-1,-1,-1,-1,0.0293299007856502,0.0282662728288108,0.0293017254246439,0.0360176183444589,0.0479572332063655,0.0589373871591101,0.0606167415022218,0.0487992847650531,0.0265969116155598,0.00120309235738292,-0.0223252646544045,-0.0437257607772268,-0.0643973175887605,-0.0829614124542789,-0.0950604186566492,-0.0974510343183069,-0.0914767379486885,-0.0822169559914711,-0.0746488176349721,-0.0707587176628073,-0.0696351056240676,-1,-1,-1
18656,1,-1,-1,-1,-1,-1,-1,-1,-1,-1,-1,-1,-1,-1,-1,-1,-1,-1,-1,-1,-1,-1,-0.0411500022575685,-0.0813027557856126,-0.132793012116481,-0.131717180520977,-0.0281040127984227,0.14657144090774,0.274045656611939,0.241716497030931,0.0548661852020917,-0.154164338324447,-0.240689462938668,-0.170468777595247,-0.0291994715188513,0.073467220493738,0.0927603119597471,0.0512741181961828,-0.0155941833416278,-0.0946741739035052,-0.182955580399424,-0.26378571080507,-0.310613152111858,-1,-1,-1
18655,1,-1,-1,-1,-1,-1,-1,-1,-1,-1,-1,-1,-1,-1,-1,-1,-1,-1,-1,-1,-1,-1,-0.00451778634118671,-0.00399085646622188,-0.00329602268282536,-0.00293457899466376,-0.00319987286447687,-0.00425602808253389,-0.00634875039977456,-0.00969590301120093,-0.014237550653956,-0.0196758182122598,-0.0257164405682599,-0.0320640590399863,-0.0381945236737391,-0.0434519144604268,-0.0475975084438542,-0.0511006880522984,-0.054597431373035,-0.0580710358931924,-0.0608211663319221,-0.0623024288807685,-0.0627461526387809,-1,-1,-1
18782,1,-1,-1,-1,-1,-1,-1,-1,-1,-1,-1,-1,-1,-1,-1,-1,-1,-1,-1,-1,-1,-1,-1,-1,-1,-1,-1,-1,-1,-1,-1,-1,-1,-1,-1,-1,-1,-1,-1,-1,-1,-0.0419313945264015,0.0219062639181418,-1,-1,-1
18781,1,-1,-1,-1,-1,-1,-1,-1,-1,-1,-1,-1,-1,-1,-1,-1,-1,-1,-1,-1,-1,-1,-1,-1,-1,-1,-1,-1,-1,-1,-1,-1,-1,-1,-1,-1,-1,-1,-1,-1,-1,-0.0343164674221508,0.0161989848269433,-1,-1,-1
18780,1,-1,-1,-1,-1,-1,-1,-1,-1,-1,-1,-1,-1,-1,-1,-1,-1,-1,-1,-1,-1,-1,-1,-1,-1,-1,-1,-1,-1,-1,-1,-1,-1,-1,-1,-1,-1,-1,-1,-1,-1,-0.03675291257263,0.022084364513671,-1,-1,-1
18654,1,-1,-1,-1,-1,-1,-1,-1,-1,-1,-1,-1,-1,-1,-1,-1,-1,-1,-1,-1,-1,-1,0.00151436471188088,0.00151436471306965,0.00151436471536681,0.00151436471835031,0.00151436472166078,0.00151436472523242,0.00151436472911431,0.00151436473323197,0.00151436473716943,0.00151436474057598,0.00151436474352096,0.0015143647463618,0.00151436474918482,0.0015143647519622,0.00151436475450883,0.0015143647565003,0.00151436475784783,0.00151436475848965,0.00151436475850758,0.00151436475834799,-1,-1,-1,-1
18653,1,-1,-1,-1,-1,-1,-1,-1,-1,-1,-1,-1,-1,-1,-1,-1,-1,-1,-1,-1,-1,-1,-0.0304504638982774,-0.0268121143112034,-0.0205185645129879,-0.0146002444405917,-0.0118850471737169,-0.0127755039886508,-0.0162358016549908,-0.0226464909879696,-0.0339169465827442,-0.0496836181688272,-0.064859362658336,-0.0732610472819664,-0.0736459602306105,-0.0700019853374112,-0.0651736972939285,-0.0565716862835279,-0.0404405382344784,-0.0190798636664311,-0.000620968341181527,0.00901258888134926,0.011420147080476,-1,-1,-1
18652,1,-1,-1,-1,-1,-1,-1,-1,-1,-1,-1,-1,-1,-1,-1,-1,-1,-1,-1,-1,-1,-1,-0.0102133216835595,-0.0100939295924353,-0.010145857619304,-0.0107716997852095,-0.012189580284917,-0.0143047201450793,-0.0168143463015988,-0.0193944620972435,-0.0218075924679423,-0.0239153764323509,-0.0256855239185105,-0.0272310992808462,-0.0288049474643799,-0.0306539966305893,-0.0327980143878742,-0.0350506664842294,-0.0370669846288432,-0.0385565463102417,-0.0395097273329393,-0.0401139451121937,-0.0404160540018211,-1,-1,-1
18651,1,-1,-1,-1,-1,-1,-1,-1,-1,-1,-1,-1,-1,-1,-1,-1,-1,-1,-1,-1,-1,-1,-0.015906810871537,-0.0159561520150944,-0.0160798579787238,-0.0163203894438142,-0.0167171522106826,-0.0172628145521032,-0.0178977992551224,-0.0185658031945226,-0.0192560340311501,-0.0199672868381831,-0.0206471024002399,-0.0212055660250683,-0.0215933401571604,-0.0218300561780425,-0.0219411683001147,-0.0219078072642303,-0.0217218461163342,-0.0214686786865028,-0.0212921986781456,-0.0212570266228405,-0.0212897971843127,-1,-1,-1
18660,1,-1,-1,-1,-1,-1,-1,-1,-1,-1,-1,-1,-1,-1,-1,-1,-1,-1,-1,-1,-1,-1,-1,-0.0937034255907547,-0.0937034255907547,-1,-1,-1,-1,-1,-1,-1,-1,-1,-1,-1,-1,-1,-1,-1,-1,-1,-1,-1,-1,-1
18659,1,-1,-1,-1,-1,-1,-1,-1,-1,-1,-1,-1,-1,-1,-1,-1,-1,-1,-1,-1,-1,-1,-1,-0.218276138171982,-0.218276138171982,-1,-1,-1,-1,-1,-1,-1,-1,-1,-1,-1,-1,-1,-1,-1,-1,-1,-1,-1,-1,-1
18649,1,-1,-1,-1,-1,-1,-1,-1,-1,-1,-1,-1,-1,-1,-1,-1,-1,-1,-1,-1,-1,-1,-1,-0.140421332857462,-0.140421332857462,-1,-1,-1,-1,-1,-1,-1,-1,-1,-1,-1,-1,-1,-1,-1,-1,-1,-1,-1,-1,-1
18648,1,-1,-1,-1,-1,-1,-1,-1,-1,-1,-1,-1,-1,-1,-1,-1,-1,-1,-1,-1,-1,-1,-1,-0.207384068577475,-0.207384068577475,-1,-1,-1,-1,-1,-1,-1,-1,-1,-1,-1,-1,-1,-1,-1,-1,-1,-1,-1,-1,-1
18645,1,-1,-1,-1,-1,-1,-1,-1,-1,-1,-1,-1,-1,-1,-1,-1,-1,-1,-1,-1,-1,-1,-1,-0.220493191367059,-0.220493191367059,-1,-1,-1,-1,-1,-1,-1,-1,-1,-1,-1,-1,-1,-1,-1,-1,-1,-1,-1,-1,-1
18644,1,-1,-1,-1,-1,-1,-1,-1,-1,-1,-1,-1,-1,-1,-1,-1,-1,-1,-1,-1,-1,-1,-1,-0.0379092401511104,-0.0379092401511104,-1,-1,-1,-1,-1,-1,-1,-1,-1,-1,-1,-1,-1,-1,-1,-1,-1,-1,-1,-1,-1
18642,1,-1,-1,-1,-1,-1,-1,-1,-1,-1,-1,-1,-1,-1,-1,-1,-1,-1,-1,-1,-1,-1,-1,-0.728107761931659,-0.728107761931659,-1,-1,-1,-1,-1,-1,-1,-1,-1,-1,-1,-1,-1,-1,-1,-1,-1,-1,-1,-1,-1
5782,1,-1,-1,-1,-1,-1,-1,-1,-1,-1,-1,-1,-1,-1,-1,-1,-1,-1,-1,-1,-1,-1,-1,-1,-1,-1,-1,-1,-0.0390952574599248,-0.0390952574599248,-0.0390952574599248,-1,-1,-1,-1,-1,-1,-1,-1,-1,-1,-1,-1,-1,-1,-1
18641,1,-1,-1,-1,-1,-1,-1,-1,-1,-1,-1,-1,-1,-1,-1,-1,-1,-1,-1,-1,-1,-1,-1,0.284740841073902,0.284740841073902,-1,-1,-1,-1,-1,-1,-1,-1,-1,-1,-1,-1,-1,-1,-1,-1,-1,-1,-1,-1,-1
18639,1,-1,-1,-1,-1,-1,-1,-1,-1,-1,-1,-1,-1,-1,-1,-1,-1,-1,-1,-1,-1,-1,-1,0.0223592062209858,0.0223592062209856,-1,-1,-1,-1,-1,-1,-1,-1,-1,-1,-1,-1,-1,-1,-1,-1,-1,-1,-1,-1,-1
18638,1,-1,-1,-1,-1,-1,-1,-1,-1,-1,-1,-1,-1,-1,-1,-1,-1,-1,-1,-1,-1,-1,-1,-0.00439106930690902,-0.00439106930690902,-1,-1,-1,-1,-1,-1,-1,-1,-1,-1,-1,-1,-1,-1,-1,-1,-1,-1,-1,-1,-1
18637,1,-1,-1,-1,-1,-1,-1,-1,-1,-1,-1,-1,-1,-1,-1,-1,-1,-1,-1,-1,-1,-1,-1,-0.259421261079441,-0.259421261079442,-1,-1,-1,-1,-1,-1,-1,-1,-1,-1,-1,-1,-1,-1,-1,-1,-1,-1,-1,-1,-1
18636,1,-1,-1,-1,-1,-1,-1,-1,-1,-1,-1,-1,-1,-1,-1,-1,-1,-1,-1,-1,-1,-1,-1,-0.149236988048765,-0.149236988048765,-1,-1,-1,-1,-1,-1,-1,-1,-1,-1,-1,-1,-1,-1,-1,-1,-1,-1,-1,-1,-1
10675,1,-1,-1,-1,-1,-1,-1,-1,-1,-1,-1,-1,-1,-1,-1,-1,-1,-1,-1,-1,-1,-1,-1,-0.198211123045404,-1,-1,-1,-1,-1,-1,-1,-1,-1,-1,-1,-1,-1,-1,-1,-1,-1,-1,-1,-1,-1,-1
7657,1,-1,-1,-1,-1,-1,-1,-1,-1,-1,-1,-1,-1,-1,-1,-1,-1,-1,-1,-1,-1,-1,-1,0.183290789709985,0.183290789709985,0.183290789709985,0.183290789709985,0.183290789709985,-1,-1,-1,-1,-1,-1,-1,-1,-1,-1,-1,-1,-1,-1,-1,-1,-1,-1
7631,1,-1,-1,-1,-1,-1,-1,-1,-1,-1,-1,-1,-1,-1,-1,-1,-1,-1,-1,-1,-1,-1,-1,0.139794000867204,0.139794000867204,0.139794000867204,0.139794000867204,0.139794000867204,-1,-1,-1,-1,-1,-1,-1,-1,-1,-1,-1,-1,-1,-1,-1,-1,-1,-1
7630,1,-1,-1,-1,-1,-1,-1,-1,-1,-1,-1,-1,-1,-1,-1,-1,-1,-1,-1,-1,-1,-1,-1,0.0838258615483951,0.0838258615483953,0.0838258615483949,0.0838258615483953,0.0838258615483951,-1,-1,-1,-1,-1,-1,-1,-1,-1,-1,-1,-1,-1,-1,-1,-1,-1,-1
7616,1,-1,-1,-1,-1,-1,-1,-1,-1,-1,-1,-1,-1,-1,-1,-1,-1,-1,-1,-1,-1,-1,-1,0.0954242509439325,0.0954242509439325,0.0954242509439324,0.0954242509439326,0.0954242509439324,-1,-1,-1,-1,-1,-1,-1,-1,-1,-1,-1,-1,-1,-1,-1,-1,-1,-1
7607,1,-1,-1,-1,-1,-1,-1,-1,-1,-1,-1,-1,-1,-1,-1,-1,-1,-1,-1,-1,-1,-1,-1,0,0,0,0,0,-1,-1,-1,-1,-1,-1,-1,-1,-1,-1,-1,-1,-1,-1,-1,-1,-1,-1
7594,1,-1,-1,-1,-1,-1,-1,-1,-1,-1,-1,-1,-1,-1,-1,-1,-1,-1,-1,-1,-1,-1,-1,0.0851937464544563,0.0851937464544562,0.0851937464544562,0.0851937464544563,0.0851937464544561,-1,-1,-1,-1,-1,-1,-1,-1,-1,-1,-1,-1,-1,-1,-1,-1,-1,-1
7593,1,-1,-1,-1,-1,-1,-1,-1,-1,-1,-1,-1,-1,-1,-1,-1,-1,-1,-1,-1,-1,-1,-1,0.180617997398389,0.180617997398389,0.180617997398389,0.180617997398389,0.180617997398389,-1,-1,-1,-1,-1,-1,-1,-1,-1,-1,-1,-1,-1,-1,-1,-1,-1,-1
7592,1,-1,-1,-1,-1,-1,-1,-1,-1,-1,-1,-1,-1,-1,-1,-1,-1,-1,-1,-1,-1,-1,-1,0.120411998265592,0.120411998265593,0.120411998265592,0.120411998265593,0.120411998265592,-1,-1,-1,-1,-1,-1,-1,-1,-1,-1,-1,-1,-1,-1,-1,-1,-1,-1
7591,1,-1,-1,-1,-1,-1,-1,-1,-1,-1,-1,-1,-1,-1,-1,-1,-1,-1,-1,-1,-1,-1,-1,0.0954242509439325,0.0954242509439325,0.0954242509439324,0.0954242509439326,0.0954242509439324,-1,-1,-1,-1,-1,-1,-1,-1,-1,-1,-1,-1,-1,-1,-1,-1,-1,-1
7588,1,-1,-1,-1,-1,-1,-1,-1,-1,-1,-1,-1,-1,-1,-1,-1,-1,-1,-1,-1,-1,-1,-1,0.0954242509439325,0.0954242509439325,0.0954242509439324,0.0954242509439326,0.0954242509439324,-1,-1,-1,-1,-1,-1,-1,-1,-1,-1,-1,-1,-1,-1,-1,-1,-1,-1
7586,1,-1,-1,-1,-1,-1,-1,-1,-1,-1,-1,-1,-1,-1,-1,-1,-1,-1,-1,-1,-1,-1,-1,0,0,0,0,0,-1,-1,-1,-1,-1,-1,-1,-1,-1,-1,-1,-1,-1,-1,-1,-1,-1,-1
7581,1,-1,-1,-1,-1,-1,-1,-1,-1,-1,-1,-1,-1,-1,-1,-1,-1,-1,-1,-1,-1,-1,-1,0.0141162148571414,0.0141162148571414,0.0141162148571417,0.0141162148571414,0.0141162148571414,-1,-1,-1,-1,-1,-1,-1,-1,-1,-1,-1,-1,-1,-1,-1,-1,-1,-1
7573,1,-1,-1,-1,-1,-1,-1,-1,-1,-1,-1,-1,-1,-1,-1,-1,-1,-1,-1,-1,-1,-1,-1,0.139794000867204,0.139794000867204,0.139794000867204,0.139794000867204,0.139794000867204,-1,-1,-1,-1,-1,-1,-1,-1,-1,-1,-1,-1,-1,-1,-1,-1,-1,-1
7542,1,-1,-1,-1,-1,-1,-1,-1,-1,-1,-1,-1,-1,-1,-1,-1,-1,-1,-1,-1,-1,-1,-1,0.0602059991327963,0.0602059991327962,0.0602059991327962,0.0602059991327963,0.0602059991327963,-1,-1,-1,-1,-1,-1,-1,-1,-1,-1,-1,-1,-1,-1,-1,-1,-1,-1
7540,1,-1,-1,-1,-1,-1,-1,-1,-1,-1,-1,-1,-1,-1,-1,-1,-1,-1,-1,-1,-1,-1,-1,-0.0352182518111362,-0.0352182518111363,-0.0352182518111362,-0.0352182518111362,-0.0352182518111362,-1,-1,-1,-1,-1,-1,-1,-1,-1,-1,-1,-1,-1,-1,-1,-1,-1,-1
8751,1,-1,-1,-1,-1,-1,-1,-1,-1,-1,-1,-1,-1,-1,-1,-1,-1,-1,-1,-1,-1,-1,-1,-1,-1,-1,-1,-1,-1,-1,-1,0.0347596006442559,-1,-1,-1,-1,-1,-1,-1,-1,-1,-1,-1,-1,-1,-1
7530,1,-1,-1,-1,-1,-1,-1,-1,-1,-1,-1,-1,-1,-1,-1,-1,-1,-1,-1,-1,-1,-1,-1,0.0954242509439325,0.0954242509439325,0.0954242509439324,0.0954242509439326,0.0954242509439324,-1,-1,-1,-1,-1,-1,-1,-1,-1,-1,-1,-1,-1,-1,-1,-1,-1,-1
7523,1,-1,-1,-1,-1,-1,-1,-1,-1,-1,-1,-1,-1,-1,-1,-1,-1,-1,-1,-1,-1,-1,-1,-0.0760422483423213,-0.0760422483423211,-0.0760422483423211,-0.0760422483423213,-0.0760422483423211,-1,-1,-1,-1,-1,-1,-1,-1,-1,-1,-1,-1,-1,-1,-1,-1,-1,-1
7511,1,-1,-1,-1,-1,-1,-1,-1,-1,-1,-1,-1,-1,-1,-1,-1,-1,-1,-1,-1,-1,-1,-1,-0.169019608002851,-0.169019608002851,-0.169019608002851,-0.169019608002851,-0.169019608002851,-1,-1,-1,-1,-1,-1,-1,-1,-1,-1,-1,-1,-1,-1,-1,-1,-1,-1
7510,1,-1,-1,-1,-1,-1,-1,-1,-1,-1,-1,-1,-1,-1,-1,-1,-1,-1,-1,-1,-1,-1,-1,0.0352182518111362,0.0352182518111362,0.0352182518111362,0.0352182518111363,0.0352182518111362,-1,-1,-1,-1,-1,-1,-1,-1,-1,-1,-1,-1,-1,-1,-1,-1,-1,-1
18617,1,-1,-1,-1,-1,-1,-1,-1,-1,-1,-1,-1,-1,-1,-1,-1,-1,-1,-1,-1,-1,-1,-1,-1,-1,-1,-1,-1,-1,-1,-1,-1,-1,-1,-1,-1,-1,-1,-1,-0.301029995663981,-1,-1,-1,-1,-1,-1
7502,1,-1,-1,-1,-1,-1,-1,-1,-1,-1,-1,-1,-1,-1,-1,-1,-1,-1,-1,-1,-1,-1,-1,0.0602059991327963,0.0602059991327962,0.0602059991327962,0.0602059991327963,0.0602059991327963,-1,-1,-1,-1,-1,-1,-1,-1,-1,-1,-1,-1,-1,-1,-1,-1,-1,-1
7490,1,-1,-1,-1,-1,-1,-1,-1,-1,-1,-1,-1,-1,-1,-1,-1,-1,-1,-1,-1,-1,-1,-1,0.09946492816159,0.0994649281615898,0.0994649281615898,0.09946492816159,0.0994649281615898,-1,-1,-1,-1,-1,-1,-1,-1,-1,-1,-1,-1,-1,-1,-1,-1,-1,-1
8857,1,-1,-1,-1,-1,-1,-1,-1,-1,-1,-1,-1,-1,-1,-1,-1,-1,-1,-1,-1,-1,-1,-1,-1,-1,-1,-1,0.0440228147639202,0.0440228147639203,0.0440228147639202,0.0440228147639203,-1,-1,-1,-1,0,-1,-1,-1,-1,-1,-1,-1,-1,-1,-1
7472,1,-1,-1,-1,-1,-1,-1,-1,-1,-1,-1,-1,-1,-1,-1,-1,-1,-1,-1,-1,-1,-1,-1,-0.120411998265592,-0.120411998265592,-0.120411998265592,-0.120411998265593,-0.120411998265592,-1,-1,-1,-1,-1,-1,-1,-1,-1,-1,-1,-1,-1,-1,-1,-1,-1,-1
7462,1,-1,-1,-1,-1,-1,-1,-1,-1,-1,-1,-1,-1,-1,-1,-1,-1,-1,-1,-1,-1,-1,-1,0.169019608002851,0.169019608002851,0.169019608002851,0.169019608002851,0.169019608002851,-1,-1,-1,-1,-1,-1,-1,-1,-1,-1,-1,-1,-1,-1,-1,-1,-1,-1
12426,1,-1,-1,-1,-1,-1,-1,-1,-1,-1,-1,-1,-1,-1,-1,-1,-1,-1,-1,-1,-1,-1,-1,-1,-0.00513153266185906,-0.00513153266191146,-0.00513153266205979,-0.00513153266233957,-0.00513153266269706,-0.00513153266301591,-0.00513153266318733,-0.0051315326631971,-0.00513153266311317,-0.00513153266303634,-0.00513153266300748,-0.00513153266301059,-1,-1,-1,-1,-1,-1,-1,-1,-1,-1
12428,1,-1,-1,-1,-1,-1,-1,-1,-1,-1,-1,-1,-1,-1,-1,-1,-1,-1,-1,-1,-1,-1,-1,-1,-1,-1,-1,-1,-1,-1,-1,-1,-1,0.0810884958743943,0.0149117273730477,0.0197039643617654,-1,-1,-1,-1,-1,-1,-1,-1,-1,-1
11556,1,-1,-1,-1,-1,-1,-1,-1,-1,-1,-1,-1,-1,-1,-1,-1,-1,-1,-1,-1,-1,-1,-1,-1,0,0,0,0,-1,-1,-1,-1,-1,-1,-1,-1,-1,-1,-1,-1,-1,-1,-1,-1,-1,-1
11102,1,-1,-1,-1,-1,-1,-1,-1,-1,-1,-1,-1,-1,-1,-1,-1,-1,-1,-1,-1,-1,-1,-1,-1,-1,-0.0396550476585227,-0.0396550476585227,-0.0396550476585222,-0.0396550476585227,-0.0396550476585227,-0.0396550476585222,-0.0396550476585227,0.00159939978005363,0.00159939978005363,0.00159939978005363,0.00159939978005363,0.00159939978005363,0.00159939978005363,0.00159939978005363,0.00159939978005363,-1,-1,-1,-1,-1,-1
11101,1,-1,-1,-1,-1,-1,-1,-1,-1,-1,-1,-1,-1,-1,-1,-1,-1,-1,-1,-1,-1,-1,-1,-1,-1,-0.0281190796186732,-0.0281190796186737,-0.0281190796186737,-0.0281190796186732,-0.0281190796186737,-0.0281190796186732,-0.0281190796186737,-0.0178229389237199,-0.0178229389237194,-0.0178229389237199,-0.0178229389237199,-0.0178229389237194,-0.0178229389237199,-0.0178229389237199,-0.0178229389237194,-1,-1,-1,-1,-1,-1
11099,1,-1,-1,-1,-1,-1,-1,-1,-1,-1,-1,-1,-1,-1,-1,-1,-1,-1,-1,-1,-1,-1,-1,-1,-1,-0.0455632415823435,-0.0455632415823435,-0.0455632415823439,-0.0455632415823435,-0.0455632415823435,-0.0455632415823439,-0.0455632415823435,-0.0201942749546853,-0.0201942749546848,-0.0201942749546853,-0.0201942749546848,-0.0201942749546853,-0.0201942749546848,-0.0201942749546853,-0.0201942749546848,-1,-1,-1,-1,-1,-1
11098,1,-1,-1,-1,-1,-1,-1,-1,-1,-1,-1,-1,-1,-1,-1,-1,-1,-1,-1,-1,-1,-1,-1,-1,-1,-0.0287111949879151,-0.0287111949879151,-0.0287111949879151,-0.0287111949879151,-0.0287111949879151,-0.0287111949879151,-0.0287111949879151,0.008073511263615,0.008073511263615,0.008073511263615,0.008073511263615,0.008073511263615,0.008073511263615,0.008073511263615,0.008073511263615,-1,-1,-1,-1,-1,-1
9043,1,-1,-1,-1,-1,-1,-1,-1,-1,-1,-1,-1,-1,-1,-1,-1,-1,-1,-1,-1,-1,-1,-1,-1,-1,0.00342199734727489,0.00342199734727533,0.00342199734727533,0.00342199734727533,-1,-1,-1,-1,-1,-1,-1,-1,-1,-1,-1,-1,-1,-1,-1,-1,-1
9042,1,-1,-1,-1,-1,-1,-1,-1,-1,-1,-1,-1,-1,-1,-1,-1,-1,-1,-1,-1,-1,-1,-1,-1,-1,-0.033775407862549,-0.0337754078625485,-0.0337754078625485,-0.0337754078625485,-1,-1,-1,-1,-1,-1,-1,-1,-1,-1,-1,-1,-1,-1,-1,-1,-1
8774,1,-1,-1,-1,-1,-1,-1,-1,-1,-1,-1,-1,-1,-1,-1,-1,-1,-1,-1,-1,-1,-1,-1,-1,-1,-0.602059991327962,-1,-1,-1,-1,-1,-1,-1,-1,-1,-1,-1,-1,-1,-1,-1,-1,-1,-1,-1,-1
8869,1,-1,-1,-1,-1,-1,-1,-1,-1,-1,-1,-1,-1,-1,-1,-1,-1,-1,-1,-1,-1,-1,-1,-1,-1,-1,-1,0.0220979560124479,0.0190205802688557,0.0120728263048498,0.000930944294666558,-0.0141264590100808,-0.0313526474840426,-0.0478579859562318,-0.0603785811295299,-0.06669098509853,-1,-1,-1,-1,-1,-1,-1,-1,-1,-1
8780,1,-1,-1,-1,-1,-1,-1,-1,-1,-1,-1,-1,-1,-1,-1,-1,-1,-1,-1,-1,-1,-1,-1,-1,-1,-1,-1,-1,-1,-1,-0.397940008672038,0.271740619561994,-1,-1,-1,-1,-1,-1,-1,-1,-1,-1,-1,-1,-1,-1
8843,1,-1,-1,-1,-1,-1,-1,-1,-1,-1,-1,-1,-1,-1,-1,-1,-1,-1,-1,-1,-1,-1,-1,-1,-1,-1,-1,-1,-1,-1,-1,-1,-1,-1,-1,-0.0605209810658747,-1,-1,-1,-1,-1,-1,-1,-1,-1,-1
8770,1,-1,-1,-1,-1,-1,-1,-1,-1,-1,-1,-1,-1,-1,-1,-1,-1,-1,-1,-1,-1,-1,-1,-1,-1,-1.01072386539177,0.136500636031869,0.136500636031869,-1,-1,-1,-1,-1,-1,-1,-1,-1,-1,-1,-1,-1,-1,-1,-1,-1,-1
8875,1,-1,-1,-1,-1,-1,-1,-1,-1,-1,-1,-1,-1,-1,-1,-1,-1,-1,-1,-1,-1,-1,-1,-1,-1,-1,-1,-1,-1,-1,-1,-1,-1,-1,-1,-1,-1,-1,-1,-1,-1,-1,-1,-1,-1,-1
8846,1,-1,-1,-1,-1,-1,-1,-1,-1,-1,-1,-1,-1,-1,-1,-1,-1,-1,-1,-1,-1,-1,-1,-1,-1,-1,-1,-1,-1,-1,-1,-1,-1,-1,-1,0.0364912304098775,-1,-1,-1,-1,-1,-1,-1,-1,-1,-1
8703,1,-1,-1,-1,-1,-1,-1,-1,-1,-1,-1,-1,-1,-1,-1,-1,-1,-1,-1,-1,-1,-1,-1,-1,-1,0.499687082618404,-1,-1,-1,-1,-1,-1,-1,-1,-1,-1,-1,-1,-1,-1,-1,-1,-1,-1,-1,-1
12625,1,-1,-1,-1,-1,-1,-1,-1,-1,-1,-1,-1,-1,-1,-1,-1,-1,-1,-1,-1,-1,-1,-1,-1,-1,-1,0.00732227962024501,0.00732227962016774,0.00732227962000076,0.00732227961979737,0.00732227961968723,0.00732227961976539,0.00732227962002252,0.00732227962036935,0.00732227962074017,0.00732227962115406,0.00732227962161502,0.00732227962204712,0.00732227962234733,0.00732227962249254,0.00732227962255916,-1,-1,-1,-1,-1
12177,1,-1,-1,-1,-1,-1,-1,-1,-1,-1,-1,-1,-1,-1,-1,-1,-1,-1,-1,-1,-1,-1,-1,-1,-1,-1,-0.0236280419477179,-0.0236280419474251,-0.0236280419468859,-0.0236280419462362,-0.0236280419456323,-0.0236280419451902,-0.0236280419449717,-1,-1,-1,-1,-1,-1,-1,-1,-1,-1,-1,-1,-1
12139,1,-1,-1,-1,-1,-1,-1,-1,-1,-1,-1,-1,-1,-1,-1,-1,-1,-1,-1,-1,-1,-1,-1,-1,-1,-1,0.252251109851166,0.491524274719736,-2.39958897977126,1.42905754668033,-1,-1,-1,-1,-1,-1,-1,-1,-1,-1,-1,-1,-1,-1,-1,-1
12140,1,-1,-1,-1,-1,-1,-1,-1,-1,-1,-1,-1,-1,-1,-1,-1,-1,-1,-1,-1,-1,-1,-1,-1,-1,-1,-1,-1,-1,-1,-1,-0.942008053022313,1.21748394421391,0.24491405368505,0.24517217819898,-1,-1,-1,-1,-1,-1,-1,-1,-1,-1,-1
8890,1,-1,-1,-1,-1,-1,-1,-1,-1,-1,-1,-1,-1,-1,-1,-1,-1,-1,-1,-1,-1,-1,-1,-1,-1,-1,0.196294645143968,-1,-1,-1,-1,-1,-1,-1,-1,-1,-1,-1,-1,-1,-1,-1,-1,-1,-1,-1
8878,1,-1,-1,-1,-1,-1,-1,-1,-1,-1,-1,-1,-1,-1,-1,-1,-1,-1,-1,-1,-1,-1,-1,-1,-1,-1,-1,0.552841968657781,0.0170333392987804,0.0621479067488445,-1,-0.176091259055681,0.176091259055681,0.698970004336019,-0.0621479067488444,-0.511883360978874,-1,-1,-1,-1,-1,-1,-1,-1,-1,-1
8861,1,-1,-1,-1,-1,-1,-1,-1,-1,-1,-1,-1,-1,-1,-1,-1,-1,-1,-1,-1,-1,-1,-1,-1,-1,-1,-1,0,0,0,0,0,0,0,0,0.176091259055681,-1,-1,-1,-1,-1,-1,-1,-1,-1,-1
8854,1,-1,-1,-1,-1,-1,-1,-1,-1,-1,-1,-1,-1,-1,-1,-1,-1,-1,-1,-1,-1,-1,-1,-1,-1,-1,-1,-0.0337570394243305,-0.0218196709559985,-0.0770548140086909,-0.214660964700712,-0.309315535179742,-0.179941688831078,0.233644578441948,0.765534425619824,1.1225373542416,-1,-1,-1,-1,-1,-1,-1,-1,-1,-1
19710,1,-1,-1,-1,-1,-1,-1,-1,-1,-1,-1,-1,-1,-1,-1,-1,-1,-1,-1,-1,-1,-1,-1,-1,-1,-1,-1,-1,0.0993846321359118,0.00162663954819287,0.00162663954819264,0.00162663954819264,0.00162663954819264,0.00162663954819275,0.00162663954819275,0.0280287236002434,-0.0457243976751038,-0.0457243976751038,-0.0457243976751038,-0.00629456365401027,-0.00629456365401027,-0.0345404595716495,-0.0345404595716495,-1,-1,-1
19704,1,-1,-1,-1,-1,-1,-1,-1,-1,-1,-1,-1,-1,-1,-1,-1,-1,-1,-1,-1,-1,-1,-1,-1,-1,-1,-1,-1,0.105061765027602,-0.0365770850326657,-0.0365770850326657,-0.0365770850326658,-0.0365770850326657,-0.0365770850326658,-0.0365770850326657,-0.0244737693832006,-0.0226656930317037,-0.0226656930317036,-0.0226656930317037,-0.0540470899802851,-0.0540470899802851,-0.0249869874809194,-0.0249869874809192,-1,-1,-1
5796,1,-1,-1,-1,-1,-1,-1,-1,-1,-1,-1,-1,-1,-1,-1,-1,-1,-1,-1,-1,-1,-1,-1,-1,-1,-1,-1,-1,-0.0597201635944526,-0.0597201635944526,-0.0597201635944527,-1,-1,-1,-1,-1,-1,-1,-1,-1,-1,-1,-1,-1,-1,-1
5794,1,-1,-1,-1,-1,-1,-1,-1,-1,-1,-1,-1,-1,-1,-1,-1,-1,-1,-1,-1,-1,-1,-1,-1,-1,-1,-1,-1,0,0,0,-1,-1,-1,-1,-1,-1,-1,-1,-1,-1,-1,-1,-1,-1,-1
5793,1,-1,-1,-1,-1,-1,-1,-1,-1,-1,-1,-1,-1,-1,-1,-1,-1,-1,-1,-1,-1,-1,-1,-1,-1,-1,-1,-1,-0.177867536890704,-0.177867536890704,-0.177867536890704,-1,-1,-1,-1,-1,-1,-1,-1,-1,-1,-1,-1,-1,-1,-1
5791,1,-1,-1,-1,-1,-1,-1,-1,-1,-1,-1,-1,-1,-1,-1,-1,-1,-1,-1,-1,-1,-1,-1,-1,-1,-1,-1,-1,-0.0310747744770311,-0.0310747744770311,-0.0310747744770311,-1,-1,-1,-1,-1,-1,-1,-1,-1,-1,-1,-1,-1,-1,-1
5790,1,-1,-1,-1,-1,-1,-1,-1,-1,-1,-1,-1,-1,-1,-1,-1,-1,-1,-1,-1,-1,-1,-1,-1,-1,-1,-1,-1,-0.15303271686213,-0.15303271686213,-0.15303271686213,-1,-1,-1,-1,-1,-1,-1,-1,-1,-1,-1,-1,-1,-1,-1
5789,1,-1,-1,-1,-1,-1,-1,-1,-1,-1,-1,-1,-1,-1,-1,-1,-1,-1,-1,-1,-1,-1,-1,-1,-1,-1,-1,-1,0.0129025676643746,0.0129025676643745,0.0129025676643745,-1,-1,-1,-1,-1,-1,-1,-1,-1,-1,-1,-1,-1,-1,-1
5788,1,-1,-1,-1,-1,-1,-1,-1,-1,-1,-1,-1,-1,-1,-1,-1,-1,-1,-1,-1,-1,-1,-1,-1,-1,-1,-1,-1,0.11813465936844,0.11813465936844,0.11813465936844,-1,-1,-1,-1,-1,-1,-1,-1,-1,-1,-1,-1,-1,-1,-1
5786,1,-1,-1,-1,-1,-1,-1,-1,-1,-1,-1,-1,-1,-1,-1,-1,-1,-1,-1,-1,-1,-1,-1,-1,-1,-1,-1,-1,-0.159040418239888,-0.159040418239887,-0.159040418239888,-1,-1,-1,-1,-1,-1,-1,-1,-1,-1,-1,-1,-1,-1,-1
5784,1,-1,-1,-1,-1,-1,-1,-1,-1,-1,-1,-1,-1,-1,-1,-1,-1,-1,-1,-1,-1,-1,-1,-1,-1,-1,-1,-1,0.0679168425078534,0.0679168425078535,0.0679168425078533,-1,-1,-1,-1,-1,-1,-1,-1,-1,-1,-1,-1,-1,-1,-1
11846,1,-1,-1,-1,-1,-1,-1,-1,-1,-1,-1,-1,-1,-1,-1,-1,-1,-1,-1,-1,-1,-1,-1,-1,-1,-1,-1,-1,-1,0.014947794871381,0.0149477948713808,-0.252376497321016,-0.252376497321016,-0.252376497321016,-0.252376497321016,-0.252376497321016,-0.252376497321016,-0.252376497321016,-0.252376497321016,-1,-1,-1,-1,-1,-1,-1
11843,1,-1,-1,-1,-1,-1,-1,-1,-1,-1,-1,-1,-1,-1,-1,-1,-1,-1,-1,-1,-1,-1,-1,-1,-1,-1,-1,-1,-1,-0.885273711053994,-0.885273711053994,0.26943270563104,0.26943270563104,0.26943270563104,0.26943270563104,0.26943270563104,0.26943270563104,0.26943270563104,0.26943270563104,-1,-1,-1,-1,-1,-1,-1
11840,1,-1,-1,-1,-1,-1,-1,-1,-1,-1,-1,-1,-1,-1,-1,-1,-1,-1,-1,-1,-1,-1,-1,-1,-1,-1,-1,-1,-1,-0.096059352244916,-0.096059352244916,0.00543321172263633,0.00543321172263633,0.00543321172263633,0.00543321172263611,0.00543321172263633,0.00543321172263633,0.00543321172263633,0.00543321172263611,-1,-1,-1,-1,-1,-1,-1
11838,1,-1,-1,-1,-1,-1,-1,-1,-1,-1,-1,-1,-1,-1,-1,-1,-1,-1,-1,-1,-1,-1,-1,-1,-1,-1,-1,-1,-1,-0.0186240287098147,-0.0186240287098147,0.0531954272184232,0.0531954272184232,0.0531954272184232,0.0531954272184232,0.0531954272184232,0.0531954272184232,0.0531954272184232,0.0531954272184232,-1,-1,-1,-1,-1,-1,-1
6273,1,-1,-1,-1,-1,-1,-1,-1,-1,-1,-1,-1,-1,-1,-1,-1,-1,-1,-1,-1,-1,-1,-1,-1,-1,-1,-1,-1,-1,-1,-1,0.151267675330649,-1,-1,-1,-1,-1,-1,-1,-1,-1,-1,-1,-1,-1,-1
6272,1,-1,-1,-1,-1,-1,-1,-1,-1,-1,-1,-1,-1,-1,-1,-1,-1,-1,-1,-1,-1,-1,-1,-1,-1,-1,-1,-1,-1,-1,-1,-0.185046101708608,-1,-1,-1,-1,-1,-1,-1,-1,-1,-1,-1,-1,-1,-1
11833,1,-1,-1,-1,-1,-1,-1,-1,-1,-1,-1,-1,-1,-1,-1,-1,-1,-1,-1,-1,-1,-1,-1,-1,-1,-1,-1,-1,-1,0.00469525840303486,0.00469525840303464,0.0189255334250387,0.0189255334250384,0.0189255334250387,0.0189255334250387,0.0189255334250387,0.0189255334250384,0.0189255334250387,0.0189255334250387,-1,-1,-1,-1,-1,-1,-1
11831,1,-1,-1,-1,-1,-1,-1,-1,-1,-1,-1,-1,-1,-1,-1,-1,-1,-1,-1,-1,-1,-1,-1,-1,-1,-1,-1,-1,-1,-0.115551736170759,-0.115551736170759,0.0491265533595413,0.0491265533595413,0.0491265533595415,0.0491265533595415,0.0491265533595413,0.0491265533595415,0.0491265533595415,0.0491265533595413,-1,-1,-1,-1,-1,-1,-1
11824,1,-1,-1,-1,-1,-1,-1,-1,-1,-1,-1,-1,-1,-1,-1,-1,-1,-1,-1,-1,-1,-1,-1,-1,-1,-1,-1,-1,-1,0.30162620189368,0.30162620189368,-0.276084947145035,-0.276084947145035,-0.276084947145035,-0.276084947145035,-0.276084947145035,-0.276084947145035,-0.276084947145035,-0.276084947145035,-1,-1,-1,-1,-1,-1,-1
11821,1,-1,-1,-1,-1,-1,-1,-1,-1,-1,-1,-1,-1,-1,-1,-1,-1,-1,-1,-1,-1,-1,-1,-1,-1,-1,-1,-1,-1,0.00784955010485788,0.00784955010485788,-0.0195005871634435,-0.0195005871634435,-0.0195005871634435,-0.0195005871634435,-0.0195005871634435,-0.0195005871634435,-0.0195005871634437,-0.0195005871634433,-1,-1,-1,-1,-1,-1,-1
11820,1,-1,-1,-1,-1,-1,-1,-1,-1,-1,-1,-1,-1,-1,-1,-1,-1,-1,-1,-1,-1,-1,-1,-1,-1,-1,-1,-1,-1,-0.0633084699205433,-0.0633084699205435,0.0361680296673486,0.0361680296673481,0.0361680296673483,0.0361680296673483,0.0361680296673483,0.0361680296673483,0.0361680296673483,0.0361680296673483,-1,-1,-1,-1,-1,-1,-1
11818,1,-1,-1,-1,-1,-1,-1,-1,-1,-1,-1,-1,-1,-1,-1,-1,-1,-1,-1,-1,-1,-1,-1,-1,-1,-1,-1,-1,-1,0.0538169391999148,0.0538169391999148,0.0243438964186395,0.0243438964186398,0.0243438964186398,0.0243438964186398,0.0243438964186395,0.0243438964186398,0.0243438964186398,0.0243438964186398,-1,-1,-1,-1,-1,-1,-1
11814,1,-1,-1,-1,-1,-1,-1,-1,-1,-1,-1,-1,-1,-1,-1,-1,-1,-1,-1,-1,-1,-1,-1,-1,-1,-1,-1,-1,-1,0.0988316825489366,0.0988316825489366,-0.112647624648077,-0.112647624648077,-0.112647624648077,-0.112647624648077,-0.112647624648076,-0.112647624648077,-0.112647624648076,-0.112647624648077,-1,-1,-1,-1,-1,-1,-1
6338,1,-1,-1,-1,-1,-1,-1,-1,-1,-1,-1,-1,-1,-1,-1,-1,-1,-1,-1,-1,-1,-1,-1,-1,-1,-1,-1,-1,-1,-1,-1,0.171935299284523,-1,-1,-1,-1,-1,-1,-1,-1,-1,-1,-1,-1,-1,-1
6337,1,-1,-1,-1,-1,-1,-1,-1,-1,-1,-1,-1,-1,-1,-1,-1,-1,-1,-1,-1,-1,-1,-1,-1,-1,-1,-1,-1,-1,-1,-1,-0.12668640287782,-1,-1,-1,-1,-1,-1,-1,-1,-1,-1,-1,-1,-1,-1
11812,1,-1,-1,-1,-1,-1,-1,-1,-1,-1,-1,-1,-1,-1,-1,-1,-1,-1,-1,-1,-1,-1,-1,-1,-1,-1,-1,-1,-1,0.071545499476378,0.071545499476378,-0.0348442001191036,-0.0348442001191036,-0.0348442001191036,-0.0348442001191038,-0.0348442001191036,-0.0348442001191036,-0.0348442001191036,-0.0348442001191036,-1,-1,-1,-1,-1,-1,-1
11810,1,-1,-1,-1,-1,-1,-1,-1,-1,-1,-1,-1,-1,-1,-1,-1,-1,-1,-1,-1,-1,-1,-1,-1,-1,-1,-1,-1,-1,-0.071545499476378,-0.0715454994763778,0.000264169914174772,0.000264169914174994,0.000264169914174772,0.000264169914174994,0.000264169914174772,0.000264169914174994,0.000264169914174772,0.000264169914174994,-1,-1,-1,-1,-1,-1,-1
11807,1,-1,-1,-1,-1,-1,-1,-1,-1,-1,-1,-1,-1,-1,-1,-1,-1,-1,-1,-1,-1,-1,-1,-1,-1,-1,-1,-1,-1,0.0738479437481079,0.0738479437481081,0.0141299391635741,0.0141299391635741,0.0141299391635741,0.0141299391635739,0.0141299391635741,0.0141299391635741,0.0141299391635741,0.0141299391635739,-1,-1,-1,-1,-1,-1,-1
18578,1,-1,-1,-1,-1,-1,-1,-1,-1,-1,-1,-1,-1,-1,-1,-1,-1,-1,-1,-1,-1,-1,-1,-1,-1,-1,-1,-1,-1,-1,-1,-1,-1,-1,0.191373290511077,0.0233730766222606,0.073684461819838,-0.0640468508205259,-0.0640468508205256,-0.0640468508205259,-0.0168900048584653,-0.151173775360878,-0.151173775360878,-0.151173775360879,-0.243736464205251,-1
18567,1,-1,-1,-1,-1,-1,-1,-1,-1,-1,-1,-1,-1,-1,-1,-1,-1,-1,-1,-1,-1,-1,-1,-1,-1,-1,-1,-1,-1,-1,-1,-1,-1,-1,-0.0256006490098692,0.186067855775392,-0.123490206641322,0.0537946143597361,0.0537946143597363,0.0537946143597361,0.0222937222969066,-0.104379357306628,-0.104379357306628,-0.104379357306628,-0.363937202107326,-1
11805,1,-1,-1,-1,-1,-1,-1,-1,-1,-1,-1,-1,-1,-1,-1,-1,-1,-1,-1,-1,-1,-1,-1,-1,-1,-1,-1,-1,-1,-0.0224835727582615,-0.0224835727582617,-0.0122372711565153,-0.0122372711565153,-0.0122372711565153,-0.0122372711565153,-0.0122372711565153,-0.0122372711565153,-0.0122372711565153,-0.0122372711565153,-1,-1,-1,-1,-1,-1,-1
11803,1,-1,-1,-1,-1,-1,-1,-1,-1,-1,-1,-1,-1,-1,-1,-1,-1,-1,-1,-1,-1,-1,-1,-1,-1,-1,-1,-1,-1,0.183153035306505,0.183153035306504,-0.268743439982109,-0.26874343998211,-0.268743439982109,-0.26874343998211,-0.268743439982109,-0.26874343998211,-0.268743439982109,-0.268743439982109,-1,-1,-1,-1,-1,-1,-1
11795,1,-1,-1,-1,-1,-1,-1,-1,-1,-1,-1,-1,-1,-1,-1,-1,-1,-1,-1,-1,-1,-1,-1,-1,-1,-1,-1,-1,-1,0.131660877779666,0.131660877779666,0.10798441881164,0.10798441881164,0.10798441881164,0.10798441881164,0.10798441881164,0.10798441881164,0.10798441881164,0.10798441881164,-1,-1,-1,-1,-1,-1,-1
11793,1,-1,-1,-1,-1,-1,-1,-1,-1,-1,-1,-1,-1,-1,-1,-1,-1,-1,-1,-1,-1,-1,-1,-1,-1,-1,-1,-1,-1,0.00980831685772321,0.00980831685772321,-0.00445955134616649,-0.00445955134616671,-0.00445955134616671,-0.00445955134616671,-0.00445955134616649,-0.00445955134616671,-0.00445955134616671,-0.00445955134616649,-1,-1,-1,-1,-1,-1,-1
11792,1,-1,-1,-1,-1,-1,-1,-1,-1,-1,-1,-1,-1,-1,-1,-1,-1,-1,-1,-1,-1,-1,-1,-1,-1,-1,-1,-1,-1,0.0157464280467179,0.0157464280467179,0.0128401943064831,0.0128401943064833,0.0128401943064831,0.0128401943064833,0.0128401943064831,0.0128401943064831,0.0128401943064831,0.0128401943064833,-1,-1,-1,-1,-1,-1,-1
11791,1,-1,-1,-1,-1,-1,-1,-1,-1,-1,-1,-1,-1,-1,-1,-1,-1,-1,-1,-1,-1,-1,-1,-1,-1,-1,-1,-1,-1,0.103049274319006,0.103049274319006,-0.0107056025901979,-0.0107056025901977,-0.0107056025901979,-0.0107056025901979,-0.0107056025901979,-0.0107056025901979,-0.0107056025901979,-0.0107056025901979,-1,-1,-1,-1,-1,-1,-1
11790,1,-1,-1,-1,-1,-1,-1,-1,-1,-1,-1,-1,-1,-1,-1,-1,-1,-1,-1,-1,-1,-1,-1,-1,-1,-1,-1,-1,-1,0.0865000910392697,0.0865000910392697,-0.0237182675285452,-0.0237182675285452,-0.0237182675285452,-0.0237182675285452,-0.0237182675285452,-0.023718267528545,-0.0237182675285452,-0.0237182675285452,-1,-1,-1,-1,-1,-1,-1
6316,1,-1,-1,-1,-1,-1,-1,-1,-1,-1,-1,-1,-1,-1,-1,-1,-1,-1,-1,-1,-1,-1,-1,-1,-1,-1,-1,-1,-1,-1,-1,0.0669467896306132,-1,-1,-1,-1,-1,-1,-1,-1,-1,-1,-1,-1,-1,-1
6315,1,-1,-1,-1,-1,-1,-1,-1,-1,-1,-1,-1,-1,-1,-1,-1,-1,-1,-1,-1,-1,-1,-1,-1,-1,-1,-1,-1,-1,-1,-1,-0.041392685158225,-1,-1,-1,-1,-1,-1,-1,-1,-1,-1,-1,-1,-1,-1
11789,1,-1,-1,-1,-1,-1,-1,-1,-1,-1,-1,-1,-1,-1,-1,-1,-1,-1,-1,-1,-1,-1,-1,-1,-1,-1,-1,-1,-1,-0.0561348842086355,-0.0561348842086351,-0.00914291138128842,-0.00914291138128864,-0.00914291138128842,-0.00914291138128842,-0.00914291138128842,-0.00914291138128842,-0.00914291138128864,-0.00914291138128842,-1,-1,-1,-1,-1,-1,-1
11788,1,-1,-1,-1,-1,-1,-1,-1,-1,-1,-1,-1,-1,-1,-1,-1,-1,-1,-1,-1,-1,-1,-1,-1,-1,-1,-1,-1,-1,0.0983159806316873,0.0983159806316873,0.012349269610326,0.012349269610326,0.012349269610326,0.012349269610326,0.012349269610326,0.0123492696103258,0.012349269610326,0.012349269610326,-1,-1,-1,-1,-1,-1,-1
6296,1,-1,-1,-1,-1,-1,-1,-1,-1,-1,-1,-1,-1,-1,-1,-1,-1,-1,-1,-1,-1,-1,-1,-1,-1,-1,-1,-1,-1,-1,-1,0.206054482433125,-1,-1,-1,-1,-1,-1,-1,-1,-1,-1,-1,-1,-1,-1
6295,1,-1,-1,-1,-1,-1,-1,-1,-1,-1,-1,-1,-1,-1,-1,-1,-1,-1,-1,-1,-1,-1,-1,-1,-1,-1,-1,-1,-1,-1,-1,-0.0170333392987804,-1,-1,-1,-1,-1,-1,-1,-1,-1,-1,-1,-1,-1,-1
11786,1,-1,-1,-1,-1,-1,-1,-1,-1,-1,-1,-1,-1,-1,-1,-1,-1,-1,-1,-1,-1,-1,-1,-1,-1,-1,-1,-1,-1,-0.127309960618055,-0.127309960618055,0.0158004343583218,0.0158004343583216,0.0158004343583218,0.0158004343583218,0.0158004343583216,0.0158004343583218,0.0158004343583218,0.0158004343583216,-1,-1,-1,-1,-1,-1,-1
11782,1,-1,-1,-1,-1,-1,-1,-1,-1,-1,-1,-1,-1,-1,-1,-1,-1,-1,-1,-1,-1,-1,-1,-1,-1,-1,-1,-1,-1,-0.0851927192320592,-0.085192719232059,0.0165695889513806,0.0165695889513806,0.0165695889513808,0.0165695889513806,0.0165695889513808,0.0165695889513806,0.0165695889513806,0.0165695889513808,-1,-1,-1,-1,-1,-1,-1
5940,1,-1,-1,-1,-1,-1,-1,-1,-1,-1,-1,-1,-1,-1,-1,-1,-1,-1,-1,-1,-1,-1,-1,-1,-1,-1,-1,-1,-1,-1,0.361727836017593,-1,-1,-1,-1,-1,-1,-1,-1,-1,-1,-1,-1,-1,-1,-1
6313,1,-1,-1,-1,-1,-1,-1,-1,-1,-1,-1,-1,-1,-1,-1,-1,-1,-1,-1,-1,-1,-1,-1,-1,-1,-1,-1,-1,-1,-1,-1,0.190331698170291,-1,-1,-1,-1,-1,-1,-1,-1,-1,-1,-1,-1,-1,-1
6312,1,-1,-1,-1,-1,-1,-1,-1,-1,-1,-1,-1,-1,-1,-1,-1,-1,-1,-1,-1,-1,-1,-1,-1,-1,-1,-1,-1,-1,-1,-1,0.0101396313508799,-1,-1,-1,-1,-1,-1,-1,-1,-1,-1,-1,-1,-1,-1
11781,1,-1,-1,-1,-1,-1,-1,-1,-1,-1,-1,-1,-1,-1,-1,-1,-1,-1,-1,-1,-1,-1,-1,-1,-1,-1,-1,-1,-1,-0.0548803542973306,-0.0548803542973304,-0.00508743469224227,-0.00508743469224227,-0.00508743469224249,-0.00508743469224227,-0.00508743469224227,-0.00508743469224227,-0.00508743469224227,-0.00508743469224227,-1,-1,-1,-1,-1,-1,-1
6360,1,-1,-1,-1,-1,-1,-1,-1,-1,-1,-1,-1,-1,-1,-1,-1,-1,-1,-1,-1,-1,-1,-1,-1,-1,-1,-1,-1,-1,-1,-1,0.0347621062592119,-1,-1,-1,-1,-1,-1,-1,-1,-1,-1,-1,-1,-1,-1
6359,1,-1,-1,-1,-1,-1,-1,-1,-1,-1,-1,-1,-1,-1,-1,-1,-1,-1,-1,-1,-1,-1,-1,-1,-1,-1,-1,-1,-1,-1,-1,-0.350515358743899,-1,-1,-1,-1,-1,-1,-1,-1,-1,-1,-1,-1,-1,-1
11780,1,-1,-1,-1,-1,-1,-1,-1,-1,-1,-1,-1,-1,-1,-1,-1,-1,-1,-1,-1,-1,-1,-1,-1,-1,-1,-1,-1,-1,0.0291570978124425,0.0291570978124425,-0.0287554035289534,-0.0287554035289534,-0.0287554035289537,-0.0287554035289534,-0.0287554035289534,-0.0287554035289534,-0.0287554035289534,-0.0287554035289534,-1,-1,-1,-1,-1,-1,-1
11779,1,-1,-1,-1,-1,-1,-1,-1,-1,-1,-1,-1,-1,-1,-1,-1,-1,-1,-1,-1,-1,-1,-1,-1,-1,-1,-1,-1,-1,0.0509621865930923,0.0509621865930923,-0.00543321172263633,-0.00543321172263633,-0.00543321172263633,-0.00543321172263611,-0.00543321172263633,-0.00543321172263633,-0.00543321172263633,-0.00543321172263633,-1,-1,-1,-1,-1,-1,-1
6419,1,-1,-1,-1,-1,-1,-1,-1,-1,-1,-1,-1,-1,-1,-1,-1,-1,-1,-1,-1,-1,-1,-1,-1,-1,-1,-1,-1,-1,2.15282772902938,-0.375955697484906,-1.77687203154447,0,0,0,-1,-1,-1,-1,-1,-1,-1,-1,-1,-1,-1
6418,1,-1,-1,-1,-1,-1,-1,-1,-1,-1,-1,-1,-1,-1,-1,-1,-1,-1,-1,-1,-1,-1,-1,-1,-1,-1,-1,-1,-1,-0.281285937468224,-0.310789832953137,0.397940008672038,-0.00811978195314828,-0.00811978195314822,-0.00811978195314822,-1,-1,-1,-1,-1,-1,-1,-1,-1,-1,-1
17803,1,-1,-1,-1,-1,-1,-1,-1,-1,-1,-1,-1,-1,-1,-1,-1,-1,-1,-1,-1,-1,-1,-1,-1,-1,-1,-1,-1,-1,-1,0.261439372640169,0.261439372640169,0.0537893340783249,0.0537893340783251,0.0537893340783249,0.245922255770184,0.245922255770185,0.483508053381063,0.0136053109244854,0.0136053109244849,0.0136053109244854,-1,-1,-1,-1,-1
11324,1,-1,-1,-1,-1,-1,-1,-1,-1,-1,-1,-1,-1,-1,-1,-1,-1,-1,-1,-1,-1,-1,-1,-1,-1,-1,-1,-1,-1,-1,-1,-1,-1,0.0339261204728709,-1,-1,-1,-1,-1,-1,-1,-1,-1,-1,-1,-1
12048,1,-1,-1,-1,-1,-1,-1,-1,-1,-1,-1,-1,-1,-1,-1,-1,-1,-1,-1,-1,-1,-1,-1,-1,-1,-1,-1,-1,-1,-1,0.153813500358606,0.153813500358606,-1,-1,-1,-1,-1,-1,-1,-1,-1,-1,-1,-1,-1,-1
3342,1,-1,-1,-1,-1,-1,-1,-1,-1,-1,-1,-1,-1,-1,-1,-1,-1,-1,-1,-1,-1,-1,-1,-1,-1,-1,-1,-1,-1,-1,0.0861861476162833,0.167317334748176,0.273591747317042,-1,-1,-1,-1,-1,-1,-1,-1,-1,-1,-1,-1,-1
18672,1,-1,-1,-1,-1,-1,-1,-1,-1,-1,-1,-1,-1,-1,-1,-1,-1,-1,-1,-1,-1,-1,-1,-1,-1,-1,-1,-1,-1,-1,-1,-0.471291711058939,0.15836249209525,-0.0395906230238124,-0.0395906230238125,-0.238560627359831,-1,-1,-0.0484550065040283,-1,-1,-1,-1,-1,-1,-1
18669,1,-1,-1,-1,-1,-1,-1,-1,-1,-1,-1,-1,-1,-1,-1,-1,-1,-1,-1,-1,-1,-1,-1,-1,-1,-1,-1,-1,-1,-1,-1,-0.10809417996057,0.00934002625414335,-0.132778838750881,-0.132778838750881,-0.0177361590811095,-0.0177361590811095,0.0177361590811095,0.0177361590811095,-1,-1,-1,-1,-1,-1,-1
8863,1,-1,-1,-1,-1,-1,-1,-1,-1,-1,-1,-1,-1,-1,-1,-1,-1,-1,-1,-1,-1,-1,-1,-1,-1,-1,-1,-1,-1,-1,-1,0.0739495832054521,0.0739495832054521,0.0739495832054521,0.146128035678238,-1,-1,-1,-1,-1,-1,-1,-1,-1,-1,-1
8681,1,-1,-1,-1,-1,-1,-1,-1,-1,-1,-1,-1,-1,-1,-1,-1,-1,-1,-1,-1,-1,-1,-1,-1,-1,-1,-1,-1,-1,-1,-1,0.0104540854780931,-1,-1,-1,-1,-1,-1,-1,-1,-1,-1,-1,-1,-1,-1
6358,1,-1,-1,-1,-1,-1,-1,-1,-1,-1,-1,-1,-1,-1,-1,-1,-1,-1,-1,-1,-1,-1,-1,-1,-1,-1,-1,-1,-1,-1,-1,0.506576234057938,-1,-1,-1,-1,-1,-1,-1,-1,-1,-1,-1,-1,-1,-1
6357,1,-1,-1,-1,-1,-1,-1,-1,-1,-1,-1,-1,-1,-1,-1,-1,-1,-1,-1,-1,-1,-1,-1,-1,-1,-1,-1,-1,-1,-1,-1,0.0725506671486117,-1,-1,-1,-1,-1,-1,-1,-1,-1,-1,-1,-1,-1,-1
6294,1,-1,-1,-1,-1,-1,-1,-1,-1,-1,-1,-1,-1,-1,-1,-1,-1,-1,-1,-1,-1,-1,-1,-1,-1,-1,-1,-1,-1,-1,-1,0.134698573897456,-1,-1,-1,-1,-1,-1,-1,-1,-1,-1,-1,-1,-1,-1
6293,1,-1,-1,-1,-1,-1,-1,-1,-1,-1,-1,-1,-1,-1,-1,-1,-1,-1,-1,-1,-1,-1,-1,-1,-1,-1,-1,-1,-1,-1,-1,0.815939811273043,-1,-1,-1,-1,-1,-1,-1,-1,-1,-1,-1,-1,-1,-1
6234,1,-1,-1,-1,-1,-1,-1,-1,-1,-1,-1,-1,-1,-1,-1,-1,-1,-1,-1,-1,-1,-1,-1,-1,-1,-1,-1,-1,-1,-1,-1,-0.101026579202889,-1,-1,-1,-1,-1,-1,-1,-1,-1,-1,-1,-1,-1,-1
6233,1,-1,-1,-1,-1,-1,-1,-1,-1,-1,-1,-1,-1,-1,-1,-1,-1,-1,-1,-1,-1,-1,-1,-1,-1,-1,-1,-1,-1,-1,-1,0.213879819945081,-1,-1,-1,-1,-1,-1,-1,-1,-1,-1,-1,-1,-1,-1
18540,1,-1,-1,-1,-1,-1,-1,-1,-1,-1,-1,-1,-1,-1,-1,-1,-1,-1,-1,-1,-1,-1,-1,-1,-1,-1,-1,-1,-1,-1,-1,-1,0.0467084248552266,0.207165942253394,-1,-1,-1,-1,-1,-1,-1,-1,-1,-1,-1,-1
18634,1,-1,-1,-1,-1,-1,-1,-1,-1,-1,-1,-1,-1,-1,-1,-1,-1,-1,-1,-1,-1,-1,-1,-1,-1,-1,-1,-1,-1,-1,-1,-1,-1,-1,-0.0174652687580935,-0.0174652687580935,-0.0174652687580935,-1,-1,-1,-1,-1,-1,-1,-1,-1
18633,1,-1,-1,-1,-1,-1,-1,-1,-1,-1,-1,-1,-1,-1,-1,-1,-1,-1,-1,-1,-1,-1,-1,-1,-1,-1,-1,-1,-1,-1,-1,-1,-1,-1,0.0876569768576034,0.0876569768576034,0.0876569768576033,-1,-1,-1,-1,-1,-1,-1,-1,-1
18632,1,-1,-1,-1,-1,-1,-1,-1,-1,-1,-1,-1,-1,-1,-1,-1,-1,-1,-1,-1,-1,-1,-1,-1,-1,-1,-1,-1,-1,-1,-1,-1,-1,-1,0.00434641152596191,0.00434641152596202,0.00434641152596192,-1,-1,-1,-1,-1,-1,-1,-1,-1
18631,1,-1,-1,-1,-1,-1,-1,-1,-1,-1,-1,-1,-1,-1,-1,-1,-1,-1,-1,-1,-1,-1,-1,-1,-1,-1,-1,-1,-1,-1,-1,-1,-1,-1,-0.069231979853494,-0.0692319798534941,-0.0692319798534939,-1,-1,-1,-1,-1,-1,-1,-1,-1
18587,1,-1,-1,-1,-1,-1,-1,-1,-1,-1,-1,-1,-1,-1,-1,-1,-1,-1,-1,-1,-1,-1,-1,-1,-1,-1,-1,-1,-1,-1,-1,-1,-1,-1,0.00692168164305529,-0.135948883859737,0.0272942637991604,-0.0239163690242716,-0.0239163690242716,-0.0239163690242716,-0.303639209229326,0.0847031734992288,0.0847031734992285,0.0847031734992287,-0.0625980220289528,-1
18573,1,-1,-1,-1,-1,-1,-1,-1,-1,-1,-1,-1,-1,-1,-1,-1,-1,-1,-1,-1,-1,-1,-1,-1,-1,-1,-1,-1,-1,-1,-1,-1,-1,-1,-0.0534036342332311,-0.166061627120676,0.413141508787296,-0.0598513429496175,-0.0598513429496175,-0.0598513429496175,-0.774692992061284,0.258230997353761,0.258230997353761,0.258230997353761,-0.406713306530074,-1
18585,1,-1,-1,-1,-1,-1,-1,-1,-1,-1,-1,-1,-1,-1,-1,-1,-1,-1,-1,-1,-1,-1,-1,-1,-1,-1,-1,-1,-1,-1,-1,-1,-1,-1,0.0123865199604312,0.0120437469788361,-0.229336707637283,0.0203237613562133,0.0203237613562133,0.0203237613562133,-0.317756998954432,0.0913539051740879,0.0913539051740879,0.0913539051740879,-0.265062005268747,-1
18572,1,-1,-1,-1,-1,-1,-1,-1,-1,-1,-1,-1,-1,-1,-1,-1,-1,-1,-1,-1,-1,-1,-1,-1,-1,-1,-1,-1,-1,-1,-1,-1,-1,-1,0.0613627759362092,0.0609197382928921,-0.101596974950018,-0.0307221645759768,-0.030722164575977,-0.0307221645759768,-0.24269187727179,0.087231554470468,0.087231554470468,0.0872315544704683,-0.439002314159921,-1
18584,1,-1,-1,-1,-1,-1,-1,-1,-1,-1,-1,-1,-1,-1,-1,-1,-1,-1,-1,-1,-1,-1,-1,-1,-1,-1,-1,-1,-1,-1,-1,-1,-1,-1,-0.127850986452487,0.142120441447298,-0.141523653174435,-0.0359379758736165,-0.0359379758736167,-0.0359379758736169,0.0509809937296728,-0.0266370463948398,-0.02663704639484,-0.0266370463948398,-0.156847659617984,-1
18570,1,-1,-1,-1,-1,-1,-1,-1,-1,-1,-1,-1,-1,-1,-1,-1,-1,-1,-1,-1,-1,-1,-1,-1,-1,-1,-1,-1,-1,-1,-1,-1,-1,-1,-0.204204990252987,0.261474187829533,-0.0763264042994565,-0.000812375238723462,-0.000812375238723462,-0.00081237523872324,-0.0971248747000168,-0.00635275072691588,-0.00635275072691566,-0.00635275072691588,-0.266634194211169,-1
18583,1,-1,-1,-1,-1,-1,-1,-1,-1,-1,-1,-1,-1,-1,-1,-1,-1,-1,-1,-1,-1,-1,-1,-1,-1,-1,-1,-1,-1,-1,-1,-1,-1,-1,0.244393541662349,-0.0601105570456104,-0.217917348869103,0.0593345796465024,0.0593345796465026,0.0593345796465024,0.0137844093609376,-0.574932989955149,-0.574932989955149,-0.574932989955149,0.981638729991756,-1
18569,1,-1,-1,-1,-1,-1,-1,-1,-1,-1,-1,-1,-1,-1,-1,-1,-1,-1,-1,-1,-1,-1,-1,-1,-1,-1,-1,-1,-1,-1,-1,-1,-1,-1,-0.263337885255957,0.235177202025206,-0.130364107416949,0.0167092463870844,0.0167092463870842,0.0167092463870842,-0.118449487396386,-0.0893890117071074,-0.0893890117071074,-0.0893890117071077,-0.0572401780189673,-1
18582,1,-1,-1,-1,-1,-1,-1,-1,-1,-1,-1,-1,-1,-1,-1,-1,-1,-1,-1,-1,-1,-1,-1,-1,-1,-1,-1,-1,-1,-1,-1,-1,-1,-1,-0.132239127597867,0.143844176008595,0.0166559612987573,-0.103387188236073,-0.103387188236073,-0.103387188236073,0.154401104818733,-0.22192242793568,-0.22192242793568,-0.22192242793568,0.295034736380193,-1
18568,1,-1,-1,-1,-1,-1,-1,-1,-1,-1,-1,-1,-1,-1,-1,-1,-1,-1,-1,-1,-1,-1,-1,-1,-1,-1,-1,-1,-1,-1,-1,-1,-1,-1,-0.11887372911357,-0.0246657174582348,-0.0876472713362295,-0.0182375146694538,-0.018237514669454,-0.0182375146694538,0.157341658830637,-0.197597179269385,-0.197597179269385,-0.197597179269385,0.175155663602921,-1
18581,1,-1,-1,-1,-1,-1,-1,-1,-1,-1,-1,-1,-1,-1,-1,-1,-1,-1,-1,-1,-1,-1,-1,-1,-1,-1,-1,-1,-1,-1,-1,-1,-1,-1,0.0968112152471199,0.0158386779744324,-0.120598825377137,-0.00973197590825103,-0.00973197590825081,-0.00973197590825103,0.0890894142176402,-0.0292362236213297,-0.0292362236213295,-0.0292362236213295,-0.33190821502732,-1
18565,1,-1,-1,-1,-1,-1,-1,-1,-1,-1,-1,-1,-1,-1,-1,-1,-1,-1,-1,-1,-1,-1,-1,-1,-1,-1,-1,-1,-1,-1,-1,-1,-1,-1,0.0227035964298417,-0.0490563440576979,0.069501204031672,0.00148986086132541,0.00148986086132541,0.00148986086132541,-0.170236432487266,-0.0277435906975461,-0.0277435906975461,-0.0277435906975463,-0.00433064155188712,-1
18580,1,-1,-1,-1,-1,-1,-1,-1,-1,-1,-1,-1,-1,-1,-1,-1,-1,-1,-1,-1,-1,-1,-1,-1,-1,-1,-1,-1,-1,-1,-1,-1,-1,-1,-0.0621662891517873,-0.235930807875733,0.00877733521389068,-0.0150170164803409,-0.0150170164803411,-0.0150170164803411,-0.153914362257604,-0.167866628825116,-0.167866628825116,-0.167866628825116,-0.943966984994501,-1
18566,1,-1,-1,-1,-1,-1,-1,-1,-1,-1,-1,-1,-1,-1,-1,-1,-1,-1,-1,-1,-1,-1,-1,-1,-1,-1,-1,-1,-1,-1,-1,-1,-1,-1,0.0112482506806222,-0.167558214746778,-0.207622278646861,-0.0898514546778455,-0.0898514546778455,-0.0898514546778455,0.0464332443298396,0.0211601431004553,0.0211601431004553,0.0211601431004551,-0.580368872878616,-1
18579,1,-1,-1,-1,-1,-1,-1,-1,-1,-1,-1,-1,-1,-1,-1,-1,-1,-1,-1,-1,-1,-1,-1,-1,-1,-1,-1,-1,-1,-1,-1,-1,-1,-1,0.0245207140385781,-0.138695091718205,0.0983864180360672,-0.0529101178259257,-0.0529101178259259,-0.0529101178259259,-0.134818837552159,-0.130490607923322,-0.130490607923322,-0.130490607923322,0.238617780666035,-1
18571,1,-1,-1,-1,-1,-1,-1,-1,-1,-1,-1,-1,-1,-1,-1,-1,-1,-1,-1,-1,-1,-1,-1,-1,-1,-1,-1,-1,-1,-1,-1,-1,-1,-1,-0.0562163340882353,0.0015012350752992,-0.0250269016688702,-0.0202767847651408,-0.0202767847651408,-0.0202767847651411,-0.287960763291238,-0.0207723017244219,-0.0207723017244219,-0.0207723017244221,0.138146834528141,-1
18576,1,-1,-1,-1,-1,-1,-1,-1,-1,-1,-1,-1,-1,-1,-1,-1,-1,-1,-1,-1,-1,-1,-1,-1,-1,-1,-1,-1,-1,-1,-1,-1,-1,-1,0.0653383102533502,-0.777209210516278,0.416458012066798,-0.00257161920530902,-0.00257161920530879,-0.00257161920530891,0.223754682675355,-0.175870324110819,-0.175870324110819,-0.175870324110819,0.180937789169891,-1
18564,1,-1,-1,-1,-1,-1,-1,-1,-1,-1,-1,-1,-1,-1,-1,-1,-1,-1,-1,-1,-1,-1,-1,-1,-1,-1,-1,-1,-1,-1,-1,-1,-1,-1,-0.00547902296807834,-0.132598280277721,-0.0489593810083444,0.0348816785459609,0.0348816785459611,0.0348816785459609,-0.403518825162868,0.0700134011933384,0.0700134011933384,0.0700134011933387,-0.272264297982619,-1
18575,1,-1,-1,-1,-1,-1,-1,-1,-1,-1,-1,-1,-1,-1,-1,-1,-1,-1,-1,-1,-1,-1,-1,-1,-1,-1,-1,-1,-1,-1,-1,-1,-1,-1,0.0103521828255422,-0.0509253437502759,0.0223170727674324,-0.0705433988416433,-0.0705433988416431,-0.0705433988416433,0.149612535158139,0,0,0,-0.200090508302726,-1
18563,1,-1,-1,-1,-1,-1,-1,-1,-1,-1,-1,-1,-1,-1,-1,-1,-1,-1,-1,-1,-1,-1,-1,-1,-1,-1,-1,-1,-1,-1,-1,-1,-1,-1,0.0757791353819797,-0.0279350750790153,-0.0602004632774362,0.0025793212458507,0.0025793212458507,0.00257932124585092,-0.0241312714850321,-0.05810004730129,-0.0581000473012898,-0.05810004730129,0.0438141056142045,-1
10505,1,-1,-1,-1,-1,-1,-1,-1,-1,-1,-1,-1,-1,-1,-1,-1,-1,-1,-1,-1,-1,-1,-1,-1,-1,-1,-1,-1,-1,-1,-1,-1,-1,-1,-1,0.00937271479322202,-0.64996683711971,1.01409598726498,-1,-1,-1,-1,-1,-1,-1,-1
10504,1,-1,-1,-1,-1,-1,-1,-1,-1,-1,-1,-1,-1,-1,-1,-1,-1,-1,-1,-1,-1,-1,-1,-1,-1,-1,-1,-1,-1,-1,-1,-1,-1,-1,-1,-0.226921962679961,0.154576116917886,-0.0907425627114155,-1,-1,-1,-1,-1,-1,-1,-1
10502,1,-1,-1,-1,-1,-1,-1,-1,-1,-1,-1,-1,-1,-1,-1,-1,-1,-1,-1,-1,-1,-1,-1,-1,-1,-1,-1,-1,-1,-1,-1,-1,-1,-1,-1,-0.683374867616288,0.362471157778577,-1,-1,-1,-1,-1,-1,-1,-1,-1
10499,1,-1,-1,-1,-1,-1,-1,-1,-1,-1,-1,-1,-1,-1,-1,-1,-1,-1,-1,-1,-1,-1,-1,-1,-1,-1,-1,-1,-1,-1,-1,-1,-1,-1,-1,0.186720255444586,0.501427183725518,-0.234635138705484,-1,-1,-1,-1,-1,-1,-1,-1
8844,1,-1,-1,-1,-1,-1,-1,-1,-1,-1,-1,-1,-1,-1,-1,-1,-1,-1,-1,-1,-1,-1,-1,-1,-1,-1,-1,-1,-1,-1,-1,-1,-1,-1,-1,0,-1,-1,-1,-1,-1,-1,-1,-1,-1,-1
19736,1,-1,-1,-1,-1,-1,-1,-1,-1,-1,-1,-1,-1,-1,-1,-1,-1,-1,-1,-1,-1,-1,-1,-1,-1,-1,-1,-1,-1,-1,-1,-1,-1,-1,-1,-1,-1,-1,-1,0.113943352306837,0.0310739533744222,0.0310739533744224,0,0,0,-1
19767,-1,-1,-1,-1,-1,-1,-1,-1,-1,-1,-1,-1,-1,-1,-1,-1,-1,-1,-1,-1,-1,-1,-1,-1,-1,-1,-1,-1,-1,-1,-1,-1,-1,-1,-1,-1,-1,-1,-1,-1,-1,-1,-1,-1,-1,-1
18690,1,-1,-1,-1,-1,-1,-1,-1,-1,-1,-1,-1,-1,-1,-1,-1,-1,-1,-1,-1,-1,-1,-1,-1,-1,-1,-1,-1,-1,-1,-1,-1,-1,-1,-1,-1,-0.0872489985757552,0.018467417530413,0.127688025058984,-0.0595655591690684,-0.0595655591690684,0.092428040162287,0.0169266556254049,0.0169266556254049,0.016926655625405,-0.0610523347194061
18679,1,-1,-1,-1,-1,-1,-1,-1,-1,-1,-1,-1,-1,-1,-1,-1,-1,-1,-1,-1,-1,-1,-1,-1,-1,-1,-1,-1,-1,-1,-1,-1,-1,-1,-1,-1,-0.315491747444781,-0.303981045400863,0.00196959286290443,0.00195629468152503,0.00195629468152503,0.258935640783582,-0.145441946306633,0.160337033320588,0.160337033320588,0.000716066908971413
10913,1,-1,-1,-1,-1,-1,-1,-1,-1,-1,-1,-1,-1,-1,-1,-1,-1,-1,-1,-1,-1,-1,-1,-1,-1,-1,-1,-1,-1,-1,-1,-1,-1,-1,-1,-1,-1,0.0707480785107619,-0.176091259055681,-1,-1,-1,-1,-1,-1,-1
18614,1,-1,-1,-1,-1,-1,-1,-1,-1,-1,-1,-1,-1,-1,-1,-1,-1,-1,-1,-1,-1,-1,-1,-1,-1,-1,-1,-1,-1,-1,-1,-1,-1,-1,-1,-1,-1,-1,-1,0.301029995663981,-1,-1,-1,-1,-1,-1
18612,1,-1,-1,-1,-1,-1,-1,-1,-1,-1,-1,-1,-1,-1,-1,-1,-1,-1,-1,-1,-1,-1,-1,-1,-1,-1,-1,-1,-1,-1,-1,-1,-1,-1,-1,-1,-1,-1,-1,0,-1,-1,-1,-1,-1,-1
18610,1,-1,-1,-1,-1,-1,-1,-1,-1,-1,-1,-1,-1,-1,-1,-1,-1,-1,-1,-1,-1,-1,-1,-1,-1,-1,-1,-1,-1,-1,-1,-1,-1,-1,-1,-1,-1,-1,-1,0,-1,-1,-1,-1,-1,-1
18609,1,-1,-1,-1,-1,-1,-1,-1,-1,-1,-1,-1,-1,-1,-1,-1,-1,-1,-1,-1,-1,-1,-1,-1,-1,-1,-1,-1,-1,-1,-1,-1,-1,-1,-1,-1,-1,-1,-1,0.152610163206158,-1,-1,-1,-1,-1,-1
18605,1,-1,-1,-1,-1,-1,-1,-1,-1,-1,-1,-1,-1,-1,-1,-1,-1,-1,-1,-1,-1,-1,-1,-1,-1,-1,-1,-1,-1,-1,-1,-1,-1,-1,-1,-1,-1,-1,-1,0.301029995663981,-1,-1,-1,-1,-1,-1
10559,1,-1,-1,-1,-1,-1,-1,-1,-1,-1,-1,-1,-1,-1,-1,-1,-1,-1,-1,-1,-1,-1,-1,-1,-1,-1,-1,-1,-1,-1,-1,-1,-1,-1,-1,-1,-1,-1,-1,-1,-0.162080544612867,-1,-1,-1,-1,-1
18889,1,-1,-1,-1,-1,-1,-1,-1,-1,-1,-1,-1,-1,-1,-1,-1,-1,-1,-1,-1,-1,-1,-1,-1,-1,-1,-1,-1,-1,-1,-1,-1,-1,-1,-1,-1,-1,-1,-1,-1,-1,-1,-1,-0.602059991327963,0.243038048686295,0.515954901567746
