Species,1970,1971,1972,1973,1974,1975,1976,1977,1978,1979,1980,1981,1982,1983,1984,1985,1986,1987,1988,1989,1990,1991,1992,1993,1994,1995,1996,1997,1998,1999,2000,2001,2002,2003,2004,2005,2006,2007,2008,2009,2010,2011,2012,2013,2014,2015
Uta_stansburiana,1,-0.142539352240386,-0.00749080584436079,NA,NA,NA,NA,NA,NA,NA,NA,NA,NA,NA,NA,NA,NA,NA,NA,NA,-0.469729764032726,-0.214652321792702,-1,1,0.212150309723486,NA,NA,NA,NA,NA,NA,NA,NA,NA,NA,NA,NA,NA,NA,NA,0.173888347548155,NA,NA,NA,NA,NA
Clemmys_guttata,1,0.0527104400140126,0.0527104400140121,-0.02100294657538,0.0652667315125912,NA,NA,NA,NA,NA,NA,NA,NA,NA,NA,NA,NA,NA,NA,NA,NA,NA,NA,NA,NA,NA,NA,NA,NA,NA,0.104507916266128,0.094135820108294,0.0689714098929766,0.0165521736772365,0.0188341946414643,0.00146078039434183,-0.00187510637021449,0.00767252226235726,0.0224111046448581,0.0324478082496786,NA,NA,NA,NA,NA,NA
Aneides_aeneus,1,-0.0825412372789849,-0.0825412372789851,-0.0825412372789851,-0.0825412372789849,-0.0825412372789851,-0.0825412372789849,-0.0825412372789851,-0.0825412372789851,-0.0825412372789849,-0.0825412372789851,-0.0825412372789851,-0.0825412372789848,-0.0101966652650703,0.1261476604221,-0.082541237278985,-0.0825412372789851,-0.0825412372789849,-0.082541237278985,-0.0825412372789849,-0.082541237278985,0,-1,0.952531001876861,0,-0.952531001876861,1,0,0,0,NA,NA,NA,NA,NA,NA,NA,NA,NA,NA,NA,NA,NA,NA,NA,NA
Ambystoma_cingulatum,1,NA,-0.0799625600647713,-0.0799625600647713,-0.0799625600647712,-0.0799625600647713,-0.0799625600647713,-0.0799625600647713,-0.0799625600647712,-0.0799625600647713,-0.0799625600647714,-0.0799625600647712,-0.0799625600647713,-0.0799625600647711,-0.0799625600647714,-0.0799625600647712,-0.129691875063941,-0.129691875063941,-0.129691875063941,-0.129691875063941,-0.129691875063941,NA,NA,NA,NA,NA,NA,NA,NA,NA,NA,NA,NA,NA,NA,NA,NA,NA,NA,NA,NA,NA,NA,NA,NA,NA
Sceloporus_scalaris,1,NA,NA,NA,0.215599800339355,-0.0532455119532251,-0.106455330914287,NA,NA,NA,0.531478917042255,0.427562475278839,0.148168577326775,NA,NA,NA,NA,NA,NA,NA,NA,NA,NA,NA,NA,NA,NA,NA,NA,NA,NA,NA,NA,NA,NA,NA,NA,NA,NA,NA,NA,NA,NA,NA,NA,NA
Clemmys_insculpta,1,NA,NA,NA,NA,0.00368157593208718,0.00328209137463009,0.00413307740865387,0.0101468190930818,0.0229422898074989,0.0343326863141842,0.02842936855879,-0.00226078626017934,-0.0434214091830221,-0.0682284480834077,-0.0640766904478576,-0.0474819602839298,-0.0486343142762313,-0.0818598406449595,-0.133800944567092,-0.178797985148463,-0.201265342546353,NA,NA,NA,NA,NA,NA,NA,NA,0.0175204239793953,0.0173977709055602,0.0166330347014068,0.0150176550219658,0.0132507568988025,0.0122549905852112,0.0119611656760243,0.0113027509990555,0.00969041312854424,0.00811805579512992,0.00822527370730342,0.010187877805294,0.0120624948273931,0.0117135480268442,0.00927040376578514,0.00707697627421222
Plethodon_jordani,1,NA,NA,NA,NA,0.0442946617252962,0.0572585961445095,0.0482920824048341,0.0257316665186302,-0.0110451533021869,-0.0434443185953569,-0.0479821869009854,-0.0328835328005652,0.0360956521637239,0.0669014016065146,0.0464309406563495,0.00594895847484977,-0.017410905679752,-0.0133274630770752,0.00370372582560741,0.0159477687722578,NA,NA,NA,NA,NA,NA,NA,NA,NA,NA,NA,NA,NA,NA,NA,NA,NA,NA,NA,NA,NA,NA,NA,NA,NA
Lampropeltis_getula,1,NA,NA,NA,NA,NA,-0.00258511055067889,-0.0068455066942289,-0.0155513492554746,-0.144991535145289,-0.0184215441174685,-0.0213866423860316,-0.021929138163141,-0.0207638528103569,-0.0180846941004557,-0.0140488692180052,-0.00927804537910581,-0.00388010657866766,0.00203883488887763,0.00723417996973963,0.00958455735048691,0.0086086197578531,0.00403983708594746,-0.00505227507639366,-0.0179768070125843,-0.0325456520264347,0.0373441764746243,0.0248635750002536,-0.139637882959622,-0.157614644007944,-0.172099184106042,0.0796655887841347,-0.59529580072581,0.291775885842282,-0.0643537054163257,-0.0205050343130745,-0.154901959985743,NA,NA,NA,NA,NA,NA,NA,NA,NA
Tantilla_planiceps,1,NA,NA,NA,NA,NA,NA,NA,NA,-0.297809008227897,-0.114398423949597,-0.114398423949597,-0.114398423949597,-0.114398423949597,-0.114398423949597,-0.114398423949597,-0.114398423949597,-0.114398423949597,-0.114398423949597,-0.114398423949597,-0.114398423949597,-0.114398423949597,-0.114398423949597,-0.114398423949597,-0.114398423949597,-0.114398423949597,0,0,NA,NA,NA,NA,NA,NA,NA,NA,NA,NA,NA,NA,NA,NA,NA,NA,NA,NA
Rhinocheilus_lecontei,1,NA,NA,NA,NA,NA,NA,NA,NA,-0.176091259055681,0.01100570369098,0.0110057036909801,0.0110057036909801,0.0110057036909801,0.01100570369098,0.0110057036909801,0.0110057036909801,0.01100570369098,0.0110057036909801,0.01100570369098,0.0110057036909801,0.0110057036909801,0.0110057036909801,0.01100570369098,0.0110057036909801,0.0110057036909801,0,0,NA,NA,NA,NA,NA,NA,NA,NA,NA,NA,NA,NA,NA,NA,NA,NA,NA,NA
Pituophis_catenifer,1,NA,NA,NA,NA,NA,NA,NA,NA,0.0114294617807817,0.00943348579800896,0.00943348579800873,0.00943348579800896,0.00943348579800873,0.00943348579800896,0.00943348579800896,0.00943348579800873,0.00943348579800896,0.00943348579800873,0.00943348579800896,0.00943348579800873,0.00943348579800896,0.00943348579800873,0.00943348579800896,0.00943348579800896,0.00943348579800896,-0.280152621610481,-0.280152621610481,NA,NA,NA,1,-1,1,-0.253053491338552,0.298532806276522,-0.978025963585741,NA,NA,NA,NA,NA,NA,NA,NA,NA
Masticophis_lateralis,1,NA,NA,NA,NA,NA,NA,NA,NA,-0.471406771195233,0.0185469498552942,0.018546949855294,0.0185469498552942,0.0185469498552941,0.0185469498552942,0.0185469498552941,0.0185469498552941,0.0185469498552942,0.0185469498552941,0.0185469498552941,0.0185469498552941,0.0185469498552941,0.0185469498552942,0.0185469498552941,0.0185469498552941,0.0185469498552941,-1,-1,NA,NA,NA,NA,NA,NA,NA,NA,NA,NA,NA,NA,NA,NA,NA,NA,NA,NA
Masticophis_flagellum,1,NA,NA,NA,NA,NA,NA,NA,NA,0,0.0186352096882736,0.0186352096882737,0.0186352096882736,0.0186352096882736,0.0186352096882736,0.0186352096882737,0.0186352096882737,0.0186352096882736,0.0186352096882736,0.0186352096882737,0.0186352096882736,0.0186352096882736,0.0186352096882736,0.0186352096882737,0.0186352096882736,0.0186352096882737,-1,-1,NA,NA,NA,1,0,0,0.2983408571532,-1,0,NA,NA,NA,NA,NA,NA,NA,NA,NA
Hypsiglena_torquata,1,NA,NA,NA,NA,NA,NA,NA,NA,1,-0.0185031447248795,-0.0185031447248795,-0.0185031447248794,-0.0185031447248795,-0.0185031447248794,-0.0185031447248795,-0.0185031447248794,-0.0185031447248794,-0.0185031447248795,-0.0185031447248795,-0.0185031447248794,-0.0185031447248795,-0.0185031447248794,-0.0185031447248794,-0.0185031447248795,-0.0185031447248794,0.297284447310081,0.297284447310081,NA,NA,NA,NA,NA,NA,NA,NA,NA,NA,NA,NA,NA,NA,NA,NA,NA,NA
Diadophis_punctatus,1,NA,NA,NA,NA,NA,NA,NA,NA,-1,0,0,0,0,0,0,0,0,0,0,0,0,0,0,0,0,0.853785088048968,0.853785088048968,NA,NA,NA,NA,NA,NA,NA,NA,NA,NA,NA,NA,NA,NA,NA,NA,NA,NA
Crotalus_viridis,1,NA,NA,NA,NA,NA,NA,NA,NA,0.136219747017989,0.0506459958596903,0.0506459958596903,0.0506459958596903,0.0506459958596903,0.0506459958596903,0.0506459958596903,0.0506459958596903,0.0506459958596903,0.0506459958596901,0.0506459958596903,0.0506459958596903,0.0506459958596903,0.0506459958596905,0.0506459958596901,0.0506459958596905,0.0506459958596901,-0.163841095217711,-0.163841095217711,NA,NA,NA,0,0.14422043417798,0.565344219693008,0.435687064562834,-0.344659901570131,-0.0728774384998856,NA,NA,NA,NA,NA,NA,NA,NA,NA
Coluber_constrictor,1,NA,NA,NA,NA,NA,NA,NA,NA,0.176091259055681,0,0,0,0,0,0,0,0,0,0,0,0,0,0,0,0,-0.389075625191822,-0.389075625191822,NA,NA,NA,0,0,0,0,0,1,NA,NA,-0.198148074289526,0.0727381062865824,NA,NA,NA,NA,NA
Arizona_elegans,1,NA,NA,NA,NA,NA,NA,NA,NA,0.522878745280338,-0.0188143747289988,-0.0188143747289988,-0.0188143747289988,-0.0188143747289988,-0.0188143747289988,-0.0188143747289988,-0.0188143747289988,-0.0188143747289988,-0.0188143747289988,-0.0188143747289988,-0.0188143747289988,-0.0188143747289988,-0.0188143747289988,-0.0188143747289987,-0.0188143747289989,-0.0188143747289987,-0.349485002168009,-0.349485002168009,NA,NA,NA,0,0,1,0,-1,0,NA,NA,NA,NA,NA,NA,NA,NA,NA
Terrapene_ornata,1,NA,NA,NA,NA,NA,NA,NA,NA,0.0278942786344647,0.0219509507572699,0.010553666844709,-0.00385912763673013,-0.0181881873748544,-0.0299793465536502,-0.0378544598313371,-0.0415185173386903,NA,NA,NA,NA,NA,NA,NA,NA,NA,NA,NA,NA,NA,NA,NA,NA,NA,NA,NA,NA,NA,NA,NA,NA,NA,NA,NA,NA,NA
Nerodia_sipedon,1,NA,NA,NA,NA,NA,NA,NA,NA,NA,NA,NA,-0.318365557996463,NA,NA,NA,NA,NA,NA,NA,NA,NA,NA,NA,NA,NA,NA,NA,NA,NA,NA,NA,NA,NA,NA,NA,NA,NA,NA,NA,NA,NA,NA,NA,NA,NA
Pantherophis_obsoletus,1,NA,NA,NA,NA,NA,NA,NA,NA,NA,NA,NA,NA,0.105097275349793,0.0314481933238847,0.0086482745683879,-0.00786759511595836,-0.0181514893469366,-0.0291297196119743,-0.0392549697379535,-0.0376770981512883,-0.0201023643527753,0.00149497129144116,0.0103964817853933,0.00351064481830365,-0.00731527263534959,-0.0114198017006115,-0.01194185641918,NA,NA,NA,NA,NA,NA,NA,NA,NA,NA,NA,NA,NA,NA,NA,NA,NA,NA
Gopherus_polyphemus,1,NA,NA,NA,NA,NA,NA,NA,NA,NA,NA,NA,NA,NA,NA,-0.0269382090204174,-0.0269382090204173,-0.0269382090204175,-0.0269382090204174,-0.0269382090204174,-0.0269382090204174,-0.0269382090204174,-0.0269382090204174,-0.0155854002739101,-0.0155854002739101,-0.0155854002739102,-0.01558540027391,-0.0155854002739102,-0.0155854002739101,-0.0155854002739101,-0.0155854002739101,-0.0155854002739102,-0.01558540027391,-0.0155854002739102,-0.0155854002739101,-0.0155854002739102,0.0071202172191045,0.0071202172191045,0.0071202172191045,0.0071202172191045,NA,NA,NA,NA,NA,NA
Rhyacotriton_variegatus,1,NA,NA,NA,NA,NA,NA,NA,NA,NA,NA,NA,NA,NA,NA,1,1,0,0,0,0,0,0,0,0,NA,NA,NA,NA,NA,NA,NA,NA,NA,NA,NA,NA,NA,NA,NA,NA,NA,NA,NA,NA,NA
Plethodon_elongatus,1,NA,NA,NA,NA,NA,NA,NA,NA,NA,NA,NA,NA,NA,NA,-0.0367886842648131,-0.0367886842648133,0.0295380832534158,0.0295380832534158,0.0295380832534158,0.0295380832534158,0.0295380832534158,0.0295380832534158,0.0295380832534156,0.0295380832534158,NA,NA,NA,NA,NA,NA,NA,NA,NA,NA,NA,NA,NA,NA,NA,NA,NA,NA,NA,NA,NA
Ensatina_eschscholtzii,1,NA,NA,NA,NA,NA,NA,NA,NA,NA,NA,NA,NA,NA,NA,-0.0304324544117085,-0.0304324544117085,-0.0102833540763627,-0.0102833540763627,-0.0102833540763627,-0.0102833540763627,-0.0102833540763627,-0.0102833540763627,-0.0102833540763627,-0.0102833540763627,-0.23967135735681,NA,NA,-0.0984864012430114,-0.594234653816006,NA,NA,NA,NA,NA,NA,NA,NA,NA,NA,NA,NA,NA,NA,NA,NA
Batrachoseps_attenuatus,1,NA,NA,NA,NA,NA,NA,NA,NA,NA,NA,NA,NA,NA,NA,0,0,0.00933758052777156,0.00933758052777112,0.00933758052777156,0.00933758052777156,0.00933758052777112,0.00933758052777156,0.00933758052777112,0.00933758052777156,NA,NA,NA,NA,NA,NA,NA,NA,NA,NA,NA,NA,NA,NA,NA,NA,NA,NA,NA,NA,NA
Aneides_vagrans,1,NA,NA,NA,NA,NA,NA,NA,NA,NA,NA,NA,NA,NA,NA,0.0518747187691808,0.051874718769181,-0.00724899337221085,-0.00724899337221085,-0.00724899337221085,-0.00724899337221063,-0.00724899337221108,-0.00724899337221063,-0.00724899337221085,-0.00724899337221085,NA,NA,NA,NA,NA,NA,NA,NA,NA,NA,NA,NA,NA,NA,NA,NA,NA,NA,NA,NA,NA
Aneides_flavipunctatus,1,NA,NA,NA,NA,NA,NA,NA,NA,NA,NA,NA,NA,NA,NA,0.0684552267393173,0.0684552267393173,-0.258425462659897,-0.258425462659898,-0.258425462659897,-0.258425462659897,-0.258425462659897,-0.258425462659898,-0.258425462659897,-0.258425462659897,NA,NA,NA,NA,NA,NA,NA,NA,NA,NA,NA,NA,NA,NA,NA,NA,NA,NA,NA,NA,NA
Plethodon_vehiculum,1,NA,NA,NA,NA,NA,NA,NA,NA,NA,NA,NA,NA,NA,NA,-0.39175463174118,NA,NA,NA,NA,NA,NA,NA,NA,NA,-0.206589987614387,NA,NA,-0.296874035892823,0.277663777339769,NA,NA,NA,NA,NA,NA,NA,NA,NA,NA,NA,NA,NA,NA,NA,NA
Dryophytes_versicolor,1,NA,NA,NA,NA,NA,NA,NA,NA,NA,NA,NA,NA,NA,NA,0.00218306377039207,0.00218306377047084,0.00218306377064581,0.00218306377087291,0.18604717442142,-0.205240100860821,0.239652159245399,-0.202928635902484,0.194891119552971,0.00218306377334687,0.00218306377485133,0.0021830637763266,0.00218306377758415,0.00218306377864358,0.0021830637796359,0.00218306378064487,0.00218306378162669,0.00218306378245914,0.00218306378304128,0.00218306378335847,0.00218306378347538,NA,NA,NA,NA,NA,NA,NA,NA,NA,NA
Dryophytes_chrysoscelis,1,NA,NA,NA,NA,NA,NA,NA,NA,NA,NA,NA,NA,NA,NA,-0.00263056928093908,-0.00269308550355196,-0.00234243770702661,-0.00122995100294795,0.000408178701436196,0.00208194984085536,0.00361002387434828,0.00505452427490238,0.00620455741560316,0.00651482758301511,0.00569667906974577,0.00411771212759621,0.00241420030942868,0.000879294516292706,-0.000524016096270397,-0.00168236310730852,-0.00225413939075469,-0.00217077969288071,-0.0018874199330112,NA,NA,NA,NA,NA,NA,NA,NA,NA,NA,NA,NA
Aneides_hardii,1,NA,NA,NA,NA,NA,NA,NA,NA,NA,NA,NA,NA,NA,NA,NA,NA,-0.1249387366083,0.31162464519895,0.166872196349615,-0.0984449469924768,0.0915574774380722,0.0915574774380722,-0.00462268678978465,-0.00462268678978465,-0.134904763481137,0.0863629095958482,NA,NA,NA,NA,NA,NA,NA,NA,NA,NA,NA,NA,NA,NA,NA,NA,NA,NA,NA
Gambelia_sila,1,NA,NA,NA,NA,NA,NA,NA,NA,NA,NA,NA,NA,NA,NA,NA,NA,NA,NA,NA,-0.201243818211379,0.265066133203492,0.184685726726188,0.299439695845992,-0.206762366306014,NA,NA,NA,NA,NA,NA,NA,NA,NA,NA,NA,NA,NA,NA,NA,NA,NA,NA,NA,NA,NA
Storeria_dekayi,1,NA,NA,NA,NA,NA,NA,NA,NA,NA,NA,NA,NA,NA,NA,NA,NA,NA,NA,NA,NA,0.0234752199828785,0.0234752199828753,0.0234752199828994,0.0234752199830006,0.023475219983222,0.023475219983574,0.0234752199840302,0.0234752199845443,0.0234752199850762,0.0234752199856035,0.0234752199861094,0.0234752199865662,0.0234752199869376,0.0234752199871985,0.0234752199873541,0.0234752199874376,0.0234752199874886,0.0234752199875292,0.0234752199875607,0.0234752199875781,NA,NA,NA,NA,NA
Plestiodon_fasciatus,1,NA,NA,NA,NA,NA,NA,NA,NA,NA,NA,NA,NA,NA,NA,NA,NA,NA,NA,NA,NA,0.735399269962694,-0.267421394682901,-0.371067862271736,-0.221848749616356,-0.301029995663981,NA,NA,NA,NA,NA,NA,NA,NA,NA,NA,NA,NA,NA,NA,NA,NA,NA,NA,NA,NA
Terrapene_carolina,1,NA,NA,NA,NA,NA,NA,NA,NA,NA,NA,NA,NA,NA,NA,NA,NA,NA,NA,NA,NA,NA,0.0847973374161679,0.0723672325699818,0.0511130720574204,0.0297770289020129,0.0162979448152418,0.0135529833783909,0.0203349178309016,0.0290340770949316,0.0320258641847881,0.0259954761192791,0.0125052051014976,-0.00343520787406737,-0.0162672575400977,-0.0248219573174522,-0.029099307206129,NA,NA,NA,NA,NA,NA,NA,NA,NA
Gopherus_agassizii,1,NA,NA,NA,NA,NA,NA,NA,NA,NA,NA,NA,NA,NA,NA,NA,NA,NA,NA,NA,NA,NA,0.119737542922492,-0.12668640287782,-4.36825451866814e-05,-0.0478190823308017,-0.211629584434671,NA,NA,NA,0.045757490560675,0,NA,NA,NA,0.0877876982926971,-0.0522625219023618,-0.0522625219023617,-0.077163905149161,0.104134336339275,-0.11852366674021,0.0826012545563942,-0.0821158643048826,-0.00965993180803648,-0.0077667539774009,NA
Sistrurus_miliarius,1,NA,NA,NA,NA,NA,NA,NA,NA,NA,NA,NA,NA,NA,NA,NA,NA,NA,NA,NA,NA,NA,NA,-0.160255101881397,0.227243781503063,NA,NA,NA,NA,NA,NA,NA,NA,NA,NA,NA,NA,NA,NA,NA,NA,NA,NA,NA,NA,NA
Sistrurus_catenatus,1,NA,NA,NA,NA,NA,NA,NA,NA,NA,NA,NA,NA,NA,NA,NA,NA,NA,NA,NA,NA,NA,NA,NA,0.0017899507407857,0.00178995074088451,0.00178995074103194,0.00178995074124755,0.00178995074169119,0.00178995074249477,0.00178995074355592,0.00178995074456778,0.001789950745267,0.00178995074558563,0.00178995074558896,0.00178995074538002,0.00178995074509514,0.0088957892707614,0.0160016277967689,0.0160016277969952,0.0160016277971573,0.0160016277971418,0.0614479308558046,0.0603684891583588,-0.102923560909905,0.0843208857000359
Sauromalus_ater,1,NA,NA,NA,NA,NA,NA,NA,NA,NA,NA,NA,NA,NA,NA,NA,NA,NA,NA,NA,NA,NA,NA,NA,NA,NA,-0.0669467896306131,0,-0.0377885608893997,0.0377885608893997,0,0,0,0,0,0,0,0,0,0,0,0,NA,NA,NA,NA
Ambystoma_gracile,1,NA,NA,NA,NA,NA,NA,NA,NA,NA,NA,NA,NA,NA,NA,NA,NA,NA,NA,NA,NA,NA,NA,NA,NA,NA,NA,NA,-0.712984366136141,0.414651886415513,0.183988392647297,-0.0590496560389973,NA,NA,NA,NA,NA,NA,NA,NA,NA,NA,NA,NA,NA,NA
Taricha_granulosa,1,NA,NA,NA,NA,NA,NA,NA,NA,NA,NA,NA,NA,NA,NA,NA,NA,NA,NA,NA,NA,NA,NA,NA,NA,NA,NA,NA,-0.182930683585987,0.602059991327962,-0.602059991327962,0.301029995663981,NA,NA,NA,NA,NA,NA,NA,NA,NA,NA,NA,NA,NA,NA
Rana_cascadae,1,NA,NA,NA,NA,NA,NA,NA,NA,NA,NA,NA,NA,NA,NA,NA,NA,NA,NA,NA,NA,NA,NA,NA,NA,NA,NA,NA,0.66216735642827,-0.243038048686294,-0.301029995663981,0,NA,NA,NA,NA,NA,NA,NA,NA,NA,NA,NA,NA,NA,NA
Crotalus_pricei,1,NA,NA,NA,NA,NA,NA,NA,NA,NA,NA,NA,NA,NA,NA,NA,NA,NA,NA,NA,NA,NA,NA,NA,NA,NA,NA,NA,-0.00215683203364592,-0.0375759479628547,-0.0382327446830187,-0.0372496997088967,-0.0340768177526837,-0.0295970053293091,0.0608748306263993,0.0441042139342406,0.0339900651243911,0.0243107509686675,0.00475238708269143,0.00842329123748342,NA,NA,NA,NA,NA,NA
Anaxyrus_americanus,1,NA,NA,NA,NA,NA,NA,NA,NA,NA,NA,NA,NA,NA,NA,NA,NA,NA,NA,NA,NA,NA,NA,NA,NA,NA,NA,NA,NA,-0.134698573897456,NA,NA,NA,NA,NA,NA,NA,NA,NA,NA,NA,NA,NA,NA,NA,NA
Drymarchon_couperi,1,NA,NA,NA,NA,NA,NA,NA,NA,NA,NA,NA,NA,NA,NA,NA,NA,NA,NA,NA,NA,NA,NA,NA,NA,NA,NA,NA,NA,NA,0.110424044374285,0.108241703291411,0.101347671824219,0.087781877209449,0.0682669649687291,0.0464910935567711,0.0274630864114769,0.0148430164966611,0.00905202049820808,0.00758930029667959,NA,NA,NA,NA,NA,NA
Thamnophis_sirtalis,1,NA,NA,NA,NA,NA,NA,NA,NA,NA,NA,NA,NA,NA,NA,NA,NA,NA,NA,NA,NA,NA,NA,NA,NA,NA,NA,NA,NA,NA,0.058308372843709,0,-1,1,0,0.595096847390371,-0.124159517813277,NA,NA,NA,NA,NA,NA,NA,NA,NA
Thamnophis_elegans,1,NA,NA,NA,NA,NA,NA,NA,NA,NA,NA,NA,NA,NA,NA,NA,NA,NA,NA,NA,NA,NA,NA,NA,NA,NA,NA,NA,NA,NA,NA,-1,0,0,0,0,0,NA,NA,NA,NA,NA,NA,NA,NA,NA
Rena_dissecta,1,NA,NA,NA,NA,NA,NA,NA,NA,NA,NA,NA,NA,NA,NA,NA,NA,NA,NA,NA,NA,NA,NA,NA,NA,NA,NA,NA,NA,NA,NA,-1,0,0,0,1,-1,NA,NA,NA,NA,NA,NA,NA,NA,NA
Thamnophis_marcianus,1,NA,NA,NA,NA,NA,NA,NA,NA,NA,NA,NA,NA,NA,NA,NA,NA,NA,NA,NA,NA,NA,NA,NA,NA,NA,NA,NA,NA,NA,NA,1,-1,1,-1,0,0,NA,NA,NA,NA,NA,NA,NA,NA,NA
Crotalus_atrox,1,NA,NA,NA,NA,NA,NA,NA,NA,NA,NA,NA,NA,NA,NA,NA,NA,NA,NA,NA,NA,NA,NA,NA,NA,NA,NA,NA,NA,NA,NA,0,0,0,1,0.688730760350755,-1,NA,NA,NA,NA,NA,NA,NA,NA,NA
Heterodon_nasicus,1,NA,NA,NA,NA,NA,NA,NA,NA,NA,NA,NA,NA,NA,NA,NA,NA,NA,NA,NA,NA,NA,NA,NA,NA,NA,NA,NA,NA,NA,NA,0.176091259055681,-0.477121254719662,0.477121254719662,-0.176091259055681,0,-0.301029995663981,NA,NA,NA,NA,NA,NA,NA,NA,NA
Tantilla_nigriceps,1,NA,NA,NA,NA,NA,NA,NA,NA,NA,NA,NA,NA,NA,NA,NA,NA,NA,NA,NA,NA,NA,NA,NA,NA,NA,NA,NA,NA,NA,NA,0.465291490753474,-1,0,1,0,-0.0785778795968346,NA,NA,NA,NA,NA,NA,NA,NA,NA
Rhinella_marina,1,NA,NA,NA,NA,NA,NA,NA,NA,NA,NA,NA,NA,NA,NA,NA,NA,NA,NA,NA,NA,NA,NA,NA,NA,NA,NA,NA,NA,NA,NA,NA,-0.0195587789771179,0.116946651356954,NA,NA,NA,NA,NA,NA,NA,NA,NA,NA,NA,NA
Crotalus_cerastes,1,NA,NA,NA,NA,NA,NA,NA,NA,NA,NA,NA,NA,NA,NA,NA,NA,NA,NA,NA,NA,NA,NA,NA,NA,NA,NA,NA,NA,NA,NA,NA,NA,-0.32735893438633,-0.204119982655925,0.643452676486188,0.237360915794604,-0.734685556602553,NA,NA,NA,NA,NA,NA,NA,NA
Phrynosoma_mcallii,1,NA,NA,NA,NA,NA,NA,NA,NA,NA,NA,NA,NA,NA,NA,NA,NA,NA,NA,NA,NA,NA,NA,NA,NA,NA,NA,NA,NA,NA,NA,NA,NA,-0.198657086954423,-0.327902142064283,-0.558154505628881,0.743389144124432,0,-0.141329152796469,NA,NA,NA,NA,NA,NA,NA
Uma_inornata,1,NA,NA,NA,NA,NA,NA,NA,NA,NA,NA,NA,NA,NA,NA,NA,NA,NA,NA,NA,NA,NA,NA,NA,NA,NA,NA,NA,NA,NA,NA,NA,NA,0.0389575909739088,0.0389575909740312,0.0389575909740469,0.0389575909737691,0.0389575909732957,0.038957590972954,0.0389575909729997,0.0389575909733606,0.0389575909736852,NA,NA,NA,NA
Crotalus_oreganus,1,NA,NA,NA,NA,NA,NA,NA,NA,NA,NA,NA,NA,NA,NA,NA,NA,NA,NA,NA,NA,NA,NA,NA,NA,NA,NA,NA,NA,NA,NA,NA,NA,NA,0.198187887220101,0.146705518615136,0.0597515348940254,-0.0247923184369867,-0.0726932392317567,-0.0757471440040978,-0.053219269756116,-0.0338536355887684,NA,NA,NA,NA
Sonora_occipitalis,1,NA,NA,NA,NA,NA,NA,NA,NA,NA,NA,NA,NA,NA,NA,NA,NA,NA,NA,NA,NA,NA,NA,NA,NA,NA,NA,NA,NA,NA,NA,NA,NA,NA,-0.391691059395036,-0.602059991327962,0.330993219041424,0.238882088915137,0.141329152796469,NA,NA,NA,NA,NA,NA,NA
Callisaurus_draconoides,1,NA,NA,NA,NA,NA,NA,NA,NA,NA,NA,NA,NA,NA,NA,NA,NA,NA,NA,NA,NA,NA,NA,NA,NA,NA,NA,NA,NA,NA,NA,NA,NA,NA,0.00683942453030548,-0.00683942453030548,0.294081135708653,-0.0365168338257625,-0.57978359661681,NA,NA,NA,NA,NA,NA,NA
Dipsosaurus_dorsalis,1,NA,NA,NA,NA,NA,NA,NA,NA,NA,NA,NA,NA,NA,NA,NA,NA,NA,NA,NA,NA,NA,NA,NA,NA,NA,NA,NA,NA,NA,NA,NA,NA,NA,-0.118099312077994,0.0389180660303696,0.146128035678238,-0.0467434035423262,0.189056236220049,NA,NA,NA,NA,NA,NA,NA
Plethodon_cinereus,1,NA,NA,NA,NA,NA,NA,NA,NA,NA,NA,NA,NA,NA,NA,NA,NA,NA,NA,NA,NA,NA,NA,NA,NA,NA,NA,NA,NA,NA,NA,NA,NA,NA,-0.0371418080045667,0.0296666949484604,0.030005107646925,-0.0785469651202768,0.0691234832121029,0.153566095197838,0.0209507833047354,0.0231929686123332,0.102318396403745,0.0540883306780179,0.0791319708036688,0.0403225336117015
Urosaurus_graciosus,1,NA,NA,NA,NA,NA,NA,NA,NA,NA,NA,NA,NA,NA,NA,NA,NA,NA,NA,NA,NA,NA,NA,NA,NA,NA,NA,NA,NA,NA,NA,NA,NA,NA,NA,NA,NA,NA,NA,NA,0.160312775863681,NA,NA,NA,NA,NA
Sceloporus_magister,1,NA,NA,NA,NA,NA,NA,NA,NA,NA,NA,NA,NA,NA,NA,NA,NA,NA,NA,NA,NA,NA,NA,NA,NA,NA,NA,NA,NA,NA,NA,NA,NA,NA,NA,NA,NA,NA,NA,NA,0.109621978524194,NA,NA,NA,NA,NA
Aspidoscelis_tigris,1,NA,NA,NA,NA,NA,NA,NA,NA,NA,NA,NA,NA,NA,NA,NA,NA,NA,NA,NA,NA,NA,NA,NA,NA,NA,NA,NA,NA,NA,NA,NA,NA,NA,NA,NA,NA,NA,NA,NA,0.200502720463461,NA,NA,NA,NA,NA
