Species,1970,1971,1972,1973,1974,1975,1976,1977,1978,1979,1980,1981,1982,1983,1984,1985,1986,1987,1988,1989,1990,1991,1992,1993,1994,1995,1996,1997,1998,1999,2000,2001,2002,2003,2004,2005,2006,2007,2008,2009,2010,2011,2012,2013,2014,2015
Atelopus_ignescens,1,-0.0607370113267467,-0.0607370113267467,-0.0607370113267468,-0.0607370113267467,-0.0607370113267467,-0.0607370113267468,-0.0607370113267469,-0.0607370113267467,-0.0607370113267467,-0.0607370113267467,-0.0607370113267467,-0.083113804973443,-0.0831138049734429,-0.0831138049734429,-0.0831138049734428,-0.083113804973443,-0.0831138049734428,-0.0831138049734429,-0.0831138049734429,-0.083113804973443,-0.0831138049734429,-0.083113804973443,-0.0831138049734428,-0.0831138049734429,-0.0831138049734429,-0.0831138049734428,-0.083113804973443,-0.0831138049734432,-0.0831138049734428,-0.0831138049734428,NA,NA,NA,NA,NA,NA,NA,NA,NA,NA,NA,NA,NA,NA,NA
Cyclura_pinguis,1,-0.032660588571562,-0.032660588571562,-0.032660588571562,-0.032660588571562,-0.0326605885715621,-0.032660588571562,-0.0326605885715619,-0.032660588571562,-0.0326605885715621,-0.032660588571562,-0.032660588571562,-0.032660588571562,-0.032660588571562,-0.0326605885715619,-0.032660588571562,-0.0326605885715621,-0.0326605885715618,-0.032660588571562,-0.032660588571562,-0.0326605885715621,-0.032660588571562,NA,NA,NA,NA,NA,NA,NA,NA,NA,NA,NA,NA,NA,NA,NA,NA,NA,NA,NA,NA,NA,NA,NA,NA
Chiropterotriton_dimidiatus,1,NA,-0.154899952741074,0.252118238378966,0.252118238378966,-0.940428797670165,-0.940428797670165,0.0680599000044827,0.0680599000044825,0.0680599000044827,0.320479644965386,0.320479644965386,-0.182339614883821,-0.0215607218508411,-0.0215607218508411,-0.0215607218508411,-0.021560721850841,-0.021560721850841,-0.0215607218508411,-0.021560721850841,-0.0215607218508412,-0.021560721850841,-0.021560721850841,-0.0486024913077081,-0.0486024913077081,-0.0486024913077081,-0.0486024913077081,-0.048602491307708,NA,NA,NA,NA,NA,NA,NA,NA,NA,NA,NA,NA,NA,NA,NA,NA,NA,NA
Chiropterotriton_multidentatus,1,NA,0.171223436069125,-0.0346629633006823,-0.0346629633006823,-0.413349524016509,-0.413349524016509,-0.187310932277183,-0.187310932277183,-0.187310932277183,-0.265767560920669,-0.265767560920669,0.204179700013448,0.0640959289930772,0.0640959289930772,0.0640959289930771,0.0640959289930773,0.0640959289930772,0.0640959289930772,0.0640959289930772,0.0640959289930773,0.0640959289930771,0.0640959289930773,-0.128191857986154,-0.128191857986154,-0.128191857986154,-0.128191857986154,-0.128191857986154,NA,NA,NA,NA,NA,NA,NA,NA,NA,NA,NA,NA,NA,NA,NA,NA,NA,NA
Anolis_apletophallus,1,NA,-0.00854317719281494,-0.00854317719281517,-0.00854317719281417,-0.00854317719281128,-0.00854317719280606,-0.00854317719279907,-0.00854317719279019,-0.00854317719277742,-0.00854317719275621,-0.00854317719272424,-0.00854317719268277,-0.00854317719263076,-0.00854317719257136,-0.00854317719250852,-0.00854317719245296,-0.00854317719240866,-0.0085431771923799,-0.00854317719236652,-0.00854317719236319,-0.00854317719236464,-0.00854317719237085,-0.00854317719238012,-0.00854317719239556,-0.00854317719241665,-0.00854317719244291,-0.00854317719247327,-0.00854317719250769,-0.00854317719254555,-0.00854317719258652,-0.00854317719263109,-0.00854317719267816,-0.00854317719272663,-0.00854317719277492,-0.00854317719282038,-0.0085431771928613,-0.00854317719289827,-0.00854317719292763,-0.008543177192947,-0.00854317719295572,NA,NA,NA,NA,NA
Anolis_limifrons,1,NA,-0.111842990735333,-0.139740785394319,-0.0772541552379178,0.093845734767291,0.209740746732908,0.146941746102333,-0.000801944586263925,-0.0828114864706653,-0.127772736742515,-0.262280051044171,-0.439133710253393,-0.431919079749073,0.0286193564451349,0.277751297400984,0.194260722068228,0.277003452663153,0.0761975164184157,-0.0493248716359849,NA,NA,NA,NA,NA,NA,NA,NA,NA,NA,NA,NA,NA,NA,NA,NA,NA,NA,NA,NA,NA,NA,NA,NA,NA,NA
Pseudoeurycea_nigromaculata,1,NA,NA,-0.458035398616793,-0.458035398616793,-0.0325177872352653,-0.0325177872352653,0.120696664089201,0.120696664089201,0.120696664089201,0.120696664089201,0.120696664089201,0.120696664089201,-1,0,0,0,0,0,0,0,0,0,0,0,0,0,0,0,0,NA,NA,NA,NA,NA,NA,NA,NA,NA,NA,NA,NA,NA,NA,NA,NA
Parvimolge_townsendi,1,NA,NA,-0.583295241071364,-0.583295241071364,0.583295241071364,0.583295241071364,-0.194431747023788,-0.194431747023788,-0.194431747023788,-0.194431747023788,-0.194431747023788,-0.194431747023788,-1,0,0,0,0,0,0,0,0,0,0,0,0,0,0,0,0,NA,NA,NA,NA,NA,NA,NA,NA,NA,NA,NA,NA,NA,NA,NA,NA
Thorius_pennatulus,1,NA,NA,0.265608320531462,0.265608320531462,-0.265608320531462,-0.265608320531462,-0.209288070349748,-0.209288070349748,-0.209288070349748,-0.209288070349748,-0.209288070349748,-0.209288070349748,-0.613982038896541,0,0,0,0,0,0,0,0,0,0,0,0,0,0,0,0,NA,NA,NA,NA,NA,NA,NA,NA,NA,NA,NA,NA,NA,NA,NA,NA
Craugastor_bransfordii,1,NA,NA,NA,0.166331421766525,NA,NA,NA,NA,NA,NA,NA,NA,NA,NA,NA,NA,NA,NA,NA,NA,NA,NA,NA,NA,NA,NA,NA,NA,NA,NA,NA,NA,NA,-0.280881210184254,-0.280881210184254,-0.280881210184254,-0.280881210184254,-0.280881210184253,NA,NA,NA,NA,NA,NA,NA
Craugastor_talamancae,1,NA,NA,NA,-1,NA,NA,NA,NA,NA,NA,NA,NA,NA,NA,NA,NA,NA,NA,NA,NA,NA,NA,NA,NA,NA,NA,NA,NA,NA,NA,NA,NA,NA,0.0513624336170047,0.0513624336170048,0.0513624336170047,0.0513624336170048,0.0513624336170047,NA,NA,NA,NA,NA,NA,NA
Hypopachus_pictiventris,1,NA,NA,NA,-0.1249387366083,NA,NA,NA,NA,NA,NA,NA,NA,NA,NA,NA,NA,NA,NA,NA,NA,NA,NA,NA,NA,NA,NA,NA,NA,NA,NA,NA,NA,NA,NA,NA,NA,NA,NA,NA,NA,NA,NA,NA,NA,NA
Oophaga_pumilio,1,NA,NA,NA,0.0763883458634547,NA,NA,NA,NA,NA,NA,NA,NA,NA,NA,NA,NA,NA,NA,NA,NA,NA,NA,NA,NA,NA,NA,NA,NA,NA,NA,NA,NA,NA,NA,NA,NA,NA,NA,NA,NA,NA,NA,NA,NA,NA
Strabomantis_biporcatus,1,NA,NA,NA,0,NA,NA,NA,NA,NA,NA,NA,NA,NA,NA,NA,NA,NA,NA,NA,NA,NA,NA,NA,NA,NA,NA,NA,NA,NA,NA,NA,NA,NA,NA,NA,NA,NA,NA,NA,NA,NA,NA,NA,NA,NA
Pseudoeurycea_unguidentis,1,NA,NA,NA,NA,0.451560243769176,-0.56424661489775,-0.0381526738245988,-0.0381526738245988,-0.0381526738245987,-0.0381526738245989,0,0.0508702317661317,0.0508702317661318,0.0508702317661318,-0.0299934630369564,-0.0299934630369563,-0.0299934630369564,-0.0299934630369564,-0.0299934630369564,-0.0299934630369563,-0.0299934630369564,-0.0299934630369564,-0.0299934630369563,-0.0299934630369564,-0.0299934630369563,-0.0299934630369563,-0.0299934630369564,-0.758065153126427,-0.758065153126427,NA,NA,NA,NA,NA,NA,NA,NA,NA,NA,NA,NA,NA,NA,NA,NA
Pseudoeurycea_smithi,1,NA,NA,NA,NA,0.204280187961065,-0.50990248084766,0,0,0,0,-0.542049392684234,-0.194131034057428,-0.194131034057428,-0.194131034057428,-0.00990814978650906,-0.00990814978650917,-0.00990814978650906,-0.00990814978650906,-0.00990814978650911,-0.00990814978650911,-0.00990814978650906,-0.00990814978650909,-0.00990814978650909,-0.00990814978650917,-0.00990814978650903,-0.00990814978650909,-0.00990814978650909,-0.355562795051814,-0.355562795051814,NA,NA,NA,NA,NA,NA,NA,NA,NA,NA,NA,NA,NA,NA,NA,NA
Pseudoeurycea_goebeli,1,NA,NA,NA,NA,NA,-0.0633733455023066,-0.0633733455023066,-0.0633733455023066,-0.0633733455023065,-0.0633733455023066,-0.0633733455023065,-0.0633733455023066,-0.0633733455023066,-0.0633733455023066,-0.0633733455023065,-0.0633733455023066,-0.0633733455023065,-0.0633733455023065,-0.0633733455023065,-0.0633733455023066,-0.0633733455023065,-0.0633733455023065,-0.0633733455023067,-0.0633733455023065,-0.0633733455023065,-0.0633733455023065,-0.0633733455023067,-0.0633733455023065,-0.0633733455023064,-0.0633733455023065,-0.0633733455023068,-0.0633733455023064,-0.0633733455023065,-0.0633733455023065,-0.0633733455023067,-0.0633733455023064,NA,NA,NA,NA,NA,NA,NA,NA,NA
Pseudoeurycea_rex,1,NA,NA,NA,NA,NA,-0.058967553152396,-0.058967553152396,-0.058967553152396,-0.058967553152396,-0.0589675531523961,-0.058967553152396,-0.058967553152396,-0.058967553152396,-0.0589675531523962,-0.058967553152396,-0.058967553152396,-0.058967553152396,-0.058967553152396,-0.0589675531523959,-0.058967553152396,-0.0589675531523959,-0.0589675531523959,-0.0589675531523962,-0.058967553152396,-0.058967553152396,-0.0589675531523959,-0.0589675531523962,-0.0589675531523959,-0.058967553152396,-0.0589675531523959,-0.0589675531523962,-0.0589675531523959,-0.0589675531523959,-0.058967553152396,-0.0589675531523962,-0.058967553152396,NA,NA,NA,NA,NA,NA,NA,NA,NA
Pseudoeurycea_brunnata,1,NA,NA,NA,NA,NA,-0.0646555281865369,-0.0646555281865369,-0.0646555281865368,-0.0646555281865368,-0.0646555281865369,-0.0646555281865368,-0.0646555281865369,-0.0646555281865368,-0.0646555281865369,-0.0646555281865368,-0.0646555281865369,-0.0646555281865368,-0.0646555281865369,-0.0646555281865368,-0.0646555281865369,-0.0646555281865369,-0.0646555281865368,-0.0646555281865371,-0.0646555281865367,-0.0646555281865368,-0.0646555281865368,-0.064655528186537,-0.0646555281865368,-0.0646555281865368,-0.0646555281865368,-0.064655528186537,-0.0646555281865368,-0.0646555281865368,-0.0646555281865368,-0.064655528186537,-0.0646555281865368,NA,NA,NA,NA,NA,NA,NA,NA,NA
Dendrotriton_bromeliacius,1,NA,NA,NA,NA,NA,-0.0445736336710333,-0.0445736336710333,-0.0445736336710333,-0.0445736336710333,-0.0445736336710333,-0.0445736336710333,-0.0445736336710333,-0.0445736336710333,-0.0445736336710334,-0.0445736336710333,-0.0445736336710334,-0.0445736336710333,-0.0445736336710334,-0.0445736336710332,-0.0445736336710334,-0.0445736336710333,-0.0445736336710333,-0.0445736336710334,-0.0445736336710333,-0.0445736336710333,-0.0445736336710333,-0.0445736336710335,-0.0445736336710333,-0.0445736336710332,-0.0445736336710333,-0.0445736336710335,-0.0445736336710332,-0.0445736336710333,-0.0445736336710333,-0.0445736336710333,-0.0445736336710334,NA,NA,NA,NA,NA,NA,NA,NA,NA
Bolitoglossa_lincolni,1,NA,NA,NA,NA,NA,-0.00690177604117234,-0.00690177604117231,-0.00690177604117226,-0.0069017760411724,-0.00690177604117226,-0.00690177604117234,-0.00690177604117231,-0.00690177604117231,-0.00690177604117231,-0.00690177604117229,-0.00690177604117234,-0.00690177604117226,-0.00690177604117234,-0.0069017760411724,-0.00690177604117226,-0.00690177604117231,-0.00690177604117229,-0.00690177604117231,-0.00690177604117233,-0.00690177604117231,-0.00690177604117229,-0.00690177604117233,-0.00690177604117227,-0.00690177604117237,-0.00690177604117227,-0.00690177604117236,-0.00690177604117231,-0.0069017760411723,-0.00690177604117235,-0.00690177604117228,-0.00690177604117232,NA,NA,NA,NA,NA,NA,NA,NA,NA
Bolitoglossa_morio,1,NA,NA,NA,NA,NA,0.0203458724270945,0.0203458724270945,0.0203458724270945,0.0203458724270945,0.0203458724270945,0.0203458724270945,0.0203458724270945,0.0203458724270945,0.0203458724270945,0.0203458724270945,0.0203458724270945,0.0203458724270945,0.0203458724270945,0.0203458724270945,0.0203458724270945,0.0203458724270945,0.0203458724270945,0.0203458724270946,0.0203458724270945,0.0203458724270945,0.0203458724270945,0.0203458724270945,0.0203458724270945,0.0203458724270945,0.0203458724270945,0.0203458724270945,0.0203458724270945,0.0203458724270945,0.0203458724270945,0.0203458724270946,0.0203458724270945,NA,NA,NA,NA,NA,NA,NA,NA,NA
Bolitoglossa_rostrata,1,NA,NA,NA,NA,NA,-0.0646555281865369,-0.0646555281865371,-0.0646555281865366,-0.0646555281865369,-0.0646555281865371,-0.0646555281865366,-0.0646555281865369,-0.0646555281865369,-0.0646555281865371,-0.0646555281865366,-0.0646555281865371,-0.0646555281865366,-0.064655528186537,-0.0646555281865367,-0.064655528186537,-0.0646555281865367,-0.0646555281865369,-0.0646555281865371,-0.0646555281865367,-0.0646555281865368,-0.0646555281865368,-0.064655528186537,-0.0646555281865368,-0.0646555281865368,-0.0646555281865368,-0.064655528186537,-0.0646555281865368,-0.0646555281865368,-0.0646555281865368,-0.064655528186537,-0.0646555281865368,NA,NA,NA,NA,NA,NA,NA,NA,NA
Cyclura_cornuta,1,NA,NA,NA,NA,NA,-0.0119224005717911,-0.0119224005717906,-0.0119224005717911,-0.0119224005717911,-0.0119224005717906,-0.0119224005717911,-0.0119224005717911,-0.0119224005717906,-0.0119224005717911,-0.0119224005717911,-0.0119224005717906,-0.0119224005717911,-0.0119224005717911,-0.0119224005717906,-0.0119224005717911,-0.0119224005717911,-0.0119224005717906,-0.0119224005717911,-0.0119224005717906,-0.0119224005717911,NA,NA,NA,NA,NA,NA,NA,NA,NA,NA,NA,NA,NA,NA,NA,NA,NA,NA,NA,NA
Anolis_stratulus,1,NA,NA,NA,NA,NA,NA,NA,-0.0572663249652183,-0.0572663249652183,-0.0572663249652184,-0.0572663249652183,0.0681516447778584,0.0681516447778585,0.0681516447778585,0.0681516447778586,0.0681516447778585,0.0681516447778584,0.0681516447778586,0.0681516447778584,-0.210953322282532,-0.0572663249652184,-0.0572663249652183,-0.0572663249652184,-0.0572663249652184,-0.0572663249652183,-0.0572663249652184,-0.0572663249652184,-0.0572663249652183,-0.0572663249652184,-0.0572663249652184,-0.0572663249652183,-0.0572663249652184,-0.0572663249652184,-0.0572663249652183,-0.0572663249652183,-0.0572663249652184,-0.0572663249652181,-0.0572663249652184,-0.0572663249652183,-0.0572663249652183,-0.0572663249652186,-0.0572663249652183,NA,NA,NA
Anolis_evermanni,1,NA,NA,NA,NA,NA,NA,NA,-0.0100623576603245,-0.0100623576603247,-0.0100623576603247,-0.0100623576603245,0.0289730739417299,0.0289730739417299,0.0289730739417299,0.0289730739417299,0.02897307394173,0.0289730739417299,0.0289730739417299,0.02897307394173,-0.161186681866997,-0.0100623576603247,-0.0100623576603247,-0.0100623576603245,-0.0100623576603247,-0.0100623576603247,-0.0100623576603247,-0.0100623576603245,-0.0100623576603247,-0.0100623576603245,-0.0100623576603247,-0.0100623576603247,-0.0100623576603245,-0.0100623576603248,-0.0100623576603246,-0.0100623576603247,-0.0100623576603247,-0.0100623576603245,-0.0100623576603247,-0.0100623576603247,-0.0100623576603246,-0.0100623576603246,-0.0100623576603247,NA,NA,NA
Anolis_gundlachi,1,NA,NA,NA,NA,NA,NA,NA,-0.00281389717837155,-0.00281389717837177,-0.00281389717837177,-0.00281389717837177,-0.0484415006147265,-0.0484415006147265,-0.0484415006147265,-0.0484415006147265,-0.0484415006147265,-0.0484415006147265,-0.0484415006147265,-0.0484415006147266,0.145792759793298,-0.00281389717837177,-0.00281389717837177,-0.00281389717837155,-0.00281389717837199,-0.00281389717837155,-0.00281389717837177,-0.00281389717837177,-0.00281389717837177,-0.00281389717837177,-0.00281389717837177,-0.00281389717837177,-0.00281389717837177,-0.00281389717837177,-0.00281389717837177,-0.00281389717837177,-0.00281389717837177,-0.00281389717837177,-0.00281389717837155,-0.00281389717837177,-0.00281389717837177,-0.00281389717837177,-0.00281389717837177,NA,NA,NA
Rhinella_dapsilis,1,NA,NA,NA,NA,NA,NA,NA,NA,NA,NA,NA,NA,NA,-1,NA,NA,NA,NA,NA,NA,NA,NA,NA,NA,NA,NA,NA,NA,NA,NA,NA,NA,NA,NA,NA,NA,NA,NA,NA,NA,NA,NA,NA,NA,NA
Allobates_marchesianus,1,NA,NA,NA,NA,NA,NA,NA,NA,NA,NA,NA,NA,NA,0.276677064363124,NA,-0.0216873297599847,-0.0216873297599847,-0.0216873297599847,-0.0216873297599847,-0.0216873297599847,-0.0216873297599846,-0.0216873297599848,-0.0216873297599846,-0.0216873297599848,-0.0216873297599846,-0.0216873297599847,-0.0216873297599848,-0.0216873297599846,-0.0216873297599847,-0.0216873297599847,-0.0216873297599847,-0.0216873297599847,-0.0216873297599847,-0.0216873297599847,-0.0216873297599847,-0.0216873297599847,-0.0216873297599847,NA,NA,NA,NA,NA,NA,NA,NA
Adenomera_andreae,1,NA,NA,NA,NA,NA,NA,NA,NA,NA,NA,NA,NA,NA,-0.572760874265025,NA,0.0155540629323528,0.0155540629323528,0.0155540629323528,0.0155540629323527,0.0155540629323528,0.0155540629323528,0.0155540629323528,0.0155540629323528,0.0155540629323528,0.0155540629323528,0.0155540629323528,0.0155540629323527,0.0155540629323528,0.0155540629323528,0.0155540629323528,0.0155540629323528,0.0155540629323528,0.0155540629323528,0.0155540629323527,0.0155540629323528,0.0155540629323528,0.0155540629323528,NA,NA,NA,NA,NA,NA,NA,NA
Liolaemus_lutzae,1,NA,NA,NA,NA,NA,NA,NA,NA,NA,NA,NA,NA,NA,NA,-0.0644677996481502,-0.0644677996481502,-0.0644677996481502,-0.0644677996481502,-0.0644677996481502,-0.0644677996481502,-0.0644677996481502,0.0278893022320974,0.0278893022320975,0.0278893022320976,0.0278893022320974,0.0278893022320975,0.0278893022320974,0.0278893022320976,0.0278893022320974,0.0278893022320976,0.0278893022320974,0.0278893022320976,-0.0212333937341791,-0.0212333937341791,-0.0212333937341789,-0.0212333937341791,NA,NA,NA,NA,NA,NA,NA,NA,NA
Liolaemus_gracilis,1,NA,NA,NA,NA,NA,NA,NA,NA,NA,NA,NA,NA,NA,NA,NA,0.00127742880364279,0.00127742880364301,0.0012774288036429,0.00127742880364279,0.00127742880364301,0.0012774288036429,0.0012774288036429,0.0012774288036429,0.0012774288036429,0.00127742880364279,NA,NA,NA,NA,NA,NA,NA,NA,NA,NA,NA,NA,NA,NA,NA,NA,NA,NA,NA,NA
Liolaemus_multimaculatus,1,NA,NA,NA,NA,NA,NA,NA,NA,NA,NA,NA,NA,NA,NA,NA,-0.0894839911566521,-0.0894839911566521,-0.0894839911566521,-0.0894839911566521,-0.0894839911566521,-0.0894839911566521,-0.089483991156652,-0.0894839911566521,-0.089483991156652,-0.0894839911566521,NA,NA,NA,NA,NA,NA,NA,NA,NA,NA,NA,NA,-0.105469824704715,NA,NA,NA,NA,NA,NA,NA
Rhinella_proboscidea,1,NA,NA,NA,NA,NA,NA,NA,NA,NA,NA,NA,NA,NA,NA,NA,-0.0555632399413024,-0.0313021190612362,-0.0313021190612362,-0.0313021190612363,-0.0313021190612362,-0.0313021190612362,-0.0313021190612362,-0.0313021190612363,-0.0313021190612362,-0.0313021190612361,-0.0313021190612362,-0.0313021190612362,-0.0313021190612362,-0.0313021190612363,-0.0313021190612361,-0.0313021190612363,-0.0313021190612361,-0.0313021190612364,-0.0313021190612361,-0.0313021190612361,-0.0313021190612363,-0.0313021190612361,NA,NA,NA,NA,NA,NA,NA,NA
Anomaloglossus_stepheni,1,NA,NA,NA,NA,NA,NA,NA,NA,NA,NA,NA,NA,NA,NA,NA,0.0143468207919184,0.0143468207919184,0.0143468207919184,0.0143468207919184,0.0143468207919184,0.0143468207919184,0.0143468207919184,0.0143468207919184,0.0143468207919184,0.0143468207919184,0.0143468207919184,0.0143468207919184,0.0143468207919184,0.0143468207919184,0.0143468207919184,0.0143468207919184,0.0143468207919184,0.0143468207919184,0.0143468207919184,0.0143468207919184,0.0143468207919184,0.0143468207919184,NA,NA,NA,NA,NA,NA,NA,NA
Pristimantis_fenestratus,1,NA,NA,NA,NA,NA,NA,NA,NA,NA,NA,NA,NA,NA,NA,NA,-0.0267293467967201,-0.02672934679672,-0.0267293467967201,-0.02672934679672,-0.0267293467967201,-0.0267293467967199,-0.0267293467967201,-0.02672934679672,-0.0267293467967201,-0.02672934679672,-0.02672934679672,-0.0267293467967201,-0.0267293467967201,-0.02672934679672,-0.02672934679672,-0.02672934679672,-0.0267293467967201,-0.02672934679672,-0.02672934679672,-0.02672934679672,-0.02672934679672,-0.02672934679672,NA,NA,NA,NA,NA,NA,NA,NA
Pristimantis_toftae,1,NA,NA,NA,NA,NA,NA,NA,NA,NA,NA,NA,NA,NA,NA,NA,NA,-0.0554621874040891,-0.055462187404089,-0.0554621874040891,-0.055462187404089,NA,NA,NA,NA,NA,NA,NA,-0.290564561985816,NA,NA,NA,NA,NA,NA,NA,NA,NA,NA,NA,NA,NA,NA,NA,NA,NA
Phyllomedusa_vaillantii,1,NA,NA,NA,NA,NA,NA,NA,NA,NA,NA,NA,NA,NA,NA,NA,NA,-0.226617431910831,-0.226617431910831,-0.226617431910831,-0.226617431910831,NA,NA,NA,NA,NA,NA,NA,NA,NA,NA,NA,NA,NA,NA,NA,NA,NA,NA,NA,NA,NA,NA,NA,NA,NA
Trachycephalus_coriaceus,1,NA,NA,NA,NA,NA,NA,NA,NA,NA,NA,NA,NA,NA,NA,NA,NA,-0.348174238314916,-0.348174238314917,-0.348174238314916,-0.348174238314917,NA,NA,NA,NA,NA,NA,NA,NA,NA,NA,NA,NA,NA,NA,NA,NA,NA,NA,NA,NA,NA,NA,NA,NA,NA
Dendropsophus_sarayacuensis,1,NA,NA,NA,NA,NA,NA,NA,NA,NA,NA,NA,NA,NA,NA,NA,NA,-0.124001649720009,-0.124001649720009,-0.124001649720009,-0.124001649720009,NA,NA,NA,NA,NA,NA,NA,NA,NA,NA,NA,NA,NA,NA,NA,NA,NA,NA,NA,NA,NA,NA,NA,NA,NA
Eleutherodactylus_coqui,1,NA,NA,NA,NA,NA,NA,NA,NA,NA,NA,NA,NA,NA,NA,NA,NA,NA,-0.0968677323237548,-0.0117024866279658,0.0367538003054731,0.100069190065959,0.0906821522376453,-0.0103118594179077,-0.130703848223594,-0.141726656828131,0.00191189902182465,0.0238144440717032,0.0410029303808477,0.0911166432935042,0.0519134864949289,0.0438664590366995,0.0300725821831668,0.0131374003971692,0.000217298386983145,-0.00424634223718623,-0.000982906232492309,0.00324557523051749,NA,NA,NA,NA,NA,NA,NA,NA
Anolis_sagrei,1,NA,NA,NA,NA,NA,NA,NA,NA,NA,NA,NA,NA,NA,NA,NA,NA,NA,0.0231735507959561,0.0231735507959562,0.0231735507959562,0.023173550795956,0.0231735507959562,0.0231735507959562,0.0231735507959561,-0.102624743898447,-0.102624743898447,0.0448053871332785,0.0448053871332785,-0.0738013606221218,-0.0738013606221219,NA,NA,NA,NA,NA,NA,NA,NA,NA,NA,NA,NA,NA,NA,NA
Anolis_lineatopus,1,NA,NA,NA,NA,NA,NA,NA,NA,NA,NA,NA,NA,NA,NA,NA,NA,NA,0.033908702256372,0.033908702256372,0.033908702256372,0.0339087022563719,0.033908702256372,0.0339087022563719,0.033908702256372,-0.082405124322996,-0.0824051243229961,0,0,0.114239664257685,0.114239664257685,NA,NA,NA,NA,NA,NA,NA,NA,NA,NA,NA,NA,NA,NA,NA
Anolis_grahami,1,NA,NA,NA,NA,NA,NA,NA,NA,NA,NA,NA,NA,NA,NA,NA,NA,NA,0.00851224142632057,0.00851224142632057,0.00851224142632057,0.00851224142632057,0.00851224142632057,0.00851224142632057,0.00851224142632068,-0.0880456295278407,-0.0880456295278406,-0.00851666964939024,-0.00851666964939013,0.112654640862931,0.112654640862931,NA,NA,NA,NA,NA,NA,NA,NA,NA,NA,NA,NA,NA,NA,NA
Homonota_fasciata,1,NA,NA,NA,NA,NA,NA,NA,NA,NA,NA,NA,NA,NA,NA,NA,NA,NA,NA,0.164810248645992,NA,NA,NA,NA,NA,NA,NA,NA,NA,NA,NA,NA,NA,NA,NA,NA,NA,NA,NA,NA,NA,NA,NA,NA,NA,NA
Vanzosaura_rubricauda,1,NA,NA,NA,NA,NA,NA,NA,NA,NA,NA,NA,NA,NA,NA,NA,NA,NA,NA,-0.68847294995946,NA,NA,NA,NA,NA,NA,NA,NA,NA,NA,NA,NA,NA,NA,NA,NA,NA,NA,NA,NA,NA,NA,NA,NA,NA,NA
Ameivula_ocellifera,1,NA,NA,NA,NA,NA,NA,NA,NA,NA,NA,NA,NA,NA,NA,NA,NA,NA,NA,-0.2498774732166,NA,NA,NA,NA,NA,NA,NA,NA,NA,NA,NA,NA,NA,NA,NA,NA,NA,NA,NA,NA,NA,NA,NA,NA,NA,NA
Teius_teyou,1,NA,NA,NA,NA,NA,NA,NA,NA,NA,NA,NA,NA,NA,NA,NA,NA,NA,NA,-0.127678773974329,NA,NA,NA,NA,NA,NA,NA,NA,NA,NA,NA,NA,NA,NA,NA,NA,NA,NA,NA,NA,NA,NA,NA,NA,NA,NA
Liolaemus_chacoensis,1,NA,NA,NA,NA,NA,NA,NA,NA,NA,NA,NA,NA,NA,NA,NA,NA,NA,NA,-0.107375446686221,NA,NA,NA,NA,NA,NA,NA,NA,NA,NA,NA,NA,NA,NA,NA,NA,NA,NA,NA,NA,NA,NA,NA,NA,NA,NA
Tropidurus_etheridgei,1,NA,NA,NA,NA,NA,NA,NA,NA,NA,NA,NA,NA,NA,NA,NA,NA,NA,NA,0.0163904161881693,NA,NA,NA,NA,NA,NA,NA,NA,NA,NA,NA,NA,NA,NA,NA,NA,NA,NA,NA,NA,NA,NA,NA,NA,NA,NA
Anolis_krugi,1,NA,NA,NA,NA,NA,NA,NA,NA,NA,NA,NA,NA,NA,NA,NA,NA,NA,NA,NA,0.32735893438633,NA,NA,NA,NA,NA,NA,NA,NA,NA,NA,NA,NA,NA,NA,NA,NA,NA,NA,NA,NA,NA,NA,NA,NA,NA
Eleutherodactylus_portoricensis,1,NA,NA,NA,NA,NA,NA,NA,NA,NA,NA,NA,NA,NA,NA,NA,NA,NA,NA,NA,NA,-0.175702478989111,-0.146864477008965,-0.0982229060637694,-0.0505648760338988,-0.0210022249935095,-0.0116938413946996,-0.0122372562700306,-0.0103520726333323,-0.000931969365974145,0.0126036235812523,0.0232806510263276,0.167833711949956,0.158427789438383,0.141627469869032,0.126707217714844,0.116125501435417,0.111505282069493,NA,NA,NA,NA,NA,NA,NA,NA
Eleutherodactylus_unicolor,1,NA,NA,NA,NA,NA,NA,NA,NA,NA,NA,NA,NA,NA,NA,NA,NA,NA,NA,NA,NA,-0.000632121144775066,-0.000632121146403097,-0.000632121149447107,-0.000632121153332221,-0.00063212115760658,-0.000632121161914467,-0.000632121165659916,-0.000632121168158584,-0.000632121169238609,-0.000632121169446664,NA,NA,NA,NA,NA,NA,NA,NA,NA,NA,NA,NA,NA,NA,NA
Eleutherodactylus_gryllus,1,NA,NA,NA,NA,NA,NA,NA,NA,NA,NA,NA,NA,NA,NA,NA,NA,NA,NA,NA,NA,-0.0937071784828669,-0.0910680104975949,-0.0868159714644363,-0.0812112075778817,-0.0722723178682221,-0.0590957517946107,-0.0456375313120061,-0.0382193634371459,-0.0385824977567162,-0.0416312867902748,NA,NA,NA,NA,NA,NA,NA,NA,NA,NA,NA,NA,NA,NA,NA
Tropidurus_itambere,1,NA,NA,NA,NA,NA,NA,NA,NA,NA,NA,NA,NA,NA,NA,NA,NA,NA,NA,NA,NA,NA,NA,NA,0.0520885022965261,NA,NA,NA,NA,NA,NA,NA,NA,NA,NA,NA,NA,NA,NA,NA,NA,NA,NA,NA,NA,NA
Iguana_delicatissima,1,NA,NA,NA,NA,NA,NA,NA,NA,NA,NA,NA,NA,NA,NA,NA,NA,NA,NA,NA,NA,NA,NA,NA,NA,NA,-0.413003755107914,0.150514997831991,0.150514997831991,0.0308139474142195,-0.0308139474142195,-0.0945281181100246,-0.0945281181100244,0.0377885608893997,0.170017111343488,NA,NA,NA,NA,NA,NA,NA,NA,NA,NA,NA
Alsophis_antiguae,1,NA,NA,NA,NA,NA,NA,NA,NA,NA,NA,NA,NA,NA,NA,NA,NA,NA,NA,NA,NA,NA,NA,NA,NA,NA,0.0204249547972204,0.0204249547959461,0.0204249547936033,0.0204249547911619,0.0876570397799724,0.076988978354002,0.0560934695906585,0.172743663748601,0.0998246809399845,0.12801626955723,NA,NA,NA,NA,NA,NA,NA,NA,NA,NA
Boa_constrictor,1,NA,NA,NA,NA,NA,NA,NA,NA,NA,NA,NA,NA,NA,NA,NA,NA,NA,NA,NA,NA,NA,NA,NA,NA,NA,NA,-0.0969100130080565,0.314393957221963,-0.0561159419789314,0.277964691595288,NA,NA,NA,NA,NA,NA,NA,NA,NA,NA,NA,NA,NA,NA,NA
Tropidurus_torquatus,1,NA,NA,NA,NA,NA,NA,NA,NA,NA,NA,NA,NA,NA,NA,NA,NA,NA,NA,NA,NA,NA,NA,NA,NA,NA,NA,-0.201820094764344,0.0625555036646415,NA,NA,NA,NA,NA,NA,NA,NA,NA,NA,NA,NA,NA,NA,NA,NA,NA
Cyclura_rileyi,1,NA,NA,NA,NA,NA,NA,NA,NA,NA,NA,NA,NA,NA,NA,NA,NA,NA,NA,NA,NA,NA,NA,NA,NA,NA,NA,NA,-0.0241523397872774,-0.0241523397872776,-0.0843208857000359,NA,NA,NA,NA,NA,NA,NA,NA,NA,NA,NA,NA,NA,NA,NA
Pristimantis_peruvianus,1,NA,NA,NA,NA,NA,NA,NA,NA,NA,NA,NA,NA,NA,NA,NA,NA,NA,NA,NA,NA,NA,NA,NA,NA,NA,NA,NA,-0.176126606346127,NA,NA,NA,NA,NA,NA,NA,NA,NA,NA,NA,NA,NA,NA,NA,NA,NA
Smilisca_baudinii,1,NA,NA,NA,NA,NA,NA,NA,NA,NA,NA,NA,NA,NA,NA,NA,NA,NA,NA,NA,NA,NA,NA,NA,NA,NA,NA,NA,0.494850021680094,-0.397940008672038,-0.397940008672038,0.261262868792493,0.613798394599206,-0.301029995663981,-0.34948500216801,-0.349485002168009,0.895312333056253,0.0696252829724214,NA,NA,NA,NA,NA,NA,NA,NA
Scinax_staufferi,1,NA,NA,NA,NA,NA,NA,NA,NA,NA,NA,NA,NA,NA,NA,NA,NA,NA,NA,NA,NA,NA,NA,NA,NA,NA,NA,NA,-0.146128035678238,0.301029995663981,0.191730393362856,-0.0805799412401895,-0.412180447786648,-0.0263937486825414,-0.0263937486825419,-0.0263937486825414,0.491361693834273,-0.792391689498254,NA,NA,NA,NA,NA,NA,NA,NA
Rhinophrynus_dorsalis,1,NA,NA,NA,NA,NA,NA,NA,NA,NA,NA,NA,NA,NA,NA,NA,NA,NA,NA,NA,NA,NA,NA,NA,NA,NA,NA,NA,-0.0376287494579977,-0.0376287494579977,-0.0376287494579977,-0.0376287494579976,-0.0376287494579977,0.0475089600496741,0.0475089600496741,0.0475089600496741,-0.0969100130080565,0.193820026016113,NA,NA,NA,NA,NA,NA,NA,NA
Lithobates_berlandieri,1,NA,NA,NA,NA,NA,NA,NA,NA,NA,NA,NA,NA,NA,NA,NA,NA,NA,NA,NA,NA,NA,NA,NA,NA,NA,NA,NA,0,-0.301029995663981,0,0,0,0,0.198970004336019,0.198970004336019,0.146128035678238,NA,NA,NA,NA,NA,NA,NA,NA,NA
Leptodactylus_melanonotus,1,NA,NA,NA,NA,NA,NA,NA,NA,NA,NA,NA,NA,NA,NA,NA,NA,NA,NA,NA,NA,NA,NA,NA,NA,NA,NA,NA,-0.602059991327962,-0.174742501084005,-0.612273132779855,0.0663233347786729,0.179209583152666,0.179209583152666,0.0134012462059835,0.0134012462059835,NA,NA,NA,NA,NA,NA,NA,NA,NA,NA
Leptodactylus_fragilis,1,NA,NA,NA,NA,NA,NA,NA,NA,NA,NA,NA,NA,NA,NA,NA,NA,NA,NA,NA,NA,NA,NA,NA,NA,NA,NA,NA,0.0668955545919958,-0.0545978522318427,0.108705276211993,0.108705276211993,-0.0962440977679427,-0.0962440977679427,-0.0962440977679427,0.334477772959979,0.0668955545919958,-0.301029995663981,NA,NA,NA,NA,NA,NA,NA,NA
Hypopachus_variolosus,1,NA,NA,NA,NA,NA,NA,NA,NA,NA,NA,NA,NA,NA,NA,NA,NA,NA,NA,NA,NA,NA,NA,NA,NA,NA,NA,NA,0.0413425598672335,0.041342559867426,0.041342559867688,0.0413425598678185,0.0413425598676886,0.0413425598673354,0.0413425598669255,0.0413425598666273,0.136167344461349,0.0551119246371189,NA,NA,NA,NA,NA,NA,NA,NA
Tlalocohyla_picta,1,NA,NA,NA,NA,NA,NA,NA,NA,NA,NA,NA,NA,NA,NA,NA,NA,NA,NA,NA,NA,NA,NA,NA,NA,NA,NA,NA,-0.00631986938524531,-0.00621532526113966,0.040471949780069,0.0390999724934054,-0.0822520809006334,-0.0843711865325175,-0.0306409029518592,-0.0319784360283824,-0.163705724043974,-0.173126525223832,NA,NA,NA,NA,NA,NA,NA,NA
Dendropsophus_microcephalus,1,NA,NA,NA,NA,NA,NA,NA,NA,NA,NA,NA,NA,NA,NA,NA,NA,NA,NA,NA,NA,NA,NA,NA,NA,NA,NA,NA,0.00346364169950236,0.218095960951227,0.182350360130907,0.141908579842237,-0.109418142561659,-0.134496559709751,-0.147195290417436,0.17729480647192,-0.198101542461467,0.19115192332469,NA,NA,NA,NA,NA,NA,NA,NA
Tlalocohyla_loquax,1,NA,NA,NA,NA,NA,NA,NA,NA,NA,NA,NA,NA,NA,NA,NA,NA,NA,NA,NA,NA,NA,NA,NA,NA,NA,NA,NA,-0.0947444957782029,-0.0947444957781878,0.123810143416212,0.123810143416076,-0.194383655271411,-0.194383655271515,-0.194383655271478,-0.194383655271339,0.27923400899841,-0.8750612633917,NA,NA,NA,NA,NA,NA,NA,NA
Dendropsophus_ebraccatus,1,NA,NA,NA,NA,NA,NA,NA,NA,NA,NA,NA,NA,NA,NA,NA,NA,NA,NA,NA,NA,NA,NA,NA,NA,NA,NA,NA,0.40895073571534,0.251664084113365,0.0469225146789187,-0.029916272680454,-0.0374223758890173,2.6680415293287e-05,0.0271293924874826,0.0055134281824096,-0.18656148720372,-0.296740869225315,NA,NA,NA,NA,NA,NA,NA,NA
Incilius_valliceps,1,NA,NA,NA,NA,NA,NA,NA,NA,NA,NA,NA,NA,NA,NA,NA,NA,NA,NA,NA,NA,NA,NA,NA,NA,NA,NA,NA,-0.271038126928457,-0.166656890355084,-0.0151607240023235,0.074787168434757,0.0199885813524532,-0.132237774208258,-0.193022024690554,0.00328365503872852,0.392842732261187,0.697886491967346,NA,NA,NA,NA,NA,NA,NA,NA
Rhinella_marina,1,NA,NA,NA,NA,NA,NA,NA,NA,NA,NA,NA,NA,NA,NA,NA,NA,NA,NA,NA,NA,NA,NA,NA,NA,NA,NA,NA,0.114400745168392,-0.676693609624867,0.176091259055681,0.176091259055681,-0.108868752295891,-0.108868752295891,-0.108868752295891,-0.108868752295891,-0.108868752295891,-0.108868752295891,NA,NA,NA,NA,NA,NA,NA,NA
Agalychnis_callidryas,1,NA,NA,NA,NA,NA,NA,NA,NA,NA,NA,NA,NA,NA,NA,NA,NA,NA,NA,NA,NA,NA,NA,NA,NA,NA,NA,NA,0.494511701140444,0.403372973144053,0.18039576838997,-0.121493787956557,-0.328284821718512,-0.29365907720587,-0.0611404190555794,0.173919613708552,0.455005828614897,-0.247743661624063,NA,NA,NA,NA,NA,NA,NA,NA
Sceloporus_bicanthalis,1,NA,NA,NA,NA,NA,NA,NA,NA,NA,NA,NA,NA,NA,NA,NA,NA,NA,NA,NA,NA,NA,NA,NA,NA,NA,NA,NA,NA,0.252186653394041,NA,NA,NA,NA,NA,NA,NA,NA,NA,NA,NA,NA,NA,NA,NA,NA
Leptodactylus_albilabris,1,NA,NA,NA,NA,NA,NA,NA,NA,NA,NA,NA,NA,NA,NA,NA,NA,NA,NA,NA,NA,NA,NA,NA,NA,NA,NA,NA,NA,-0.17846123882622,NA,NA,NA,NA,NA,NA,NA,NA,NA,NA,NA,NA,NA,NA,NA,NA
Eleutherodactylus_wightmanae,1,NA,NA,NA,NA,NA,NA,NA,NA,NA,NA,NA,NA,NA,NA,NA,NA,NA,NA,NA,NA,NA,NA,NA,NA,NA,NA,NA,NA,0.0162049796622653,NA,NA,NA,NA,NA,NA,NA,NA,NA,NA,NA,NA,NA,NA,NA,NA
Eleutherodactylus_brittoni,1,NA,NA,NA,NA,NA,NA,NA,NA,NA,NA,NA,NA,NA,NA,NA,NA,NA,NA,NA,NA,NA,NA,NA,NA,NA,NA,NA,NA,-0.315483482469064,NA,NA,NA,NA,NA,NA,NA,NA,NA,NA,NA,NA,NA,NA,NA,NA
Eleutherodactylus_richmondi,1,NA,NA,NA,NA,NA,NA,NA,NA,NA,NA,NA,NA,NA,NA,NA,NA,NA,NA,NA,NA,NA,NA,NA,NA,NA,NA,NA,NA,-0.826074802700826,NA,NA,NA,NA,NA,NA,NA,NA,NA,NA,NA,NA,NA,NA,NA,NA
Eleutherodactylus_antillensis,1,NA,NA,NA,NA,NA,NA,NA,NA,NA,NA,NA,NA,NA,NA,NA,NA,NA,NA,NA,NA,NA,NA,NA,NA,NA,NA,NA,NA,-0.720159303405957,NA,NA,NA,NA,NA,NA,NA,NA,NA,NA,NA,NA,NA,NA,NA,NA
Triprion_petasatus,1,NA,NA,NA,NA,NA,NA,NA,NA,NA,NA,NA,NA,NA,NA,NA,NA,NA,NA,NA,NA,NA,NA,NA,NA,NA,NA,NA,NA,0.083546051450075,-0.602059991327962,0.349485002168009,0.349485002168009,-0.698970004336019,0.150514997831991,0.150514997831991,0.301029995663981,0.301029995663981,NA,NA,NA,NA,NA,NA,NA,NA
Trachycephalus_typhonius,1,NA,NA,NA,NA,NA,NA,NA,NA,NA,NA,NA,NA,NA,NA,NA,NA,NA,NA,NA,NA,NA,NA,NA,NA,NA,NA,NA,NA,-0.0260557723518364,-0.0260557723520135,0.0647872388622163,0.0647872388620899,0.0647872388620021,0.0647872388619865,0.0647872388620376,-0.0260557723525076,-0.026055772352414,NA,NA,NA,NA,NA,NA,NA,NA
Leptodactylus_fallax,1,NA,NA,NA,NA,NA,NA,NA,NA,NA,NA,NA,NA,NA,NA,NA,NA,NA,NA,NA,NA,NA,NA,NA,NA,NA,NA,NA,NA,NA,0.168261618875279,-0.0961307933386809,0.215177173490468,-0.246250493293502,-0.328046550585241,-0.204949640523804,-0.46932181185073,-0.17824586230099,-0.35649172460198,-0.35649172460198,-0.35649172460198,-0.35649172460198,0,NA,NA,NA
Gastrophryne_elegans,1,NA,NA,NA,NA,NA,NA,NA,NA,NA,NA,NA,NA,NA,NA,NA,NA,NA,NA,NA,NA,NA,NA,NA,NA,NA,NA,NA,NA,NA,0,0.698970004336019,-0.397940008672038,0.314002684340771,0.314002684340771,0.314002684340771,-0.544068044350276,NA,NA,NA,NA,NA,NA,NA,NA,NA
Elachistocleis_ovalis,1,NA,NA,NA,NA,NA,NA,NA,NA,NA,NA,NA,NA,NA,NA,NA,NA,NA,NA,NA,NA,NA,NA,NA,NA,NA,NA,NA,NA,NA,NA,-0.301029995663981,NA,NA,NA,NA,NA,NA,NA,NA,NA,NA,NA,NA,NA,NA
Borikenophis_portoricensis,1,NA,NA,NA,NA,NA,NA,NA,NA,NA,NA,NA,NA,NA,NA,NA,NA,NA,NA,NA,NA,NA,NA,NA,NA,NA,NA,NA,NA,NA,NA,NA,0.0779813982695146,0.0779813982695146,-0.0377034444947388,-0.0377034444947384,0.0859900335998991,-0.00893808778778293,-0.0150347719004729,-0.0280872795656948,-0.0280872795656948,NA,NA,NA,NA,NA
Anolis_polylepis,1,NA,NA,NA,NA,NA,NA,NA,NA,NA,NA,NA,NA,NA,NA,NA,NA,NA,NA,NA,NA,NA,NA,NA,NA,NA,NA,NA,NA,NA,NA,NA,-0.00594933251320118,NA,NA,NA,NA,NA,NA,NA,NA,NA,NA,NA,NA,NA
Erythrolamprus_poecilogyrus,1,NA,NA,NA,NA,NA,NA,NA,NA,NA,NA,NA,NA,NA,NA,NA,NA,NA,NA,NA,NA,NA,NA,NA,NA,NA,NA,NA,NA,NA,NA,NA,0.0187494360128389,0.440997722637401,NA,NA,NA,NA,NA,NA,NA,NA,NA,NA,NA,NA
Philodryas_agassizii,1,NA,NA,NA,NA,NA,NA,NA,NA,NA,NA,NA,NA,NA,NA,NA,NA,NA,NA,NA,NA,NA,NA,NA,NA,NA,NA,NA,NA,NA,NA,NA,-0.837511917315235,-0.12057393120585,NA,NA,NA,NA,NA,NA,NA,NA,NA,NA,NA,NA
Pristimantis_inusitatus,1,NA,NA,NA,NA,NA,NA,NA,NA,NA,NA,NA,NA,NA,NA,NA,NA,NA,NA,NA,NA,NA,NA,NA,NA,NA,NA,NA,NA,NA,NA,NA,NA,0.770035393249555,-0.192508848312389,-0.192508848312389,-0.192508848312389,-0.192508848312389,0,0,NA,NA,NA,NA,NA,NA
Pristimantis_eriphus,1,NA,NA,NA,NA,NA,NA,NA,NA,NA,NA,NA,NA,NA,NA,NA,NA,NA,NA,NA,NA,NA,NA,NA,NA,NA,NA,NA,NA,NA,NA,NA,NA,0.303133034114184,-0.229507889832339,-0.229507889832339,-0.229507889832339,-0.229507889832339,0.0246089453634795,0.0246089453634795,NA,NA,NA,NA,NA,NA
Pristimantis_petersi,1,NA,NA,NA,NA,NA,NA,NA,NA,NA,NA,NA,NA,NA,NA,NA,NA,NA,NA,NA,NA,NA,NA,NA,NA,NA,NA,NA,NA,NA,NA,NA,NA,1,0.014958805117594,0.0149588051175937,0.014958805117594,0.0149588051175937,-0.429098302019389,-0.429098302019389,NA,NA,NA,NA,NA,NA
Pristimantis_bicantus,1,NA,NA,NA,NA,NA,NA,NA,NA,NA,NA,NA,NA,NA,NA,NA,NA,NA,NA,NA,NA,NA,NA,NA,NA,NA,NA,NA,NA,NA,NA,NA,NA,-0.197083681649943,-0.473673636265283,-0.473673636265283,-0.473673636265283,-0.473673636265283,0,0,NA,NA,NA,NA,NA,NA
Bothrops_insularis,1,NA,NA,NA,NA,NA,NA,NA,NA,NA,NA,NA,NA,NA,NA,NA,NA,NA,NA,NA,NA,NA,NA,NA,NA,NA,NA,NA,NA,NA,NA,NA,NA,0.00526443337181304,0.00526443337181259,-0.0695584497493535,-0.069558449749354,-0.0695584497493535,-0.0695584497493535,0.0889410833367812,0.151267675330649,NA,NA,NA,NA,NA
Strabomantis_bufoniformis,1,NA,NA,NA,NA,NA,NA,NA,NA,NA,NA,NA,NA,NA,NA,NA,NA,NA,NA,NA,NA,NA,NA,NA,NA,NA,NA,NA,NA,NA,NA,NA,NA,NA,-0.400864274756529,-0.400864274756529,-0.400864274756529,-0.400864274756529,-0.400864274756529,NA,NA,NA,NA,NA,NA,NA
Pristimantis_ridens,1,NA,NA,NA,NA,NA,NA,NA,NA,NA,NA,NA,NA,NA,NA,NA,NA,NA,NA,NA,NA,NA,NA,NA,NA,NA,NA,NA,NA,NA,NA,NA,NA,NA,-0.400864274756529,-0.400864274756529,-0.400864274756529,-0.400864274756529,-0.400864274756528,NA,NA,NA,NA,NA,NA,NA
Pristimantis_pardalis,1,NA,NA,NA,NA,NA,NA,NA,NA,NA,NA,NA,NA,NA,NA,NA,NA,NA,NA,NA,NA,NA,NA,NA,NA,NA,NA,NA,NA,NA,NA,NA,NA,NA,0.0669700062188261,0.0669700062188259,0.0669700062188261,0.0669700062188259,0.0669700062188261,NA,NA,NA,NA,NA,NA,NA
Pristimantis_museosus,1,NA,NA,NA,NA,NA,NA,NA,NA,NA,NA,NA,NA,NA,NA,NA,NA,NA,NA,NA,NA,NA,NA,NA,NA,NA,NA,NA,NA,NA,NA,NA,NA,NA,0.0080482437556495,0.0080482437556495,0.00804824375564928,0.00804824375564972,0.0080482437556495,NA,NA,NA,NA,NA,NA,NA
Pristimantis_gaigei,1,NA,NA,NA,NA,NA,NA,NA,NA,NA,NA,NA,NA,NA,NA,NA,NA,NA,NA,NA,NA,NA,NA,NA,NA,NA,NA,NA,NA,NA,NA,NA,NA,NA,-0.400864274756529,-0.400864274756529,-0.400864274756529,-0.400864274756529,-0.400864274756528,NA,NA,NA,NA,NA,NA,NA
Pristimantis_cruentus,1,NA,NA,NA,NA,NA,NA,NA,NA,NA,NA,NA,NA,NA,NA,NA,NA,NA,NA,NA,NA,NA,NA,NA,NA,NA,NA,NA,NA,NA,NA,NA,NA,NA,-0.0364537947479052,-0.0364537947479052,-0.0364537947479052,-0.0364537947479052,-0.0364537947479051,NA,NA,NA,NA,NA,NA,NA
Pristimantis_cerasinus,1,NA,NA,NA,NA,NA,NA,NA,NA,NA,NA,NA,NA,NA,NA,NA,NA,NA,NA,NA,NA,NA,NA,NA,NA,NA,NA,NA,NA,NA,NA,NA,NA,NA,-0.0661503754567341,-0.0661503754567339,-0.0661503754567339,-0.0661503754567341,-0.0661503754567339,NA,NA,NA,NA,NA,NA,NA
Oophaga_vicentei,1,NA,NA,NA,NA,NA,NA,NA,NA,NA,NA,NA,NA,NA,NA,NA,NA,NA,NA,NA,NA,NA,NA,NA,NA,NA,NA,NA,NA,NA,NA,NA,NA,NA,0.271419557405353,0.271419557405353,0.271419557405353,0.271419557405353,0.271419557405353,NA,NA,NA,NA,NA,NA,NA
Oedipina_parvipes,1,NA,NA,NA,NA,NA,NA,NA,NA,NA,NA,NA,NA,NA,NA,NA,NA,NA,NA,NA,NA,NA,NA,NA,NA,NA,NA,NA,NA,NA,NA,NA,NA,NA,-0.400864274756529,-0.400864274756529,-0.400864274756529,-0.400864274756529,-0.400864274756528,NA,NA,NA,NA,NA,NA,NA
Oedipina_collaris,1,NA,NA,NA,NA,NA,NA,NA,NA,NA,NA,NA,NA,NA,NA,NA,NA,NA,NA,NA,NA,NA,NA,NA,NA,NA,NA,NA,NA,NA,NA,NA,NA,NA,0.0124295813497692,0.0124295813497688,0.0124295813497688,0.0124295813497688,0.0124295813497692,NA,NA,NA,NA,NA,NA,NA
Diasporus_quidditus,1,NA,NA,NA,NA,NA,NA,NA,NA,NA,NA,NA,NA,NA,NA,NA,NA,NA,NA,NA,NA,NA,NA,NA,NA,NA,NA,NA,NA,NA,NA,NA,NA,NA,0.179922194774594,0.179922194774594,0.179922194774594,0.179922194774594,0.179922194774594,NA,NA,NA,NA,NA,NA,NA
Craugastor_megacephalus,1,NA,NA,NA,NA,NA,NA,NA,NA,NA,NA,NA,NA,NA,NA,NA,NA,NA,NA,NA,NA,NA,NA,NA,NA,NA,NA,NA,NA,NA,NA,NA,NA,NA,-0.400864274756528,-0.400864274756529,-0.400864274756529,-0.400864274756529,-0.400864274756529,NA,NA,NA,NA,NA,NA,NA
Craugastor_gollmeri,1,NA,NA,NA,NA,NA,NA,NA,NA,NA,NA,NA,NA,NA,NA,NA,NA,NA,NA,NA,NA,NA,NA,NA,NA,NA,NA,NA,NA,NA,NA,NA,NA,NA,-0.0429516139910004,-0.0429516139910007,-0.0429516139910004,-0.0429516139910007,-0.0429516139910004,NA,NA,NA,NA,NA,NA,NA
Bolitoglossa_schizodactyla,1,NA,NA,NA,NA,NA,NA,NA,NA,NA,NA,NA,NA,NA,NA,NA,NA,NA,NA,NA,NA,NA,NA,NA,NA,NA,NA,NA,NA,NA,NA,NA,NA,NA,-0.0156061592832384,-0.0156061592832386,-0.0156061592832384,-0.0156061592832384,-0.0156061592832386,NA,NA,NA,NA,NA,NA,NA
Bolitoglossa_colonnea,1,NA,NA,NA,NA,NA,NA,NA,NA,NA,NA,NA,NA,NA,NA,NA,NA,NA,NA,NA,NA,NA,NA,NA,NA,NA,NA,NA,NA,NA,NA,NA,NA,NA,-0.184765894598036,-0.184765894598036,-0.184765894598036,-0.184765894598036,-0.184765894598036,NA,NA,NA,NA,NA,NA,NA
Andinobates_minutus,1,NA,NA,NA,NA,NA,NA,NA,NA,NA,NA,NA,NA,NA,NA,NA,NA,NA,NA,NA,NA,NA,NA,NA,NA,NA,NA,NA,NA,NA,NA,NA,NA,NA,-0.400864274756529,-0.400864274756529,-0.400864274756529,-0.400864274756529,-0.400864274756528,NA,NA,NA,NA,NA,NA,NA
Craugastor_fitzingeri,1,NA,NA,NA,NA,NA,NA,NA,NA,NA,NA,NA,NA,NA,NA,NA,NA,NA,NA,NA,NA,NA,NA,NA,NA,NA,NA,NA,NA,NA,NA,NA,NA,NA,0.0739822570143591,0.0739822570143587,0.0739822570143587,0.0739822570143591,0.0739822570143587,NA,NA,NA,NA,NA,NA,NA
Craugastor_crassidigitus,1,NA,NA,NA,NA,NA,NA,NA,NA,NA,NA,NA,NA,NA,NA,NA,NA,NA,NA,NA,NA,NA,NA,NA,NA,NA,NA,NA,NA,NA,NA,NA,NA,NA,-0.230151287972062,-0.230151287972062,-0.230151287972062,-0.230151287972062,-0.230151287972062,NA,NA,NA,NA,NA,NA,NA
Rhaebo_haematiticus,1,NA,NA,NA,NA,NA,NA,NA,NA,NA,NA,NA,NA,NA,NA,NA,NA,NA,NA,NA,NA,NA,NA,NA,NA,NA,NA,NA,NA,NA,NA,NA,NA,NA,-0.2,-0.2,-0.2,-0.2,-0.2,NA,NA,NA,NA,NA,NA,NA
Incilius_coniferus,1,NA,NA,NA,NA,NA,NA,NA,NA,NA,NA,NA,NA,NA,NA,NA,NA,NA,NA,NA,NA,NA,NA,NA,NA,NA,NA,NA,NA,NA,NA,NA,NA,NA,0.0135925367237522,0.0135925367237524,0.0135925367237522,0.0135925367237524,0.0135925367237522,NA,NA,NA,NA,NA,NA,NA
Allobates_talamancae,1,NA,NA,NA,NA,NA,NA,NA,NA,NA,NA,NA,NA,NA,NA,NA,NA,NA,NA,NA,NA,NA,NA,NA,NA,NA,NA,NA,NA,NA,NA,NA,NA,NA,-0.400864274756529,-0.400864274756529,-0.400864274756529,-0.400864274756529,-0.400864274756528,NA,NA,NA,NA,NA,NA,NA
Rhinella_macrorhina,1,NA,NA,NA,NA,NA,NA,NA,NA,NA,NA,NA,NA,NA,NA,NA,NA,NA,NA,NA,NA,NA,NA,NA,NA,NA,NA,NA,NA,NA,NA,NA,NA,NA,NA,NA,-0.639075625191822,NA,NA,NA,NA,NA,NA,NA,NA,NA
Physalaemus_biligonigerus,1,NA,NA,NA,NA,NA,NA,NA,NA,NA,NA,NA,NA,NA,NA,NA,NA,NA,NA,NA,NA,NA,NA,NA,NA,NA,NA,NA,NA,NA,NA,NA,NA,NA,NA,NA,NA,NA,-0.154962266100884,0.306939584650792,NA,NA,NA,NA,NA,NA
Leptodactylus_latinasus,1,NA,NA,NA,NA,NA,NA,NA,NA,NA,NA,NA,NA,NA,NA,NA,NA,NA,NA,NA,NA,NA,NA,NA,NA,NA,NA,NA,NA,NA,NA,NA,NA,NA,NA,NA,NA,NA,-0.300517214728023,-0.452269625465926,NA,NA,NA,NA,NA,NA
Pleurodema_borellii,1,NA,NA,NA,NA,NA,NA,NA,NA,NA,NA,NA,NA,NA,NA,NA,NA,NA,NA,NA,NA,NA,NA,NA,NA,NA,NA,NA,NA,NA,NA,NA,NA,NA,NA,NA,NA,NA,-0.0936088698585647,-0.288433808700848,NA,NA,NA,NA,NA,NA
Odontophrynus_americanus,1,NA,NA,NA,NA,NA,NA,NA,NA,NA,NA,NA,NA,NA,NA,NA,NA,NA,NA,NA,NA,NA,NA,NA,NA,NA,NA,NA,NA,NA,NA,NA,NA,NA,NA,NA,NA,NA,-0.238560627359831,-0.5,NA,NA,NA,NA,NA,NA
Oreobates_discoidalis,1,NA,NA,NA,NA,NA,NA,NA,NA,NA,NA,NA,NA,NA,NA,NA,NA,NA,NA,NA,NA,NA,NA,NA,NA,NA,NA,NA,NA,NA,NA,NA,NA,NA,NA,NA,NA,NA,-0.0484550065040282,-0.150514997831991,NA,NA,NA,NA,NA,NA
Rhinella_arenarum,1,NA,NA,NA,NA,NA,NA,NA,NA,NA,NA,NA,NA,NA,NA,NA,NA,NA,NA,NA,NA,NA,NA,NA,NA,NA,NA,NA,NA,NA,NA,NA,NA,NA,NA,NA,NA,NA,-0.137682836316735,-0.114492976863161,NA,NA,NA,NA,NA,NA
Ameerega_planipaleae,1,NA,NA,NA,NA,NA,NA,NA,NA,NA,NA,NA,NA,NA,NA,NA,NA,NA,NA,NA,NA,NA,NA,NA,NA,NA,NA,NA,NA,NA,NA,NA,NA,NA,NA,NA,NA,NA,NA,0.0339766935714981,0.0339766935714981,0.0339766935714981,0.0339766935714981,0.033976693571498,0.0339766935714981,0.0339766935714981
Rhinella_icterica,1,NA,NA,NA,NA,NA,NA,NA,NA,NA,NA,NA,NA,NA,NA,NA,NA,NA,NA,NA,NA,NA,NA,NA,NA,NA,NA,NA,NA,NA,NA,NA,NA,NA,NA,NA,NA,NA,NA,-0.154901959985743,NA,NA,NA,NA,NA,NA
Physalaemus_gracilis,1,NA,NA,NA,NA,NA,NA,NA,NA,NA,NA,NA,NA,NA,NA,NA,NA,NA,NA,NA,NA,NA,NA,NA,NA,NA,NA,NA,NA,NA,NA,NA,NA,NA,NA,NA,NA,NA,NA,0,NA,NA,NA,NA,NA,NA
Rhinella_henseli,1,NA,NA,NA,NA,NA,NA,NA,NA,NA,NA,NA,NA,NA,NA,NA,NA,NA,NA,NA,NA,NA,NA,NA,NA,NA,NA,NA,NA,NA,NA,NA,NA,NA,NA,NA,NA,NA,NA,-0.477121254719662,NA,NA,NA,NA,NA,NA
Proceratophrys_bigibbosa,1,NA,NA,NA,NA,NA,NA,NA,NA,NA,NA,NA,NA,NA,NA,NA,NA,NA,NA,NA,NA,NA,NA,NA,NA,NA,NA,NA,NA,NA,NA,NA,NA,NA,NA,NA,NA,NA,NA,-0.159700842867512,NA,NA,NA,NA,NA,NA
Melanophryniscus_devincenzii,1,NA,NA,NA,NA,NA,NA,NA,NA,NA,NA,NA,NA,NA,NA,NA,NA,NA,NA,NA,NA,NA,NA,NA,NA,NA,NA,NA,NA,NA,NA,NA,NA,NA,NA,NA,NA,NA,NA,0,NA,NA,NA,NA,NA,NA
Leptodactylus_plaumanni,1,NA,NA,NA,NA,NA,NA,NA,NA,NA,NA,NA,NA,NA,NA,NA,NA,NA,NA,NA,NA,NA,NA,NA,NA,NA,NA,NA,NA,NA,NA,NA,NA,NA,NA,NA,NA,NA,NA,0,NA,NA,NA,NA,NA,NA
Ischnocnema_henselii,1,NA,NA,NA,NA,NA,NA,NA,NA,NA,NA,NA,NA,NA,NA,NA,NA,NA,NA,NA,NA,NA,NA,NA,NA,NA,NA,NA,NA,NA,NA,NA,NA,NA,NA,NA,NA,NA,NA,-0.131278914639319,NA,NA,NA,NA,NA,NA
Physalaemus_cuvieri,1,NA,NA,NA,NA,NA,NA,NA,NA,NA,NA,NA,NA,NA,NA,NA,NA,NA,NA,NA,NA,NA,NA,NA,NA,NA,NA,NA,NA,NA,NA,NA,NA,NA,NA,NA,NA,NA,NA,NA,-0.301029995663981,NA,NA,NA,NA,NA
Leptodactylus_mystacinus,1,NA,NA,NA,NA,NA,NA,NA,NA,NA,NA,NA,NA,NA,NA,NA,NA,NA,NA,NA,NA,NA,NA,NA,NA,NA,NA,NA,NA,NA,NA,NA,NA,NA,NA,NA,NA,NA,NA,NA,0,NA,NA,NA,NA,NA
Physalaemus_feioi,1,NA,NA,NA,NA,NA,NA,NA,NA,NA,NA,NA,NA,NA,NA,NA,NA,NA,NA,NA,NA,NA,NA,NA,NA,NA,NA,NA,NA,NA,NA,NA,NA,NA,NA,NA,NA,NA,NA,NA,-0.230448921378274,NA,NA,NA,NA,NA
Proceratophrys_mantiqueira,1,NA,NA,NA,NA,NA,NA,NA,NA,NA,NA,NA,NA,NA,NA,NA,NA,NA,NA,NA,NA,NA,NA,NA,NA,NA,NA,NA,NA,NA,NA,NA,NA,NA,NA,NA,NA,NA,NA,NA,NA,-0.0969100130080565,NA,NA,NA,NA
