ID,min_year,max_year
278,1950,1994
297,1959,1996
2871,1966,2015
2880,1966,2015
2881,1966,2015
2884,1966,2015
2907,1966,2015
2908,1967,2015
2909,1966,2015
2911,1966,2015
2912,1967,2015
2913,1966,2015
2914,1966,2015
2915,1967,2015
2916,1966,2015
2917,1967,2015
2918,1967,2015
2919,1966,2015
2920,1966,2015
2921,1968,2007
2922,1966,2015
2923,1966,2015
2924,1966,2015
2925,1968,2015
2926,1968,2015
2927,1966,2015
2928,1966,2015
2929,1966,2015
2930,1968,2015
2931,1967,2015
2932,1968,2015
2933,1967,2015
2934,1966,2015
2941,1966,2015
2942,1968,2015
2948,1966,2015
2949,1967,2015
2954,1966,2015
2968,1966,2015
2969,1968,2015
2970,1966,2015
2971,1966,2015
2972,1967,2015
2973,1966,2015
2974,1966,2015
2975,1966,2015
2976,1967,2015
2977,1966,2015
2978,1966,2015
2979,1966,2015
2980,1967,2015
2981,1967,2015
2982,1966,2015
2983,1970,2015
2984,1966,2015
2985,1966,2015
2986,1968,2015
2987,1966,2015
2988,1968,2015
2989,1967,2015
2990,1966,2015
2991,1967,2015
2992,1968,2015
2993,1968,2015
2994,1968,2015
2995,1968,2015
2996,1968,2015
2997,1968,2015
2999,1967,2015
3000,1966,2015
3001,1968,2015
3002,1968,2015
3003,1967,2015
3004,1966,2015
3005,1968,2015
3006,1967,2015
3007,1968,2015
3008,1966,2015
3009,1966,2015
3010,1966,2015
3011,1968,2015
3012,1966,2015
3013,1966,2015
3014,1967,2015
3015,1966,2015
3016,1966,2015
3017,1966,2015
3018,1966,2015
3019,1968,2015
3020,1968,2015
3021,1967,2015
3022,1967,2015
3023,1966,2015
3024,1967,2015
3025,1967,2015
3026,1967,2015
3027,1966,2015
3028,1967,2015
3029,1967,2015
3030,1967,2015
3031,1966,2015
3032,1966,2015
3033,1967,2015
3034,1966,2015
3035,1966,2015
3036,1966,2015
3037,1967,2015
3038,1966,2015
3039,1967,2015
3040,1968,2015
3041,1966,2015
3042,1968,2015
3043,1966,2015
3044,1966,2015
3045,1966,2015
3046,1966,2015
3047,1968,2015
3048,1966,2015
3049,1967,2015
3050,1967,2015
3051,1967,2015
3052,1968,2015
3053,1967,2011
3054,1968,2015
3055,1966,2015
3056,1968,2015
3057,1966,2015
3058,1967,2015
3059,1966,2015
3060,1966,2015
3061,1966,2015
3062,1966,2015
3063,1967,2015
3064,1966,2015
3065,1966,2015
3066,1966,2015
3067,1967,2015
3068,1966,2015
3069,1966,2015
3070,1966,2015
3071,1968,2015
3072,1968,2015
3073,1966,2015
3074,1968,2015
3075,1968,2015
3076,1966,2005
3077,1967,2015
3078,1967,2015
3079,1966,2015
3080,1966,2015
3081,1968,2015
3082,1966,2015
3083,1966,2015
3084,1967,2015
3085,1967,2015
3086,1967,2015
3087,1966,2015
3088,1966,2015
3089,1966,2015
3090,1966,2015
3091,1966,2015
3094,1966,2015
3095,1966,2015
3096,1966,2015
3097,1967,2015
3098,1966,2015
3099,1967,2015
3100,1967,2015
3101,1967,2015
3102,1966,2015
3103,1966,2015
3104,1966,2015
3105,1966,2015
3106,1966,2015
3107,1968,2015
3108,1968,2015
3109,1966,2015
3110,1966,2015
3111,1968,2015
3112,1966,2015
3113,1967,2015
3114,1968,2015
3115,1967,2015
3116,1968,2015
3117,1967,2015
3118,1968,2015
3119,1966,2015
3120,1967,2015
3121,1966,2015
3122,1967,2015
3123,1966,2015
3124,1966,2015
3125,1966,2015
3126,1967,2015
3127,1966,2015
3128,1968,2015
3129,1968,2015
3130,1966,2015
3131,1966,2015
3132,1966,2015
3133,1966,2015
3134,1966,2015
3135,1966,2015
3136,1966,2015
3137,1968,2015
3138,1966,2015
3139,1968,2015
3140,1968,2015
3141,1966,2015
3142,1966,2015
3143,1968,2015
3144,1966,2015
3145,1966,2015
3146,1966,2015
3147,1966,2015
3148,1966,2015
3149,1966,2015
3150,1966,2015
3151,1966,2015
3152,1966,2015
3153,1966,2015
3154,1966,2015
3155,1966,2015
3156,1966,2015
3157,1966,2015
3158,1966,2015
3159,1966,2015
3160,1966,2015
3161,1967,2015
3162,1966,2015
3163,1966,2015
3164,1966,2015
3165,1966,2015
3166,1966,2015
3167,1967,2015
3168,1966,2015
3169,1966,2015
3170,1967,2015
3171,1967,2015
3172,1968,2015
3173,1967,2015
3174,1966,2015
3175,1967,2015
3176,1968,2015
3177,1968,2015
3178,1967,2015
3179,1966,2015
3180,1967,2015
3181,1966,2015
3182,1966,2015
3183,1967,2015
3184,1966,2015
3185,1968,2015
3186,1966,2015
3187,1966,2015
3188,1967,2015
3189,1968,2015
3190,1967,2015
3191,1966,2015
3192,1966,2015
3193,1967,2015
3194,1966,2015
3195,1966,2015
3197,1966,2015
3198,1966,2015
3199,1966,2015
3200,1966,2015
3201,1966,2015
3202,1966,2015
3203,1967,2015
3204,1966,2015
3205,1968,2015
3206,1967,2015
3207,1966,2015
3208,1967,2015
3209,1966,2015
3210,1967,2015
3211,1966,2015
3212,1967,2015
3213,1966,2015
3214,1966,2015
3215,1966,2015
3216,1966,2015
3217,1966,2015
3218,1968,2015
3219,1966,2015
3220,1966,2015
3221,1966,2015
3222,1966,2015
3223,1966,2015
3224,1966,2015
3225,1966,2015
3226,1967,2015
3227,1967,2015
3228,1966,2015
3229,1966,2015
3230,1967,2015
3231,1966,2015
3232,1967,2015
3233,1967,2015
3234,1966,2015
3235,1966,2015
3236,1967,2015
3237,1966,2015
3238,1966,2015
3239,1966,2015
3240,1966,2015
3241,1967,2015
3242,1968,2015
3243,1966,2015
3244,1966,2015
3245,1966,2015
3246,1966,2015
3247,1967,1993
3248,1970,2015
3249,1967,1993
3250,1970,2015
3251,1967,1993
3253,1978,1992
3254,1965,1993
3255,1979,1993
3256,1967,1993
3257,1967,1993
3258,1965,1991
3259,1962,2000
3260,1964,1993
3261,1970,2014
3262,1970,1993
3264,1975,1993
3265,1953,1993
3266,1962,1993
3267,1965,1993
3268,1970,2015
3269,1967,1993
3270,1952,1985
3271,1970,2015
3272,1967,1993
3273,1967,1993
3274,1970,2012
3275,1970,2014
3276,1967,1993
3277,1970,2014
3278,1967,1993
3279,1969,1984
3280,1972,2015
3281,1969,1984
3282,1973,1984
3283,1970,2015
3285,1967,1993
3286,1967,1993
3287,1970,2015
3288,1967,1993
3289,1967,1993
3290,1970,2014
3291,1950,1976
3292,1967,1993
3293,1970,2015
3294,1967,1993
3295,1970,2015
3296,1967,1993
3297,1970,2015
3298,1970,2015
3299,1967,1993
3300,1970,2015
3301,1971,2015
3302,1970,2015
3303,1969,1984
3304,1970,2015
3305,1970,2015
3306,1969,1984
3307,1951,2005
3308,1970,2015
3309,1970,2015
3310,1967,1993
3311,1970,2015
3312,1970,2015
3313,1969,1984
3314,1970,2011
3315,1992,1993
3316,1967,1993
3317,1970,2015
3318,1970,2015
3319,1967,1993
3320,1970,2015
3323,1967,1993
3324,1970,2014
3325,1967,1993
3326,1970,2015
3327,1967,1993
3328,1982,1993
3329,1970,2015
3330,1967,1993
3331,1967,1993
3332,1967,1993
3333,1970,2015
3334,1967,1993
3335,1967,1993
3336,1960,1987
3337,1967,1993
3338,1970,2015
3339,1970,2014
3340,1967,1993
3341,1970,2015
3343,1970,2015
3344,1958,1983
3345,1980,1989
3346,1980,1989
3347,1967,1993
3348,1976,2015
3349,1967,1993
3350,1973,2014
3351,1970,2015
3352,1967,1993
3353,1970,2015
3354,1967,1993
3355,1969,1984
3356,1970,2012
3357,1968,2007
3358,1970,2015
3359,1967,1993
3360,1970,2015
3361,1970,2015
3362,1969,1984
3363,1976,1991
3364,1967,1993
3365,1970,2012
3366,1967,1993
3367,1970,2015
3368,1970,2015
3369,1970,2015
3370,1969,1984
3371,1970,2015
3372,1969,1984
3373,1970,2015
3374,1950,1976
3375,1967,1993
3376,1970,2015
3377,1967,1993
3378,1970,2015
3379,1970,2015
3380,1970,2014
3381,1970,2014
3382,1967,1993
3383,1970,2015
3384,1967,1993
3385,1967,1993
3386,1969,1984
3387,1970,2015
3388,1967,1993
3389,1967,1993
3390,1970,2015
3391,1967,1993
3392,1967,1993
3393,1970,2015
3394,1969,1984
3395,1970,2015
3396,1967,1993
3397,1967,1993
3398,1966,1993
3399,1966,1993
3400,1966,1993
3401,1967,1993
3402,1975,1991
3403,1970,1995
3404,1970,1995
3631,1970,1993
3632,1970,1993
3633,1970,1993
3634,1970,1993
3635,1982,1993
3636,1971,1993
3637,1970,1993
3638,1970,1993
3639,1970,1993
3640,1970,1993
3641,1980,1993
3642,1970,2012
3643,1970,2014
3644,1970,2014
3645,1970,2014
3646,1970,2014
3647,1970,2014
3648,1970,2014
3649,1970,2012
3650,1970,2014
3651,1970,2014
3652,1970,2014
3653,1970,2014
3654,1970,2012
3655,1970,2012
3656,1970,2014
3657,1970,2014
3658,1970,2014
3659,1970,2012
3660,1970,2014
3661,1970,2014
3662,1970,2014
3663,1970,2014
3664,1970,2014
3665,1970,2014
3666,1970,2014
3667,1972,2012
3668,1970,2014
3669,1974,2014
3670,1970,2014
3671,1970,2014
3672,1970,2014
3673,1970,2014
3674,1970,2014
3675,1970,2014
3676,1970,2014
3677,1970,2014
3678,1970,2014
3679,1970,2014
3680,1970,2015
3681,1970,2015
3682,1970,2015
3683,1970,2014
3684,1970,2014
3685,1970,2014
3686,1970,2014
3687,1970,2012
3688,1970,2014
3689,1970,2014
3690,1970,2014
3691,1970,2012
3692,1970,2014
3693,1970,2012
3694,1970,2014
3695,1970,2014
3696,1970,2012
3697,1970,2014
3698,1970,2014
3699,1970,2012
3700,1970,2012
3701,1970,2014
3702,1971,2015
3703,1970,2014
3704,1970,2012
3705,1970,2014
3706,1970,2014
3707,1970,2012
3708,1970,2012
3709,1970,2014
3710,1970,2014
3711,1970,2014
3712,1970,2014
3713,1970,2014
3714,1970,2014
3715,1970,2014
3716,1970,2014
3717,1970,2014
3718,1970,2014
3719,1970,2012
3720,1970,2014
3721,1970,2012
3722,1970,2014
3723,1970,2014
3724,1970,2014
3725,1970,2014
3726,1970,2014
3727,1970,2012
3728,1970,2014
3729,1970,2014
3730,1970,2014
3731,1970,2014
3732,1970,2014
3733,1970,2012
3734,1970,2014
3735,1970,2012
3736,1970,2012
3737,1970,2014
3738,1970,2014
3739,1970,2012
3740,1970,2014
3741,1970,2014
3742,1970,2012
3743,1970,2014
3744,1970,2014
3745,1970,2014
3746,1970,2012
3747,1970,2014
3748,1970,2012
3749,1970,2014
3750,1970,2014
3751,1970,2014
3752,1970,2014
3753,1972,2014
3754,1970,2014
3755,1970,2012
3756,1970,2012
3757,1970,2014
3758,1970,2014
3759,1970,2012
3760,1970,2014
3761,1970,2014
3762,1970,2014
3763,1970,2012
3764,1970,2014
3765,1970,2014
3766,1970,2012
3767,1970,2014
3768,1970,2014
3769,1970,2012
3770,1970,2014
3771,1970,2014
3772,1970,2012
3773,1970,2014
3774,1970,2014
3775,1970,2014
3776,1970,2014
3777,1970,2014
3778,1970,2014
3779,1970,2014
3780,1970,2014
3781,1970,2014
3782,1970,2012
3783,1970,2014
3784,1970,2014
3785,1970,2014
3786,1970,2012
3787,1970,2014
3788,1970,2014
3789,1970,2012
3790,1970,2014
3791,1970,2014
3792,1970,2014
3793,1970,2014
3794,1970,2014
3795,1970,2014
3796,1970,2014
3797,1970,2014
3798,1970,2014
3799,1970,2014
3800,1970,2014
3801,1970,2012
3802,1970,2014
3803,1970,2014
3804,1970,2014
3805,1970,2012
3806,1970,2014
3807,1970,2014
3808,1970,2014
3809,1970,2014
3810,1970,2014
3811,1970,2012
3812,1970,2014
3813,1970,2014
3814,1970,2014
3815,1970,2014
3816,1970,2014
3817,1970,2014
3818,1970,2012
3819,1970,2014
3820,1970,2014
3821,1970,2014
3822,1966,2015
3823,1970,2014
3824,1970,2014
3825,1970,2014
3826,1970,2012
3827,1970,2014
3828,1970,2012
3829,1970,2014
3830,1970,2014
3831,1970,2012
3832,1970,2014
3833,1970,2014
3834,1970,2012
3835,1970,2014
3836,1970,2014
3837,1970,2014
3838,1970,2014
3839,1974,2014
3840,1970,2014
3841,1970,2014
3842,1970,2014
3843,1970,2014
3844,1970,2014
3845,1970,2012
3846,1970,2014
3847,1970,2014
3848,1970,2014
3849,1970,2014
3850,1970,2014
3851,1970,2014
3852,1970,2014
3853,1970,2014
3854,1970,2014
3855,1970,2014
3856,1970,2014
3857,1970,2012
3858,1970,2014
3859,1970,2015
3860,1970,2015
3861,1970,2014
3862,1970,2012
3863,1970,2014
3864,1970,2014
3865,1972,2012
3866,1970,2015
3867,1970,2014
3868,1970,2014
3869,1970,2014
3870,1970,2014
3871,1970,2014
3872,1970,2014
3873,1970,2012
3874,1970,2014
3875,1970,2014
3876,1968,2007
3877,1970,2014
3878,1970,2014
3879,1970,2014
3880,1970,2014
3881,1970,2012
3882,1970,2014
3883,1970,2014
3884,1970,2014
3885,1970,2014
3886,1970,2014
3887,1970,2014
3888,1970,2014
3889,1970,2014
3890,1970,2014
3891,1970,2014
3892,1970,2014
3893,1970,2014
3894,1970,2014
3895,1970,2014
3896,1973,2015
3897,1970,2012
3898,1970,2012
3899,1967,2007
3900,1970,2014
3901,1967,2007
3902,1966,2007
3903,1968,2007
3904,1970,2014
3905,1970,2012
3906,1970,2014
3907,1970,2014
3908,1970,2012
3909,1970,2014
3910,1970,2014
3911,1970,2012
3912,1970,2014
3913,1970,2014
3914,1970,2012
3915,1970,2014
3916,1970,2014
3917,1970,2015
3918,1970,2012
3919,1970,2014
3920,1970,2012
3921,1970,2014
3922,1970,2014
3923,1970,2012
3924,1970,2014
3925,1970,2014
3926,1970,2012
3927,1970,2014
3928,1970,2014
3929,1970,2014
3930,1970,2014
3931,1970,2014
3932,1970,2014
3933,1970,2012
3934,1970,2014
3935,1970,2014
3936,1970,2014
3937,1970,2014
3938,1970,2014
3939,1970,2014
3940,1970,2012
3941,1970,2014
3942,1970,2012
3943,1970,2014
3944,1970,2014
3945,1970,2012
3946,1970,2014
3947,1970,2014
3948,1970,2014
3949,1970,2014
3950,1970,2014
3951,1970,2014
3952,1970,2014
3953,1970,2012
3954,1970,2014
3955,1970,2014
3956,1970,2014
3957,1970,2014
3958,1970,2014
3959,1970,2014
3960,1970,2014
3961,1970,2012
3962,1970,2014
3963,1970,2014
3964,1970,2014
3965,1970,2012
3966,1970,2014
3967,1970,2014
3968,1970,2014
3969,1970,2014
3970,1970,2014
3971,1970,2014
3972,1968,2007
3973,1970,2014
3974,1970,2014
3975,1970,2014
3976,1970,2014
3977,1970,2012
3978,1970,2014
3979,1970,2014
3980,1970,2014
3981,1970,2012
3982,1970,2012
3983,1970,2012
3984,1970,2014
3985,1970,2014
3986,1970,2012
3987,1970,2014
3988,1970,2014
3989,1970,2012
3990,1970,2014
3991,1970,2014
3992,1970,2014
3993,1970,2015
3994,1970,2015
3995,1970,2014
3996,1970,2014
3997,1970,2014
3998,1970,2012
3999,1970,2014
4000,1970,2014
4001,1970,2014
4002,1966,2015
4003,1970,2014
4004,1970,2014
4005,1970,2014
4006,1970,2014
4007,1970,2014
4008,1970,2014
4009,1970,2014
4010,1970,2012
4011,1985,2015
4012,1970,2012
4013,1970,2014
4014,1970,2014
4015,1970,2014
4016,1970,2014
4017,1970,2014
4018,1970,2014
4019,1970,2014
4020,1970,2014
4021,1970,2014
4022,1970,2014
4023,1970,2012
4024,1970,2015
4025,1970,2012
4026,1970,2014
4027,1970,2014
4028,1970,2012
4029,1970,2014
4030,1970,2014
4031,1970,2012
4032,1970,2014
4033,1970,2014
4034,1970,2014
4035,1970,2014
4036,1970,2014
4037,1970,2015
4038,1970,2014
4039,1970,2012
4040,1970,2014
4041,1970,2014
4042,1970,2012
4043,1970,2014
4044,1970,2014
4045,1970,2014
4046,1970,2014
4047,1970,2014
4048,1970,2014
4049,1970,2014
4050,1970,2014
4051,1970,2014
4052,1970,2012
4053,1970,2014
4054,1970,2014
4055,1970,2012
4056,1970,2014
4057,1970,2014
4058,1970,2012
4059,1970,2014
4060,1970,2014
4061,1970,2014
4062,1970,2014
4063,1970,2014
4064,1970,2012
4065,1970,2012
4066,1970,2015
4067,1970,2012
4068,1970,2012
4069,1970,2014
4070,1970,2014
4071,1970,2014
4072,1970,2014
4073,1970,2014
4074,1970,2014
4075,1970,2014
4076,1970,2014
4077,1970,2012
4078,1970,2014
4079,1970,2014
4080,1970,2014
4081,1970,2014
4082,1970,2014
4083,1970,2014
4084,1970,2014
4085,1970,2014
4086,1970,2014
4087,1970,2014
4088,1970,2014
4089,1970,2014
4090,1970,2014
4091,1970,2014
4092,1970,2014
4093,1970,2014
4094,1970,2012
4095,1970,2014
4096,1970,2014
4097,1970,2014
4098,1968,2007
4099,1970,2014
4100,1970,2012
4101,1970,2014
4102,1970,2014
4103,1970,2014
4104,1970,2014
4105,1970,2014
4106,1968,2007
4107,1966,2007
4108,1966,2015
4109,1967,2007
4110,1967,2007
4111,1970,2014
4112,1970,2012
4113,1970,2014
4114,1970,2014
4115,1970,2014
4116,1970,2012
4117,1970,2014
4118,1970,2012
4119,1970,2014
4120,1970,2012
4121,1970,2014
4122,1970,2014
4123,1970,2014
4124,1970,2012
4125,1970,2014
4126,1970,2012
4127,1970,2014
4128,1970,2014
4129,1970,2012
4130,1970,2014
4131,1970,2012
4132,1970,2014
4133,1970,2014
4134,1970,2014
4135,1970,2014
4136,1970,2014
4137,1970,2012
4138,1970,2014
4139,1970,2014
4140,1970,2014
4141,1970,2012
4142,1970,2014
4143,1970,2014
4144,1970,2014
4145,1970,2014
4146,1970,2014
4147,1970,2014
4148,1970,2014
4149,1970,2014
4150,1970,2014
4151,1970,2014
4152,1970,2014
4153,1970,2012
4154,1970,2014
4155,1970,2014
4156,1970,2012
4157,1970,2014
4158,1970,2014
4159,1970,2014
4160,1970,2012
4161,1970,2014
4162,1970,2014
4163,1970,2014
4164,1970,2014
4165,1970,2014
4166,1970,2014
4167,1970,2012
4168,1970,2012
4169,1970,2014
4170,1970,2014
4171,1970,2012
4172,1970,2014
4173,1970,2014
4174,1970,2014
4175,1972,2012
4176,1970,2014
4283,1970,2012
4284,1970,2014
4285,1970,2014
4286,1970,2014
4287,1970,2014
4307,1991,2000
4308,1965,2000
4309,1970,2000
4310,1970,2000
4311,1990,2000
4312,1990,2000
4313,1990,2000
4314,1990,2000
4886,1992,1997
4960,1992,1997
4961,1992,1997
5964,1970,1987
5965,1964,1979
5966,1970,1987
5988,1950,1976
5989,1955,1971
5990,1950,1976
6005,1951,1985
6006,1951,1985
6007,1959,1985
6157,1987,1989
6158,1987,1989
6159,1987,1989
6161,1987,1989
6162,1987,1989
6163,1987,1989
6390,1987,1996
6391,1990,1996
6392,1993,1996
6393,1990,1992
8035,1988,1991
8053,1976,1990
8055,1988,1991
8056,1988,1991
8057,1988,1991
8068,1973,2005
8075,1981,1991
8079,1981,1991
8080,1981,1991
8082,1981,1991
8085,1981,1991
8086,1981,1991
8089,1981,1991
8091,1988,2007
8092,1988,2007
8096,1988,2007
8097,1988,2007
8098,1988,2007
8099,1988,2007
8100,1988,2007
8102,1988,2007
8106,1996,2007
8107,1996,2007
8109,1996,2007
8110,1996,2007
8112,1996,2007
8113,1996,2007
8114,1996,2007
8118,1996,2007
8218,1993,2007
8222,1995,2007
8224,1998,2007
8232,2006,2007
8233,2006,2007
8235,1996,2007
8237,1996,2008
8239,1996,2008
8240,1996,2008
8241,1996,2008
8242,1996,2008
8243,1996,2008
8246,1996,2008
8247,1996,2008
8248,1996,2008
8249,1996,2008
8456,1966,2005
8457,1970,2015
8458,1966,2005
8459,1966,2005
8460,1966,2005
8461,1966,2005
8462,1970,2015
8463,1966,2005
8464,1966,2005
8481,1970,1998
8543,1966,2007
8544,1968,2007
8545,1968,2007
8709,1987,1988
9060,1975,2005
9465,1995,1998
9466,1995,1998
9468,1985,2009
9471,1985,2009
9478,1994,2009
9479,1994,2009
12009,1964,2009
12010,1960,2009
12049,1996,2000
12051,2000,2011
12053,2000,2011
12062,1993,1995
12063,2000,2011
12066,1998,1999
12067,1968,1970
12078,1968,1970
12120,1993,1995
12215,2004,2005
12231,2000,2011
12233,2000,2011
12235,1983,1986
12237,1983,1986
12239,1983,1986
12240,1983,1986
12241,1983,1986
12242,1983,1986
12243,1983,1986
12244,1983,1986
12246,1983,1986
12250,1983,1986
12251,1983,1986
12252,1992,1994
12254,1983,1986
12255,1983,1986
12256,1983,1986
12258,1999,2000
12260,1983,1986
12261,1999,2000
12262,1983,1986
12263,1983,1986
12264,1983,1986
12266,1983,1986
12267,1983,1986
12270,1983,1986
12271,1983,1986
12272,1983,1986
12273,1983,1986
12274,1983,1986
12275,1983,1986
12276,1983,1986
12278,1983,1986
12328,1980,1992
12330,1988,1994
12331,1987,1994
12332,1990,1994
12333,1989,1994
12334,1988,1994
12379,1969,2010
12380,1979,2012
12505,2001,2003
12549,1972,2010
12550,1961,2013
12551,1965,2013
12568,1950,1994
12615,1992,1994
12616,1993,1995
12686,1993,2004
12902,1983,1998
12949,1996,1999
12952,1968,1995
12957,1992,2005
12958,1992,2005
12959,1992,2005
12960,1992,2005
12961,1992,2005
12962,1992,2005
12963,1992,2005
12964,1992,2005
12965,1992,2005
12967,1992,2005
12968,1993,2005
12969,1992,2005
12971,1993,2005
12972,1993,2005
12973,1992,2005
12974,1993,2005
12975,1992,2005
12976,1992,2005
12982,1992,2005
12983,1992,2005
12984,1993,2005
12987,1992,2005
12989,1984,2000
12991,1992,2005
12993,1992,2005
12994,1992,2005
12996,1992,2005
12998,1992,2005
12999,1984,2000
13000,1984,2000
13002,1992,2005
13003,1992,2005
13004,1992,2005
13005,1992,2005
13006,1992,2005
13007,1992,2005
13008,1992,2005
13009,1992,2005
13010,1992,2005
13011,1992,2005
13012,1992,2005
13013,1993,2005
13014,1993,2005
13015,1993,2005
13016,1993,2005
13017,1992,2005
13018,1992,2005
13019,1969,2014
13020,1992,2005
13021,1992,2005
13022,1992,2005
13023,1993,2005
13024,1993,2005
13025,1968,2014
13026,1992,2005
13027,1992,2005
13028,1969,2014
13029,1992,2005
13030,1970,2014
13031,1992,2005
13032,1992,2005
13033,1992,2005
13034,1992,2005
13035,1992,2005
13036,1992,2005
13037,1992,2005
13038,1992,2014
13039,1992,2005
13040,1968,2014
13041,1992,2005
13042,1993,2005
13043,1993,2005
13044,1993,2005
13045,1993,2005
13046,1992,2005
13047,1992,2005
13048,1992,2005
13049,1992,2005
13050,1992,2005
13051,1993,2005
13052,1992,2005
13053,1992,2005
13054,1992,2005
13055,1993,2005
13056,1993,2005
13057,1992,2005
13059,1992,2005
13063,1992,2005
13066,1992,2005
13069,1993,2005
13070,1992,2005
13071,1992,2005
13076,1992,2005
13077,1992,2005
13080,1993,2005
13081,1992,2005
13082,1993,2005
13083,1992,2005
13084,1992,2005
13085,1992,2005
13086,1992,2005
13087,1992,2005
13088,1992,2005
13089,1992,2005
13091,1992,2005
13092,1993,2005
13093,1992,2005
13094,1993,2005
13095,1993,2005
13096,1993,2005
13129,2001,2002
13130,2001,2002
13131,2001,2002
13132,2001,2002
13133,2001,2002
13134,1992,2005
13135,2001,2002
13136,2001,2002
13137,2001,2002
13138,2001,2002
13139,2001,2002
13140,1970,2012
13141,1970,2012
13142,1981,2015
13143,1976,2015
13144,1970,2015
13145,1992,2005
13146,1992,2005
13147,1970,2012
13148,1992,2005
13149,1993,2005
13150,1993,2005
13151,1970,2012
13152,1974,2015
13153,1970,2012
13154,1992,2005
13155,1992,2005
13156,1992,2005
13157,1992,2005
13159,1992,2005
13160,1992,2005
13161,1993,2005
13162,1993,2005
13163,1970,2015
13165,1970,2012
13166,1992,2005
13168,1992,2005
13169,1992,2005
13171,1992,2005
13172,1992,2005
13173,1993,2005
13174,1993,2005
13175,1992,2005
13176,1992,2005
13177,1992,2005
13179,1970,2012
13180,1992,2005
13182,1993,2005
13183,1993,2005
13187,1974,2013
13196,1974,2013
13197,1974,2013
13198,1974,2013
13199,1974,2013
13200,1974,2013
13203,1974,2013
13210,1974,2013
13213,1974,2013
13215,1974,2013
13216,1974,2013
13218,1974,2013
13219,1974,2013
13265,1974,2013
13268,1974,2015
13269,1974,2015
13270,1974,2015
13271,1974,2015
13274,1974,2013
13276,1974,2013
13280,1974,2013
13281,1974,2013
13282,1974,2013
13285,1974,2013
13288,1974,2013
13300,1974,2015
13302,1970,2012
13305,1970,2012
13308,1970,2015
13309,1970,2012
13311,1970,2012
13313,1970,2012
13315,1970,2012
13318,1970,2015
13325,1970,2012
13326,1970,2012
13329,1970,2012
13331,1970,2012
13332,1970,2012
13334,1970,2015
13336,1982,2015
13337,1970,2012
13341,1970,2012
13343,1970,2012
13346,1974,2015
13350,1974,2015
13353,1975,2005
13355,1975,2005
13360,1994,1995
13361,1994,1995
13363,1994,1995
13364,1994,1995
13377,1975,2005
13380,1984,2000
13384,1984,2000
13390,1970,2015
13394,1994,1995
13396,1972,1974
13398,1972,1974
13399,1972,1974
13403,1975,2005
13406,1995,1997
13408,1974,2015
13409,1995,1997
13410,1975,2005
13411,1995,1997
13412,1992,1993
13414,1974,2015
13415,1995,1997
13416,1970,2015
13418,1974,2015
13419,1975,2005
13420,1995,1997
13421,1995,1997
13423,1975,2005
13425,1995,1997
13427,1974,2015
13428,1974,2015
13429,1995,1997
13430,1974,2015
13432,1975,2005
13434,1995,1997
13437,1974,2015
13438,1975,2005
13439,1972,2015
13449,1991,2000
13458,1993,2000
13513,1970,2015
13514,1970,2015
13515,1970,2015
13516,1970,2015
13517,1970,2015
13518,1970,2015
13519,1970,2015
13520,1970,2015
13521,1975,2015
13524,1970,2015
13526,1970,2015
13527,1976,2015
13528,1989,2015
13529,1970,2015
13532,1974,2015
13533,1970,2015
13534,1973,2014
13536,1970,2015
13538,1970,2015
13540,1970,2015
13541,1970,2015
13542,1970,2015
13543,1970,2015
13544,1970,2015
13545,1971,2015
13546,1970,2015
13547,1970,2015
13548,1970,2015
13549,1970,2015
13551,1970,2015
13552,1970,2015
13553,1970,2015
13554,1970,2015
13555,1970,2015
13556,1970,2015
13557,1970,2015
13558,1970,2015
13559,1970,2015
13560,1970,2015
13561,1970,2015
13562,1970,2015
13563,1970,2015
13565,1970,2015
13566,1970,2015
13567,1970,2015
13568,1970,2015
13569,1970,2015
13570,1970,2015
13571,1970,2015
13572,1970,2015
13573,1970,2015
13574,1970,2015
13575,1970,2015
13576,1970,2015
13577,1970,2015
13578,1970,2015
13579,1970,2015
13580,1970,2015
13581,1970,2015
13582,1970,2015
13583,1970,2015
13585,1970,2015
13587,1970,2015
13588,1970,2015
13589,1970,2015
13590,1970,2015
13591,1970,2015
13592,1970,2015
13595,1970,2015
13596,1970,2015
13597,1970,2015
13598,1970,2015
13599,1970,2015
13600,1970,2015
13601,1970,2015
13602,1970,2015
13603,1970,2015
13604,1970,2015
13605,1970,2015
13606,1970,2015
13607,1970,2015
13608,1970,2015
13610,1970,2015
13611,1970,2015
13612,1970,2015
13613,1970,2015
13614,1970,2015
13616,1970,2015
13617,1970,2015
13618,1970,2015
13619,1970,2015
13620,1970,2015
13621,1970,2015
13623,1970,2015
13624,1970,2015
13625,1970,2015
13627,1970,2015
13628,1970,2015
13629,1970,2015
13631,1970,2015
13632,1970,2015
13633,1970,2015
13634,1970,2015
13635,1970,2015
13636,1970,2015
13637,1970,2015
13638,1970,2015
13639,1970,2015
13640,1977,2015
13641,1970,2015
13642,1970,2015
13643,1970,2015
13644,1970,2015
13645,1970,2015
13646,1970,2015
13647,1970,2015
13648,1970,2015
13649,1970,2015
13650,1970,2015
13653,1970,2015
13654,1970,2015
13655,1970,2015
13656,1970,2015
13657,1970,2015
13658,1970,2015
13659,1970,2015
13660,1970,2015
13661,1970,2015
13662,1970,2015
13663,1970,2015
13664,1970,2015
13665,1970,2015
13666,1970,2015
13667,1970,2015
13668,1970,2012
13669,1970,2014
13670,1970,2012
13671,1970,2012
13672,1972,2014
13673,1970,2014
13674,1970,2014
13675,1970,2014
13676,1970,2014
13677,1970,2014
13678,1970,2014
13679,1974,2014
13680,1974,2014
13681,1970,2014
13682,1970,2014
13683,1970,2014
13684,1970,2014
13685,1973,2014
13686,1970,2012
13687,1970,2014
13688,1970,2014
13689,1970,2014
13690,1978,2014
13691,1988,2014
13692,1970,2014
13693,1970,2014
13694,1970,2014
13695,1970,2014
13696,1986,2014
13697,1970,2014
13712,1970,2014
13713,1970,2014
13716,1972,2012
13717,1970,2014
13718,1971,2014
13719,1970,2014
13720,1974,2014
13721,1974,2014
13722,1970,2014
13723,1970,2014
13724,1970,2014
13725,1973,2014
13726,1970,2014
13727,1970,2014
13728,1970,2014
13729,1970,2014
13734,1974,2012
13735,1970,2014
13736,1970,2012
13737,1970,2012
13738,1971,2012
13739,1970,2014
13740,1970,2014
13741,1989,2014
13742,1970,2014
13743,1970,2014
13744,1970,2014
13745,1970,2014
13746,1986,2014
13747,1970,2012
13748,1973,2014
13749,1988,2014
13750,1989,2014
13754,1970,2012
13755,1970,2014
13756,1974,2014
13757,1974,2014
13758,1973,2014
13759,1970,2012
13760,1974,2014
13761,1973,2014
13762,1970,2014
13763,1970,2014
13764,1970,2014
13765,1970,2014
13766,1970,2014
13767,1970,2014
13773,1975,2014
13774,1970,2014
13775,1973,2014
13779,1970,2012
13780,1989,2012
13781,1970,2014
13782,1970,2014
13786,1970,2014
13789,1972,2012
13790,1970,2014
13791,1970,2014
13792,1972,2014
13801,1970,2014
13802,1970,2014
13803,1970,2014
13804,1973,2014
13805,1974,2014
13806,1974,2014
13807,1970,2012
13808,1970,2014
13809,1970,2014
13810,1989,2014
13811,1970,2014
13812,1970,2014
13813,1986,2014
13816,1970,2014
13817,1970,2014
13818,1970,2014
13819,1970,2014
13820,1974,2014
13821,1974,2014
13822,1970,2014
13823,1970,2014
13824,1970,2014
13825,1970,2014
13826,1986,2014
13827,1970,2014
13828,1971,2014
13829,1970,2014
13830,1970,2014
13831,1989,2014
13832,1970,2014
13833,1970,2014
13834,1970,2014
13835,1982,2014
13836,1970,2014
13837,1974,2014
13838,1970,2014
13839,1970,2014
13840,1973,2014
13841,1970,2014
13842,1970,2014
13843,1970,2014
13844,1970,2014
13845,1970,2012
13846,1970,2014
13847,1970,2014
13848,1970,2014
13849,1970,2014
13851,1970,2014
13852,1970,2014
13853,1970,2014
13854,1970,2014
13855,1970,2014
13856,1970,2014
13857,1970,2014
13858,1970,2014
13859,1970,2014
13860,1970,2014
13861,1973,2014
13862,1970,2014
13863,1970,2014
13864,1970,2014
13865,1970,2014
13866,1970,2014
13867,1974,2014
13868,1974,2014
13869,1970,2014
13870,1970,2014
13871,1973,2014
13872,1975,2012
13873,1974,2014
13874,1973,2014
13875,1970,2014
13876,1974,2014
13877,1974,2014
13878,1970,2014
13879,1970,2014
13880,1973,2014
13881,1974,2012
13882,1977,2014
13883,1970,2014
13884,1970,2014
13885,1970,2014
13886,1970,2014
13887,1970,2014
13888,1970,2014
13889,1970,2014
13897,1970,2012
13898,1970,2014
13899,1970,2014
13900,1970,2014
13901,1988,2014
13902,1970,2014
13903,1970,2014
13904,1970,2014
13905,1970,2014
13906,1986,2014
13907,1970,2014
13910,1972,2012
13911,1970,2014
13912,1979,2014
13913,1970,2014
13914,1972,2014
13915,1970,2014
13916,1970,2014
13917,1970,2014
13918,1970,2014
13919,1970,2014
13920,1970,2014
13921,1970,2014
13922,1974,2014
13923,1974,2014
13924,1970,2012
13925,1972,2014
13926,1973,2014
13927,1972,2014
13928,1989,2014
13929,1970,2014
13930,1973,2014
13931,1970,2012
13932,1974,2014
13933,1970,2014
13934,1970,2012
13935,1970,2014
13936,1970,2014
13937,1970,2014
13938,1974,2014
13939,1974,2014
13940,1970,2014
13941,1970,2014
13942,1970,2014
13943,1970,2014
13944,1973,2014
13945,1970,2012
13946,1970,2014
13947,1970,2014
13948,1976,2014
13949,1970,2014
13950,1970,2014
13951,1970,2014
13952,1970,2014
13953,1970,2012
13954,1970,2014
13955,1970,2014
13956,1970,2014
13957,1970,2014
13958,1972,2012
13959,1977,2014
13960,1970,2014
13961,1989,2012
13962,1970,2014
13963,1970,2014
13964,1970,2014
13965,1972,2014
13966,1970,2014
13967,1974,2014
13968,1974,2014
13969,1970,2014
13970,1972,2014
13971,1973,2014
13972,1970,2014
13973,1970,2014
13974,1970,2014
13975,1970,2014
13976,1970,2014
13977,1973,2012
13978,1970,2014
13979,1974,2014
13980,1974,2014
13981,1970,2014
13982,1972,2014
13983,1970,2012
13984,1970,2014
13985,1970,2014
13986,1970,2014
13987,1970,2014
13988,1970,2014
13989,1972,2014
13990,1974,2014
13991,1974,2014
13992,1970,2014
13993,1973,2014
13994,1989,2014
13995,1970,2014
13996,1970,2014
13997,1972,2012
13998,1970,2014
13999,1974,2014
14000,1970,2014
14001,1974,2014
14002,1974,2014
14003,1970,2014
14004,1970,2014
14005,1973,2014
14006,1972,2012
14007,1970,2014
14008,1989,2012
14009,1970,2012
14010,1974,2012
14011,1982,2014
14012,1975,2012
14013,1970,2014
14014,1970,2014
14015,1976,2014
14016,1970,2014
14017,1970,2014
14018,1970,2014
14019,1972,2014
14020,1970,2012
14021,1970,2012
14022,1970,2014
14023,1970,2014
14024,1976,2014
14025,1970,2014
14026,1970,2014
14027,1970,2014
14028,1970,2014
14029,1970,2012
14030,1970,2014
14031,1970,2014
14032,1970,2014
14033,1972,2014
14034,1970,2012
14035,1970,2014
14036,1970,2014
14037,1970,2014
14038,1970,2014
14039,1970,2014
14040,1970,2014
14041,1970,2014
14042,1970,2012
14043,1970,2014
14044,1970,2014
14045,1970,2014
14046,1974,2014
14047,1974,2014
14048,1970,2014
14049,1970,2014
14050,1970,2014
14051,1970,2014
14052,1973,2014
14053,1970,2014
14054,1971,2014
14055,1974,2014
14056,1974,2014
14057,1970,2014
14058,1982,2014
14059,1974,2012
14060,1970,2014
14061,1982,2014
14062,1974,2012
14063,1970,2014
14064,1986,2014
14065,1974,2012
14066,1970,2014
14067,1970,2014
14068,1970,2014
14069,1970,2014
14070,1973,2014
14071,1970,2014
14072,1980,2014
14073,1970,2014
14074,1970,2014
14075,1970,2014
14076,1970,2014
14077,1970,2014
14078,1977,2014
14079,1970,2014
14080,1970,2014
14081,1970,2014
14082,1970,2014
14083,1973,2014
14096,1976,2014
14097,1989,2014
14098,1970,2014
14099,1973,2014
14113,1989,2014
14114,1970,2012
14115,1973,2014
14116,1974,2014
14117,1970,2014
14118,1972,2012
14119,1989,2014
14120,1973,2014
14121,1970,2014
14122,1974,2014
14123,1974,2014
14124,1970,2014
14125,1972,2014
14126,1973,2014
14127,1970,2014
14128,1970,2014
14132,1970,2014
14147,1970,2012
14148,1971,2014
14149,1970,2014
14150,1976,2014
14151,1970,2014
14152,1970,2014
14153,1986,2014
14161,1970,2014
14162,1970,2012
14163,1970,2014
14164,1974,2014
14165,1974,2014
14166,1970,2014
14167,1972,2014
14168,1970,2014
14169,1974,2014
14170,1974,2014
14171,1970,2014
14172,1972,2014
14173,1973,2014
14174,1976,2014
14175,1970,2014
14176,1970,2014
14177,1970,2012
14178,1974,2014
14179,1970,2014
14180,1970,2014
14181,1976,2014
14182,1989,2014
14183,1970,2014
14184,1970,2014
14185,1970,2014
14186,1972,2014
14187,1974,2012
14188,1973,2014
14189,1970,2012
14190,1970,2014
14191,1970,2014
14192,1970,2014
14193,1970,2014
14194,1970,2014
14195,1970,2014
14196,1974,2012
14197,1970,2012
14198,1970,2014
14205,1970,2012
14206,1974,2012
14207,1970,2014
14208,1970,2014
14209,1972,2014
14210,1976,2014
14211,1970,2014
14212,1970,2014
14213,1974,2012
14214,1986,2014
14218,1977,2014
14219,1970,2012
14220,1974,2014
14221,1974,2014
14222,1970,2014
14223,1973,2014
14224,1970,2014
14225,1974,2014
14226,1970,2014
14227,1974,2012
14228,1970,2014
14229,1972,2012
14230,1970,2014
14231,1970,2014
14232,1970,2014
14233,1974,2014
14234,1974,2014
14235,1970,2014
14236,1970,2014
14237,1970,2014
14238,1972,2014
14239,1973,2014
14240,1970,2014
14241,1973,2014
14253,1974,2012
14254,1989,2014
14255,1970,2014
14256,1970,2012
14257,1970,2014
14258,1970,2014
14259,1970,2014
14260,1970,2014
14261,1986,2014
14262,1978,2012
14263,1974,2014
14264,1970,2014
14265,1974,2014
14266,1970,2014
14267,1970,2014
14268,1970,2014
14269,1973,2012
14270,1970,2014
14271,1974,2014
14272,1973,2014
14273,1970,2014
14274,1976,2014
14275,1970,2014
14276,1986,2014
14277,1970,2014
14278,1970,2014
14279,1970,2014
14280,1970,2014
14281,1976,2014
14282,1989,2014
14283,1970,2014
14284,1970,2014
14285,1970,2014
14286,1970,2014
14287,1982,2014
14288,1970,2014
14289,1970,2014
14290,1970,2014
14291,1970,2012
14292,1989,2014
14293,1970,2014
14302,1970,2012
14303,1970,2014
14304,1970,2014
14305,1970,2014
14306,1976,2014
14307,1989,2014
14308,1970,2014
14309,1970,2014
14310,1970,2014
14311,1970,2014
14312,1973,2014
14313,1974,2012
14314,1986,2014
14315,1972,2012
14316,1970,2014
14317,1974,2014
14318,1970,2014
14319,1974,2014
14320,1974,2014
14321,1970,2014
14322,1970,2014
14323,1970,2014
14324,1973,2014
14325,1970,2014
14326,1970,2014
14332,1970,2012
14333,1970,2014
14334,1980,2014
14335,1989,2014
14336,1970,2012
14337,1970,2014
14338,1970,2014
14340,1970,2014
14341,1974,2014
14342,1974,2014
14343,1970,2014
14344,1972,2014
14345,1973,2014
14346,1972,2012
14347,1970,2014
14348,1972,2014
14349,1970,2014
14350,1974,2014
14351,1970,2014
14352,1970,2014
14353,1970,2014
14354,1970,2014
14355,1978,2014
14356,1970,2012
14357,1970,2014
14358,1973,2014
14359,1970,2012
14360,1974,2014
14361,1970,2014
14362,1970,2014
14363,1988,2014
14364,1970,2014
14365,1970,2014
14366,1970,2014
14367,1970,2014
14368,1970,2012
14369,1982,2014
14370,1973,2014
14371,1970,2014
14372,1976,2014
14373,1989,2014
14374,1970,2014
14375,1972,2012
14376,1970,2014
14377,1974,2014
14378,1974,2014
14379,1970,2012
14380,1970,2014
14381,1973,2014
14382,1974,2012
14383,1971,2014
14384,1970,2014
14385,1970,2014
14386,1970,2014
14387,1976,2014
14388,1989,2014
14389,1970,2014
14390,1970,2014
14391,1970,2014
14392,1970,2014
14393,1986,2014
14394,1970,2014
14395,1986,2014
14396,1970,2014
14397,1970,2014
14398,1970,2014
14399,1970,2014
14400,1970,2014
14401,1976,2014
14402,1989,2014
14403,1970,2014
14404,1972,2014
14405,1973,2014
14406,1970,2014
14407,1970,2014
14408,1970,2014
14409,1970,2014
14410,1970,2014
14411,1974,2014
14412,1974,2014
14413,1970,2014
14414,1973,2014
14415,1976,2014
14416,1970,2012
14417,1975,2012
14418,1973,2014
14419,1989,2014
14420,1970,2014
14421,1970,2014
14422,1970,2014
14423,1970,2014
14424,1970,2014
14425,1977,2014
14426,1977,2014
14427,1970,2014
14428,1970,2014
14429,1970,2014
14430,1970,2014
14431,1973,2014
14432,1970,2014
14433,1970,2012
14434,1970,2012
14443,1970,2014
14444,1970,2014
14445,1970,2014
14446,1970,2014
14447,1970,2014
14448,1974,2014
14449,1974,2014
14450,1970,2014
14451,1986,2014
14452,1974,2012
14453,1970,2014
14454,1982,2014
14455,1970,2012
14456,1970,2014
14457,1970,2014
14458,1970,2014
14459,1970,2014
14460,1970,2014
14466,1970,2014
14467,1970,2014
14468,1970,2014
14469,1970,2014
14470,1974,2014
14471,1974,2014
14472,1970,2014
14473,1970,2014
14474,1970,2014
14475,1970,2014
14476,1973,2014
14477,1970,2012
14478,1970,2012
14479,1970,2012
14480,1970,2014
14481,1970,2014
14482,1970,2014
14483,1989,2014
14484,1970,2014
14485,1970,2014
14486,1970,2014
14487,1970,2014
14488,1970,2014
14489,1974,2014
14490,1974,2014
14491,1970,2014
14492,1973,2014
14493,1970,2014
14494,1970,2014
14495,1970,2014
14496,1974,2014
14497,1974,2014
14498,1970,2014
14499,1970,2014
14500,1973,2014
14501,1970,2014
14502,1970,2014
14503,1972,2014
14504,1974,2012
14505,1970,2014
14506,1970,2014
14507,1970,2014
14508,1989,2014
14509,1986,2014
14510,1976,2014
14511,1982,2014
14512,1970,2014
14513,1970,2012
14514,1974,2012
14515,1970,2014
14516,1970,2014
14517,1970,2014
14518,1970,2014
14519,1972,2012
14520,1970,2014
14521,1970,2014
14522,1970,2014
14523,1979,2014
14524,1982,2014
14525,1970,2014
14526,1970,2014
14527,1970,2014
14528,1972,2014
14529,1975,2012
14530,1970,2014
14531,1970,2012
14532,1972,2012
14533,1974,2014
14534,1974,2014
14535,1974,2014
14536,1970,2014
14537,1973,2014
14538,1970,2014
14545,1970,2014
14546,1970,2015
14550,1977,2015
14552,1970,2015
14558,1972,2012
14559,1970,2014
14560,1973,2014
14561,1973,2012
14608,1970,2012
14609,1971,2015
14610,1971,2012
14635,1970,2015
14636,1970,2012
14637,1977,2014
14638,1973,2014
14639,1970,2012
14657,1974,2015
14658,1970,2015
14659,1970,2014
14660,1970,2014
14673,1970,2014
14674,1970,2014
14675,1970,2015
14676,1976,2014
14677,1970,2014
14678,1970,2015
14684,1973,2012
14685,1970,2015
14686,1970,2014
14687,1970,2014
14688,1974,2014
14689,1970,2014
14690,1973,2014
14691,1970,2015
14692,1970,2012
14693,1970,2014
14694,1970,2014
14695,1975,2014
14696,1970,2014
14697,1970,2014
14698,1970,2014
14699,1970,2014
14700,1970,2015
14701,1970,2012
14707,1970,2014
14712,1973,2014
14713,1970,2014
14717,1974,2015
14722,1970,2012
14744,1970,2015
14745,1976,2014
14746,1970,2012
14747,1970,2012
14748,1970,2012
14749,1970,2014
14750,1970,2014
14754,1970,2015
14755,1970,2014
14756,1970,2014
14757,1970,2014
14758,1970,2015
14759,1974,2012
14760,1970,2012
14761,1970,2012
14762,1980,2012
14763,1970,2012
14764,1970,2012
14765,1986,2012
14774,1970,2014
14778,1973,2012
14779,1970,2014
14780,1970,2014
14781,1970,2014
14782,1970,2014
14783,1970,2015
14784,1972,2012
14785,1970,2014
14786,1974,2014
14787,1989,2012
14788,1970,2014
14789,1972,2014
14790,1970,2015
14791,1970,2012
14796,1970,2015
14797,1976,2014
14798,1970,2012
14799,1983,2015
14800,1970,2014
14808,1970,2012
14809,1975,2012
14810,1970,2014
14811,1970,2014
14812,1978,2014
14813,1970,2014
14814,1970,2014
14815,1970,2014
14816,1972,2014
14817,1974,2012
14818,1970,2012
14819,1970,2015
14820,1970,2015
14821,1974,2014
14822,1974,2014
14823,1970,2014
14824,1986,2014
14825,1970,2015
14826,1974,2014
14827,1974,2014
14828,1973,2014
14859,1988,2001
14860,1988,2003
14861,1975,1997
14862,1970,1989
14874,1988,2003
14875,1988,2003
17647,1970,2015
17788,2000,2013
17804,1974,2006
17806,1997,2009
17824,1991,2014
17825,1991,2014
17843,1993,2013
17844,1993,2013
17875,1994,2005
17878,1974,2004
17881,1994,2005
17882,1975,2004
17894,1994,2004
17895,1975,2004
17896,1994,2004
17897,1975,2004
17899,1994,2005
17901,1976,2004
18054,1970,2015
18055,1970,2014
18056,1975,2015
18057,1986,2014
18058,1970,2014
18059,1970,2014
18060,1970,2014
18092,2000,2014
18093,2004,2014
18125,1974,2014
18130,1973,2014
18131,1970,2014
18132,1970,2014
18133,1970,2014
18134,1989,2014
18135,1970,2014
18136,1970,2014
18137,1986,2014
18138,1980,2014
18139,1970,2014
18140,1978,2014
18141,1981,2014
18142,1980,2014
18143,1976,2014
18144,1974,2014
18145,1970,2014
18146,1974,2014
18147,1974,2014
18148,1970,2014
18149,1973,2014
18150,1970,2014
18151,1970,2014
18152,1986,2014
18153,1970,2014
18154,1974,2014
18155,1974,2014
18157,1972,2014
18160,1974,2014
18161,1970,2014
18162,1970,2014
18163,1974,2014
18164,1982,2014
18165,1978,2014
18166,1974,2014
18167,1970,2014
18168,1970,2014
18169,1970,2014
18170,1972,2014
18171,1986,2014
18172,1972,2014
18173,1970,2014
18174,1970,2014
18175,1989,2014
18176,1970,2014
18177,1970,2014
18178,1974,2014
18179,1974,2014
18180,1982,2014
18181,1970,2015
18182,1970,2014
18183,1970,2014
18184,1974,2014
18185,1970,2014
18186,1972,2014
18187,1976,2014
18188,1970,2014
18189,1980,2014
18190,1972,2014
18191,1970,2014
18192,1970,2014
18193,1970,2014
18194,1970,2014
18195,1970,2014
18196,1971,2014
18197,1974,2014
18198,1974,2014
18199,1974,2014
18200,1992,2014
18201,1970,2014
18202,1970,2014
18203,1970,2014
18204,1970,2014
18205,1970,2014
18206,1970,2014
18207,1970,2014
18208,1973,2014
18209,1974,2014
18210,1974,2014
18211,1980,2014
18212,1972,2014
18213,1970,2014
18214,1976,2014
18215,1974,2014
18216,1970,2014
18217,1977,2014
18218,1970,2014
18219,1972,2014
18220,1970,2014
18221,1970,2015
18222,1970,2014
18223,1970,2015
18224,1970,2014
18225,1970,2014
18226,1970,2014
18228,1970,2015
18229,1974,2014
18230,1977,2014
18588,1999,2010
18590,1999,2010
18592,2000,2010
18668,1998,2010
18670,2000,2010
18671,1999,2010
18747,2001,2010
18794,2010,2011
18795,2010,2011
18806,2009,2011
18807,2009,2011
18809,2009,2011
18810,2009,2011
18811,2009,2011
18812,2009,2011
18813,2009,2011
18814,2009,2011
18815,2009,2011
18817,2009,2011
18818,2009,2011
18821,2009,2011
18822,2009,2013
18824,2009,2013
18825,2009,2013
18827,2009,2013
18828,2009,2013
18844,2009,2013
18891,1988,2011
20241,2007,2012
20346,2007,2012
20509,1978,2015
20510,1978,2015
21306,1975,2015
21308,1970,2015
21309,1970,2015
21316,1975,2015
21328,1975,2015
21334,1970,2015
21336,1970,2015
21340,1970,2015
21341,1971,2015
21344,1970,2015
21351,1970,2015
21352,1970,2015
21353,1989,2015
21354,2000,2015
21682,1984,2013
21683,2000,2010
22160,2007,2012
