population_id,1970,1971,1972,1973,1974,1975,1976,1977,1978,1979,1980,1981,1982,1983,1984,1985,1986,1987,1988,1989,1990,1991,1992,1993,1994,1995,1996,1997,1998,1999,2000,2001,2002,2003,2004,2005,2006,2007,2008,2009,2010,2011,2012,2013,2014,2015
11621,1,-1,-1,-1,-1,-1,-1,-1,-1,-1,-1,-1,-1,-1,-1,-1,-1,-1,-1,-1,-1,-1,-1,-1,-1,-1,-1,-1,-1,-1,-1,-1,-1,-1,-1,-1,-1,-1,-1,-1,-1,-1,-1,-1,-1,-1
5632,1,-1,-1,-0.0499279712729714,-0.0499279712729717,-0.0499279712729712,-0.0499279712729717,-0.0499279712729714,-0.0499279712729714,-0.0499279712729717,-0.0499279712729714,-0.0499279712729717,-0.0499279712729714,-0.0499279712729717,1.15381486434453,0.106455330914287,0.0029712395157655,-0.135596804790357,0.229336771008906,-0.0148112333034005,-0.0148112333034005,0.0179697943152468,0.0179697943152468,0.00556612277683666,0.00556612277683666,0.00556612277683621,0.00556612277683666,0.0055661227768371,0.00556612277683621,0.00556612277683666,-1,-1,-1,-1,-1,-1,-1,-1,-1,-1,-1,-1,-1,-1,-1,-1
5915,1,-1,-1,-1,-1,-1,-1,-1,-1,-1,-1,-1,-1,-1,-1,-1,-1,-1,-1,-1,-1,0.0425053948541743,0.0425053948541744,-0.0608667983665443,-0.0608667983665442,-1,-1,-1,-1,-1,-1,-1,-1,-1,-1,-1,-1,-1,-1,-1,-1,-1,-1,-1,-1,-1
18647,1,-1,-1,-1,-1,-1,-1,-1,-1,-1,-1,-1,-1,-1,-1,-1,-1,-1,-1,-1,-1,-1,-1,-1,-1,-1,-1,-1,-1,-1,-1,-1,-1,-1,-1,-1,-1,0.061269656738923,-1,-1,-1,-1,-1,-1,-1,-1
9040,1,0.0174206957390223,0.0174206957390224,0.0174206957390224,0.0174206957390224,0.0174206957390222,0.0174206957390224,0.0174206957390224,0.0174206957390224,0.0174206957390222,0.0174206957390224,0.0174206957390224,0.0174206957390222,0.0174206957390226,0.0197953115119061,0.0197953115119063,0.0197953115119061,0.0197953115119063,-0.10693990997254,-0.106939909972541,0.0725506671486116,-0.0305265547202902,-0.0305265547202904,-0.0305265547202902,-0.0305265547202902,-0.0305265547202904,-0.0305265547202902,-0.0305265547202903,-0.0305265547202902,-0.0305265547202904,-0.0305265547202902,-0.0305265547202903,-0.150514997831991,-0.150514997831991,-1,-1,-1,-1,-1,-1,-1,-1,-1,-1,-1,-1
9044,1,-1,-1,-1,-1,-1,-1,-1,-1,-1,-1,-1,-1,0.0324405300279393,0.0322289912363924,0.0317754615151784,0.0311489684235686,0.0304183591177127,0.0297713795041794,0.0291808868495329,0.028399377543715,0.0272604671809644,0.0258529786883541,0.0243784715428694,0.0229398505354232,0.0215405888354119,0.0202184073187144,0.0190756796825031,0.0181956401680625,0.0176138378437132,0.0173645110560288,0.0174569574240362,0.0177760164615957,0.0180938603707284,0.0182490704415526,0.0182711715928208,-1,-1,-1,-1,-1,-1,-1,-1,-1,-1
10942,1,0.117041603016684,0.117041603016684,0,0,-0.00944714022234994,-0.00944714022234994,-0.00944714022234994,-0.00944714022234994,0,0,0,0.0362753335743058,0.0362753335743058,-0.0725506671486116,-0.0413926851582251,0.0791812460476249,0,0,0,-0.0377885608893997,0.134698573897456,0.00700718090006069,0.00700718090006092,0.00700718090006092,0.00700718090006092,0.0484550065040281,0.0484550065040283,-0.0457574905606752,0.0234810958495228,0.0217328468905453,0.0217328468905451,-0.0211892990699381,0.0211892990699381,-1,-1,-1,-1,-1,-1,-1,-1,-1,-1,-1,-1
5914,1,-1,-1,-1,-1,-1,-1,-1,-1,-1,-1,-1,-1,-1,-1,-1,-1,-1,-1,-1,-1,0.0559868797219661,0.0559868797219663,0.00391266875597823,0.00391266875597834,-1,-1,-1,-1,-1,-1,-1,-1,-1,-1,-1,-1,-1,-1,-1,-1,-1,-1,-1,-1,-1
18650,1,-1,-1,-1,-1,-1,-1,-1,-1,-1,-1,-1,-1,-1,-1,-1,-1,-1,-1,-1,-1,-1,-1,-1,-1,-1,-1,-1,-1,-1,-1,-1,-1,-1,-1,-1,-1,-0.144682794804057,-1,-1,-1,-1,-1,-1,-1,-1
5631,1,0.0240286974708956,0.0202890613313653,0.0139312968207306,0.0094414350128158,0.00794098367604112,0.0094299428104252,0.0149470673511121,0.0276827107689339,0.0426690381255348,0.049324410958409,0.0413998124117207,0.0220143203916714,0.00774533858453008,0.00273721791186254,0.00663667437410309,0.0163304333350918,0.0234003150309876,0.0213620714681295,0.0113022867034474,-0.000771177242300691,-0.0114676699674057,-0.0240057535222409,-0.0439128320292266,-0.0706901827617976,-0.0947131686549767,-0.103993426864518,-0.0953090533726249,-0.0788281040418406,-0.0690204710365216,-1,-1,-1,-1,-1,-1,-1,-1,-1,-1,-1,-1,-1,-1,-1,-1
18630,1,-1,-1,-1,-1,-1,-1,-1,-1,-1,-1,-1,-1,-1,-1,-1,-1,-1,-1,-1,-1,-1,-1,-1,-1,-1,-1,-1,-1,-1,-1,-1,-1,-1,0.00721018765434819,0.00721018765434815,0.00721018765434825,-1,-1,-1,-1,-1,-1,-1,-1,-1
10507,1,-1,-1,-1,-1,-1,-1,-1,-1,-1,-1,-1,-1,-1,-1,-1,-1,-1,-1,-1,-1,-1,-1,-1,-1,-1,-1,-1,-1,-1,-1,-1,-1,-1,-1,0.112221856841084,0.187565521431801,-0.130196906414805,-1,-1,-1,-1,-1,-1,-1,-1
11446,1,-1,-1,0.0558708570533166,0.0558708570533166,0.0558708570533164,0.0558708570533168,0.0558708570533164,0.0558708570533164,0.0558708570533168,0.0558708570533164,0.0558708570533168,0.0558708570533164,-1,-1,-1,-1,-1,-1,-1,-1,-1,-1,-1,-1,-1,-1,-1,-1,-1,-1,-1,-1,-1,-1,-1,-1,-1,-1,-1,-1,-1,-1,-1,-1,-1
11559,1,-1,-1,-1,-1,-1,-1,-1,-1,-1,-1,0.00121683486517821,0.00121683486517821,0.00121683486517821,0.00121683486517821,0.0012168348651791,0.00121683486517821,0.00121683486517821,0.00121683486517821,0.00121683486517821,0.0012168348651791,0.00121683486517821,0.00121683486517821,0.00121683486517821,0.0012168348651791,-1,-1,-1,-1,-1,-1,-1,-1,-1,-1,-1,-1,-1,-1,-1,-1,-1,-1,-1,-1,-1
11619,1,-1,-1,-1,-1,-1,-1,-1,-1,-1,-1,-1,-1,-0.0438532837058818,0.041392685158225,-0.084144665579175,0.0866052641268318,-1,-1,-1,-1,-1,-1,-1,-1,-1,-1,-1,-1,-1,-1,-1,-1,-1,-1,-1,-1,-1,-1,-1,-1,-1,-1,-1,-1,-1
5633,1,-1,-1,0.00267125251683709,0.00267125251683709,0.00267125251683753,0.00267125251683709,0.00267125251683709,0.00267125251683753,0.00267125251683709,0.00267125251683753,0.00267125251683709,0.00267125251683709,0.00267125251683709,0.0878875179705547,0.0236555463366659,0.0428173812917767,0.00845140256224308,-0.00750419502885125,0.0163962566981541,0.0163962566981537,0.013190272610085,0.0131902726100854,0.00659573170406302,0.00659573170406302,0.00659573170406302,0.00659573170406302,0.00659573170406302,0.00659573170406302,0.00659573170406302,-1,-1,-1,-1,-1,-1,-1,-1,-1,-1,-1,-1,-1,-1,-1,-1
5916,1,-1,-1,-1,-1,-1,-1,-1,-1,-1,-1,-1,-1,-1,-1,-1,-1,-1,-1,-1,-1,-0.0766141880480885,-0.0766141880480885,0,0,-1,-1,-1,-1,-1,-1,-1,-1,-1,-1,-1,-1,-1,-1,-1,-1,-1,-1,-1,-1,-1
18640,1,-1,-1,-1,-1,-1,-1,-1,-1,-1,-1,-1,-1,-1,-1,-1,-1,-1,-1,-1,-1,-1,-1,-1,-1,-1,-1,-1,-1,-1,-1,-1,-1,-1,-1,-1,-1,0.256320260694499,-1,-1,-1,-1,-1,-1,-1,-1
259,1,-1,-1,-0.0391313909012623,-0.0391313909012627,-0.0391313909012623,-0.0391313909012627,-0.0391313909012623,-0.0391313909012627,-0.0391313909012623,-0.0391313909012627,-0.0391313909012623,0.0215021425474271,0.0215021425474271,0.0215021425474275,0.0215021425474271,0.0215021425474271,0.0215021425474271,0.0215021425474275,0.0215021425474271,0.0215021425474271,0.0215021425474275,0.0215021425474271,0.0215021425474271,0.0215021425474271,0.0215021425474275,-1,-1,-1,-1,-1,-1,-1,-1,-1,-1,-1,-1,-1,-1,-1,-1,-1,-1,-1,-1
18314,1,-1,-1,-1,0.0432894784593785,0.0432261124057347,0.0505834071636913,0.0629331086086551,0.066718721027569,0.0599203899314085,0.0591867533204669,0.0710571729527731,0.0703255234727314,0.0293905342939413,-0.0344721051392054,-0.0654338751752443,-0.0314385068290401,0.0364537470627071,0.0791348878509384,0.0716420076504267,0.0358750217188666,0.00149244269722315,-0.0234141360629412,-0.040863261581221,-0.0439017291764996,-0.0240997097888274,0.0099084378839458,0.0354801298660394,0.0383546702706088,0.0251714205850324,0.0132349780664556,-1,-1,-1,-1,-1,-1,-1,-1,-1,-1,-1,-1,-1,-1,-1
261,1,-1,-1,-1,0.0203597866200075,0.0203597866200074,0.0203597866200075,0.0203597866200075,0.0203597866200075,-0.0508994665500187,-0.0508994665500187,0,0,-0.0139977807361251,-0.0139977807361252,-0.0139977807361252,-0.0139977807361251,-0.0139977807361252,-0.0139977807361251,-0.0139977807361252,-0.0139977807361252,-0.0139977807361251,-0.0139977807361251,-0.0139977807361252,-0.0139977807361252,-1,-1,-1,-1,-1,-1,-1,-1,-1,-1,-1,-1,-1,-1,-1,-1,-1,-1,-1,-1,-1
5903,1,-1,-1,-1,-1,-1,-1,-1,-1,-1,-1,-1,-1,-1,-1,-1,-1,-1,-1,-1,-1,0.0510220645035645,0.0510220645035645,-0.0771860046812225,-0.0771860046812225,-1,-1,-1,-1,-1,-1,-1,-1,-1,-1,-1,-1,-1,-1,-1,-1,-1,-1,-1,-1,-1
18885,1,-1,-1,-1,-1,-1,-1,-1,-1,-1,-1,-1,-1,-1,-1,-1,-1,-1,-1,-1,-1,-1,-1,-1,-1,-1,-1,-1,-1,-1,-1,-1,-1,-1,-1,-1,-1,-1,-1,0.0881611352406489,-0.0824134203454478,0.0435110076691465,-0.109032676157898,-1,-1,-1
18786,1,-1,-1,-1,-1,-1,-1,-1,-1,-1,-1,-1,-1,-1,-1,-1,-1,-1,-1,-1,-1,-1,-1,-1,-1,-1,-1,-1,-1,-1,-1,-1,-1,-1,-1,-1,-1,-1,-1,-1,-0.477447179299239,-1,-1,-1,-1,-1
18520,1,-1,-1,-1,-1,0.138070683943207,-1,-1,-1,-1,-1,-1,-1,-1,-1,-1,-1,-1,-1,-1,-1,-1,-1,-1,-1,-1,-1,-1,-1,-1,-1,-1,-1,-1,-1,-1,-1,-1,-1,-1,-1,-1,-1,-1,-1,-1
4887,1,-1,-1,-1,-1,-1,-1,-1,-1,-1,-1,-0.0395240263205807,-0.039650179552142,-0.0401196640258166,-0.0411067368405753,-0.0426258317082788,-0.0446363228424294,-0.0471613518109499,-0.0502567598413965,-0.0539335060161856,-0.0581666556979756,-0.0628810429055391,-0.0677774122541559,-0.0721913529068832,-0.0753188129073449,-0.0767436539452723,-0.0767633786823771,-0.0761722300443755,-0.0757158696168617,-1,-1,-1,-1,-1,-1,-1,-1,-1,-1,-1,-1,-1,-1,-1,-1,-1
18519,1,-1,-1,-1,-1,-0.510506451379062,-1,-1,-1,-1,-1,-1,-1,-1,-1,-1,-1,-1,-1,-1,-1,-1,-1,-1,-1,-1,-1,-1,-1,-1,-1,-1,-1,-1,-1,-1,-1,-1,-1,-1,-1,-1,-1,-1,-1,-1
4601,1,-1,-1,-1,-1,-1,-1,-1,-1,-1,-1,-1,-1,-1,-1,-1,-1,-1,-0.0619214810680861,-0.0619214810680431,-0.0619214810679249,-0.0619214810678113,-0.0619214810679187,-0.0619214810683728,-0.0619214810689865,-0.0619214810693954,-0.061921481069442,-0.0619214810693289,-1,-1,-1,-1,-1,-1,-1,-1,-1,-1,-1,-1,-1,-1,-1,-1,-1,-1
4600,1,-1,-1,-1,-1,-1,-1,-1,-1,-1,-1,-1,-1,-1,-1,-1,-1,-1,-0.475967861066612,-0.34705713054687,-0.121365455785094,0.0947585670958583,0.173405893733283,0.0724576598808834,-0.110254121546512,-0.220178705934375,-0.199286852619364,-0.134187253436298,-1,-1,-1,-1,-1,-1,-1,-1,-1,-1,-1,-1,-1,-1,-1,-1,-1,-1
18518,1,-1,-1,-1,-1,0.46052706303466,-1,-1,-1,-1,-1,-1,-1,-1,-1,-1,-1,-1,-1,-1,-1,-1,-1,-1,-1,-1,-1,-1,-1,-1,-1,-1,-1,-1,-1,-1,-1,-1,-1,-1,-1,-1,-1,-1,-1,-1
10964,1,-1,-1,-1,-1,-1,-1,-1,-1,-1,-1,-1,-1,-1,-1,-1,-1,-1,-1,-1,0.0290236962897236,0.0290236962898045,0.0290236962898998,0.0290236962899471,0.0290236962899819,0.0290236962900978,0.0290236962903305,0.029023696290623,0.0290236962908943,0.0290236962911103,0.0290236962912664,0.0290236962913371,0.0290236962912844,0.0290236962911194,0.0290236962909196,0.0290236962907746,0.0290236962907133,-1,-1,-1,-1,-1,-1,-1,-1,-1
18517,1,-1,-1,-1,-1,-0.510095328244283,-1,-1,-1,-1,-1,-1,-1,-1,-1,-1,-1,-1,-1,-1,-1,-1,-1,-1,-1,-1,-1,-1,-1,-1,-1,-1,-1,-1,-1,-1,-1,-1,-1,-1,-1,-1,-1,-1,-1,-1
4599,1,-1,-1,-1,-1,-1,-1,-1,-1,-1,-1,-1,-1,-1,-1,-1,-1,-1,-0.397940008672037,-0.346787486224656,0.221848749616356,-0.0299632233774434,0.285235728480749,-0.176091259055681,-0.410174465089049,-0.367976785294594,0.477121254719662,0.191885526238913,-1,-1,-1,-1,-1,-1,-1,-1,-1,-1,-1,-1,-1,-1,-1,-1,-1,-1
4597,1,-1,-1,-1,-1,-1,-1,-1,-1,-1,-1,-1,-1,-1,-1,-1,-1,-1,-0.653212513775344,-0.397940008672038,0.0969100130080565,0.301029995663981,0.267171728403014,-0.0367228070247398,-0.531478917042255,-0.698970004336019,0.653212513775344,0.0457574905606751,-1,-1,-1,-1,-1,-1,-1,-1,-1,-1,-1,-1,-1,-1,-1,-1,-1,-1
4876,1,-1,-1,-1,-1,-1,0.0933532514984274,0.0920933800678627,0.0910646083995839,0.0914950586731713,0.0923426391569571,0.0908976342384076,0.0852971992961149,0.0760412808546764,0.0651222269356557,0.0541885279841701,0.0438025181340924,0.034051115886176,0.0252319510609107,0.0178082628649427,0.0120931367993995,0.00826210216054424,0.00641939495122212,-1,-1,-1,-1,-1,-1,-1,-1,-1,-1,-1,-1,-1,-1,-1,-1,-1,-1,-1,-1,-1,-1,-1
262,1,-1,-1,-1,-1,-1,-1,0.158276007434458,0.12393040089579,0.0842547016744826,0.070165767092349,0.0797521439898339,0.0868125875658574,0.0761489879932054,0.0573228489161846,0.0455525475963015,0.0427098080585804,-1,-1,-1,-1,-1,-1,-1,-1,-1,-1,-1,-1,-1,-1,-1,-1,-1,-1,-1,-1,-1,-1,-1,-1,-1,-1,-1,-1,-1
258,1,-1,-1,-1,-1,-1,0.055462187404089,0.055462187404089,0.055462187404089,0.055462187404089,0.0554621874040895,0.055462187404089,0.055462187404089,0.055462187404089,-1,-1,-1,-1,-1,-1,-1,-1,-1,-1,-1,-1,-1,-1,-1,-1,-1,-1,-1,-1,-1,-1,-1,-1,-1,-1,-1,-1,-1,-1,-1,-1
11809,1,-1,-1,-1,-1,-1,-1,-1,-1,-1,-1,-1,-1,-1,-1,-1,-1,-1,-1,-1,-1,-1,-1,-1,-1,-1,-1,-1,-1,-1,-1,-1,-1,-1,-1,-1,-1,-0.176949040258699,-0.0450139823439509,-1,-1,-1,-1,-1,-1,-1
11804,1,-1,-1,-1,-1,-1,-1,-1,-1,-1,-1,-1,-1,-1,-1,-1,-1,-1,-1,-1,-1,-1,-1,-1,-1,-1,-1,-1,-1,-1,-1,-1,-1,-1,-1,-1,-1,0.272827866398865,-0.362005429176231,-1,-1,-1,-1,-1,-1,-1
11801,1,-1,-1,-1,-1,-1,-1,-1,-1,-1,-1,-1,-1,-1,-1,-1,-1,-1,-1,-1,-1,-1,-1,-1,-1,-1,-1,-1,-1,-1,-1,-1,-1,-1,-1,-1,-1,-0.0662862655764385,0.123782159408358,-1,-1,-1,-1,-1,-1,-1
11097,1,-1,-1,-1,-1,-1,-1,-1,-1,-1,-1,-1,-1,-1,-1,-1,-1,-1,-1,-1,-1,-1,-1,-1,-1,-1,-1,-1,-1,-1,-1,-1,-1,-1,-1,-1,-1,-0.0280287236002437,0.0543576623225928,-1,-1,-1,-1,-1,-1,-1
257,1,-1,-1,-1,-1,-1,-1,-0.511170387633783,-0.168017941080403,-0.168017941080403,-0.107084050197515,-0.107084050197516,-0.194040148046116,-0.194040148046116,-0.194040148046116,-0.194040148046116,-0.194040148046116,-0.194040148046116,-0.194040148046116,-1,-1,-1,-1,-1,-1,-1,-1,-1,-1,-1,-1,-1,-1,-1,-1,-1,-1,-1,-1,-1,-1,-1,-1,-1,-1,-1
14542,1,-1,-1,-1,-1,-1,-1,-1,-1,0.0362888471123606,0.0362888471123601,0.0362888471123606,0.0362888471123606,0.0362888471123601,0.0362888471123606,0.0362888471123606,0.0362888471123606,0.0362888471123606,0.0362888471123606,0.0362888471123606,0.0362888471123606,0.0362888471123606,0.0362888471123597,0.0362888471123606,0.0362888471123606,0.0362888471123606,0.0362888471123606,0.0362888471123606,0.0362888471123606,0.0362888471123606,0.0362888471123606,-1,-1,-1,-1,-1,-1,-1,-1,-1,-1,-1,-1,-1,-1,-1
4610,1,-1,-1,-1,-1,-1,-1,-1,-1,-1,-1,-1,-1,-1,-1,-1,-1,-1,-1,-1,-1,-1,0.107209969647868,-0.107209969647868,-1,-1,-1,-1,-1,-1,-1,-1,-1,-1,-1,-1,-1,-1,-1,-1,-1,-1,-1,-1,-1,-1
8732,1,-1,-1,-1,-1,-1,-1,-1,-1,-1,-0.0231306995383142,-0.0231306995383899,-0.0231306995385501,-0.0231306995387683,-0.0231306995389905,-0.0231306995391718,-0.0231306995393045,-0.0231306995394089,-0.0231306995395054,-0.0231306995396076,-0.0231306995397467,-0.023130699539981,-0.0231306995403581,-0.0231306995408575,-0.0231306995413828,-0.0231306995418227,-0.0231306995421229,-0.0231306995422997,-0.0231306995423952,-0.0231306995424366,-1,-1,-1,-1,-1,-1,-1,-1,-1,-1,-1,-1,-1,-1,-1,-1
6468,1,-1,-1,-1,-1,-1,-1,-1,-1,-1,0,-0.1249387366083,0.1249387366083,0,0.0484550065040282,0.0484550065040282,0.0791812460476248,-1,-1,-1,-1,-1,-1,-1,-1,-1,-1,-1,-1,-1,-1,-1,-1,-1,-1,-1,-1,-1,-1,-1,-1,-1,-1,-1,-1,-1
18613,1,-1,-1,-1,-1,-1,-1,-1,-1,-1,-1,-1,-1,-1,-1,-1,-1,-1,-1,-1,-1,-1,-1,-1,-1,-1,-1,-1,-1,-1,-1,-1,-1,-1,0.061529526457746,0.061529526457746,0.0615295264577459,-1,-1,-1,-1,-1,-1,-1,-1,-1
14939,1,-1,-1,-1,-1,-1,-1,-1,-1,-1,-1,-1,-0.0841527169119272,-0.0808835805605148,-0.0746496526791063,-0.0668422684819521,-0.0591882377772128,-0.0529984812291584,-0.048937838319183,-0.0470750801799924,-1,-1,-1,-1,-1,-1,-1,-1,-1,-1,-1,-1,-1,-1,-1,-1,-1,-1,-1,-1,-1,-1,-1,-1,-1,-1
5926,1,-1,-1,-1,-1,-1,-1,-1,-1,-1,-1,-1,-1,-1,-1,-1,-1,-1,-1,-1,-0.0184834056940133,0.0854301953246264,-0.112704280191288,0.0196546879964701,-1,-1,-1,-1,-1,-1,-1,-1,-1,-1,-1,-1,-1,-1,-1,-1,-1,-1,-1,-1,-1,-1
14957,1,-1,-1,-1,-1,-1,-1,-1,-1,-1,-1,-1,-1,-1,-1,-1,-1,-1,-1,-1,-1,-1,-0.352312565868556,-1,-1,-1,-1,-1,-1,-1,-1,-1,-1,-1,-1,-1,-1,-1,-1,-1,-1,-1,-1,-1,-1,-1
18803,1,-1,-1,-1,-1,-1,-1,-1,-1,-1,-1,-1,-1,-1,-1,-1,-1,-1,-1,-1,-1,-1,-1,-1,-1,-1,0.178175876686437,-1,-1,-1,-1,-1,-1,-1,-1,-1,-1,-1,-1,-1,-1,-1,-1,-1,-1,-1
19509,1,-1,-1,-1,-1,-1,-1,-1,-1,-1,-1,-1,-1,-1,-1,-1,-1,-1,-1,-1,-1,-1,-1,-1,-1,-1,-1,-1,-1,-1,-1,-1,-1,-1,-1,-1,-1,-0.130929100297487,-1,-1,-1,-1,-1,-1,-1,-1
14973,1,-1,-1,-1,-1,-1,-1,-1,-1,-1,-1,-1,-1,-1,-1,-1,-1,-1,-1,-1,-1,-1,-1,-1,-1,-1,-1,-1,-1,-1,-1,-1,-1,-1,-1,-1,-1,-1,-0.032303337669352,-0.0323033376693522,-0.204119982655925,-1,-1,-1,-1,-1
10915,1,-1,-1,-1,-1,-1,-1,-1,-1,-1,-1,-1,-0.00079846497029204,-0.00079846497029204,-0.000798464970292095,-0.000798464970292012,-0.000798464970292068,-0.000798464970292068,-0.00079846497029204,-0.00079846497029204,-0.00079846497029204,-0.000798464970292068,-0.00079846497029204,-0.000798464970292012,-0.000798464970292095,-0.000798464970292012,-0.000798464970292151,-0.000798464970291957,-0.000798464970292068,-0.000798464970292095,-0.000798464970292012,-0.000798464970292068,-0.000798464970292012,-0.000798464970292068,-0.000798464970292095,-0.00079846497029204,-1,-1,-1,-1,-1,-1,-1,-1,-1,-1
8708,1,-1,-1,-1,-1,-1,-1,-1,-1,-1,-1,-1,-1,-1,-1,-1,-1,-1,0.26449851999966,0.143055016365796,0.00327327697868851,-0.0409125771532532,0.0147122945703662,0.0641351888007322,0.00469018576671054,-0.151345455811462,-0.282341715600428,-1,-1,-1,-1,-1,-1,-1,-1,-1,-1,-1,-1,-1,-1,-1,-1,-1,-1,-1
10914,1,-1,-1,-1,-1,-1,-1,-1,-1,-1,-1,-1,-1,0.0051383522528341,0.00513835225283454,0.0051383522528341,0.0051383522528341,0.00513835225283454,0.0051383522528341,0.00513835225283454,0.0051383522528341,0.0051383522528341,0.00513835225283454,0.0051383522528341,0.00513835225283454,0.0051383522528341,0.0051383522528341,0.00513835225283454,0.0051383522528341,0.0051383522528341,0.00513835225283454,0.0051383522528341,0.00513835225283454,0.0051383522528341,-1,-1,-1,-1,-1,-1,-1,-1,-1,-1,-1,-1
9244,1,-1,-1,-1,-1,-1,-1,-1,-1,-1,-1,-1,-1,0.0368977475879748,0.0365798614248627,0.0358092361737394,0.0345623494396143,0.0330263178855921,0.0315254623682397,0.0303261808970194,0.0294774536847,0.0288367767119473,0.0282580413120608,0.0277538625984395,0.0274601914809529,-1,-1,-1,-1,-1,-1,-1,-1,-1,-1,-1,-1,-1,-1,-1,-1,-1,-1,-1,-1,-1
8548,1,-1,-1,-1,-1,-1,-1,-1,-1,-1,-1,-1,-1,-1,-1,-1,-1,-1,-1,0.313640344813399,0.313640344813399,0.313640344813399,0.313640344813399,0.0261536560538048,0.0261536560538048,0.0261536560538046,0.0261536560538049,0.0261536560538047,-0.0795880017344076,-0.0795880017344075,-0.0795880017344074,-0.0795880017344076,-0.0795880017344076,-1,-1,-1,-1,-1,-1,-1,-1,-1,-1,-1,-1,-1
9002,1,-1,-1,-1,-1,-1,-1,-1,-1,-1,-1,-1,-1,-1,-1,-1,-1,-1,-1,-1,0.305322538461137,-0.875675711443249,0.645071924246644,-0.685383228202327,-1,-1,-1,-1,-1,-1,-1,-1,-1,-1,-1,-1,-1,-1,-1,-1,-1,-1,-1,-1,-1,-1
8997,1,-1,-1,-1,-1,-1,-1,-1,-1,-1,-1,-1,-1,-1,-1,-1,-1,-1,-1,-1,-1,-0.0607814938060312,-0.0564137642894738,-0.0479323136860421,-0.0353951718593672,-0.0176060203876938,0.00556737887022218,0.029920552396371,0.0476577474249134,0.0524914796758154,0.0441448187866502,0.0279683347772968,0.0107715536960595,-0.00276980537089444,-0.0108555541865381,-0.0137751226792893,-0.013336003797993,-0.0121723246376169,-1,-1,-1,-1,-1,-1,-1,-1
260,1,-1,-1,-1,-1,-1,-1,-1,-1,-1,-1,-1,-1,-1,-0.123357051995447,-0.123357051995447,-0.123357051995447,-0.123357051995447,-0.123357051995447,-0.123357051995447,-0.123357051995447,-0.123357051995447,-0.123357051995447,-0.123357051995447,-0.123357051995447,-0.123357051995447,-0.123357051995447,-0.123357051995447,-1,-1,-1,-1,-1,-1,-1,-1,-1,-1,-1,-1,-1,-1,-1,-1,-1,-1
5917,1,-1,-1,-1,-1,-1,-1,-1,-1,-1,-1,-1,-1,-1,-1,-1,-1,-1,-1,-1,-1,0.0902280322290657,0.0902280322290656,-0.0837455436468818,-0.0837455436468818,-1,-1,-1,-1,-1,-1,-1,-1,-1,-1,-1,-1,-1,-1,-1,-1,-1,-1,-1,-1,-1
11298,1,-1,-1,-1,-1,-1,-1,-1,-1,-1,-1,-1,-1,-1,-1,-1,-0.0234989112221227,-0.0221940237893976,-0.0194459222726289,-0.0153621329422506,-0.00999512529578439,-0.00298079985176858,0.00636623520371726,0.0183354169265055,0.0319013820744942,0.0450530016747901,0.0567618474103873,0.0645217721039877,0.0669094310211436,0.0644219888581785,0.0585385007347821,0.0507676102757335,0.0425543308535745,0.0355907443302534,0.0314292112118935,0.0306103518319802,0.032586724790328,0.0345783009751242,-1,-1,-1,-1,-1,-1,-1,-1
5899,1,-1,-1,-1,-1,-1,-1,-1,-1,-1,-1,-1,-1,-1,-1,-1,-1,-1,-1,-1,-1,0.259936617570306,0.259936617570306,0.0555752260613332,0.0555752260613334,-1,-1,-1,-1,-1,-1,-1,-1,-1,-1,-1,-1,-1,-1,-1,-1,-1,-1,-1,-1,-1
19795,1,-1,-1,-1,-1,-1,-1,-1,-1,-1,-1,-1,-1,-1,-1,-1,-1,-1,-1,-1,-1,-1,-1,-1,-1,-1,-1,-1,-1,-1,-1,-1,-1,-1,-1,-0.0579520265361824,-0.0579520265361824,-1,-1,-1,-1,-1,-1,-1,-1,-1
18495,1,-1,-1,-1,-1,-1,-1,-1,-1,-1,-1,-1,-1,-1,-1,-1,-1,-1,-1,-1,-1,-1,-1,-1,-1,-1,-1,-1,-1,-1,-1,-1,-1,-1,-1,-1,-0.214331519468748,-0.176419399971861,-0.312404312440321,0.157576510434236,0.157576510434236,-0.0468679681443284,0.159046291904268,0.0102596707683578,0.0102596707683578,-0.175442896931921
18483,1,-1,-1,-1,-1,-1,-1,-1,-1,-1,-1,-1,-1,-1,-1,-1,-1,-1,-1,-1,-1,-1,-1,-1,-1,-1,-1,-1,-1,-1,-1,-1,-1,-1,-1,-1,0.377486178841211,0.546141652847697,-1,-1,-1,-1,-1,-1,-1,-1
14942,1,-1,-1,-1,-1,-1,-1,-1,-1,-1,-1,-1,-1,-1,-1,-1,-1,-1,-1,-1,-1,-1,-1,-1,-1,-1,-1,-1,-1,-1,-1,-1,-1,-1,-1,-1,-1,-1,-1,0,-1,-1,-1,-1,-1,-1
4603,1,-1,-1,-1,-1,-1,-1,-1,-1,-1,-1,-1,-1,-1,-1,-1,-1,-1,-0.0266955794798039,-0.0266955794792853,-0.0266955794786685,-0.026695579478345,-0.0266955794781605,-0.0266955794776209,-0.0266955794765213,-0.0266955794751907,-0.0266955794741443,-0.0266955794736411,-1,-1,-1,-1,-1,-1,-1,-1,-1,-1,-1,-1,-1,-1,-1,-1,-1,-1
4602,1,-1,-1,-1,-1,-1,-1,-1,-1,-1,-1,-1,-1,-1,-1,-1,-1,-1,-0.467114908437659,-0.261961799463872,0.000171557765303004,0.126172000642261,0.060514514031617,-0.0845741639914607,-0.153930081601794,-0.0828998074531072,0.0689410895220286,0.18377130538894,-1,-1,-1,-1,-1,-1,-1,-1,-1,-1,-1,-1,-1,-1,-1,-1,-1,-1
9003,1,-1,-1,-1,-1,-1,-1,-1,-1,-1,-1,-1,-1,-1,-1,-1,-1,-1,-1,-1,0.0117067595332504,0.661097432520367,-0.527015316472198,0.00840054202643137,-1,-1,-1,-1,-1,-1,-1,-1,-1,-1,-1,-1,-1,-1,-1,-1,-1,-1,-1,-1,-1,-1
5928,1,-1,-1,-1,-1,-1,-1,-1,-1,-1,-1,-1,-1,-1,-1,-1,-1,-1,-1,-1,0.375663613960885,-0.0234810958495228,-0.352182518111362,0.419129307741976,-1,-1,-1,-1,-1,-1,-1,-1,-1,-1,-1,-1,-1,-1,-1,-1,-1,-1,-1,-1,-1,-1
5908,1,-1,-1,-1,-1,-1,-1,-1,-1,-1,-1,-1,-1,-1,-1,-1,-1,-1,-1,-1,-1,-0.041487117532382,-0.041487117532382,-0.0513311709485739,-0.0513311709485739,-1,-1,-1,-1,-1,-1,-1,-1,-1,-1,-1,-1,-1,-1,-1,-1,-1,-1,-1,-1,-1
18805,1,-1,-1,-1,-1,-1,-1,-1,-1,-1,-1,-1,-1,-1,-1,-1,-1,-1,-1,-1,-1,-1,-1,-1,-1,-0.330699532143401,-1,-1,-1,-1,-1,-1,-1,-1,-1,-1,-1,-1,-1,-1,-1,-1,-1,-1,-1,-1
18741,1,-1,-1,-1,-1,-1,-1,-1,-1,-1,-1,-1,-1,-1,-1,-1,-1,-1,-1,-1,-1,-1,-1,-1,-1,-0.313961688889819,-1,-1,-1,-1,-1,-1,-1,-1,-1,-1,-1,-1,-1,-1,-1,-1,-1,-1,-1,-1
25553,1,-1,-1,-1,-1,-1,-1,-1,-1,-1,-1,-1,-1,-1,-1,-1,-1,-1,-1,-1,-1,-1,-1,-1,-1,-1,-1,-1,-1,-1,-1,-0.109877899061635,-0.109877899061635,-0.109877899061635,-0.109877899061635,-0.109877899061635,-0.109877899061635,-0.109877899061635,-0.116248804615229,-0.116248804615229,-0.458690262091462,-0.458690262091462,-0.458690262091461,-1,-1,-1
18625,1,-1,-1,-1,-1,-1,-1,-1,-1,-1,-1,-1,-1,-1,-1,-1,-1,-1,-1,-1,-1,-1,-1,-1,-1,-1,-1,-1,-1,-1,-1,-1,-1,-1,-0.0157275869627871,-0.0157275869627872,-0.0157275869627872,-1,-1,-1,-1,-1,-1,-1,-1,-1
18692,1,-1,-1,-1,-1,-1,-1,-1,-1,-1,-1,-1,-1,-1,-1,-1,-1,-1,-1,-1,-1,-1,-1,-1,-1,-1,-1,-1,-1,-1,-1,-1,-1,-1,-1,-1,-0.370425063901302,0.188683616868159,0.0794740453049002,0.0603784152740814,0.0603784152740814,-0.144698903351078,0.146358101097563,-0.0619410013106544,-0.0619410013106544,0.0690395269984488
18882,1,-1,-1,-1,-1,-1,-1,-1,-1,-1,-1,-1,-1,-1,-1,-1,-1,-1,-1,-1,-1,-1,-1,-1,-1,-1,-1,-1,-1,-1,-1,-1,-1,-1,-1,-1,-1,-1,-1,0.0401536130426766,-0.0787624626257341,0.00317601812195256,0.0520784897852744,-1,-1,-1
8996,1,-1,-1,-1,-1,-1,-1,-1,-1,-1,-1,-1,-1,-1,-1,-1,-1,-1,-1,-1,-1,0.00413826755119873,0.00413826755120694,0.00413826755121072,0.00413826755118696,0.00413826755110858,0.00413826755095492,0.00413826755071733,0.00413826755041491,0.00413826755009561,0.00413826754982405,0.00413826754964575,0.00413826754956648,0.00413826754956159,0.00413826754959823,0.00413826754964841,0.00413826754969326,0.00413826754971813,-1,-1,-1,-1,-1,-1,-1,-1
5913,1,-1,-1,-1,-1,-1,-1,-1,-1,-1,-1,-1,-1,-1,-1,-1,-1,-1,-1,-1,-1,-0.00736162841035315,-0.00736162841035326,-0.0503350809406815,-0.0503350809406816,-1,-1,-1,-1,-1,-1,-1,-1,-1,-1,-1,-1,-1,-1,-1,-1,-1,-1,-1,-1,-1
18676,1,-1,-1,-1,-1,-1,-1,-1,-1,-1,-1,-1,-1,-1,-1,-1,-1,-1,-1,-1,-1,-1,-1,-1,-1,-1,-1,-1,-1,-1,-1,-1,-1,-1,-1,-1,-0.222505031542383,0.318134374854181,0.549474560137132,-0.272187192828221,-0.272187192828221,0.127078601766593,-0.330847702376668,0.277161730125202,0.277161730125202,0.146575224132271
18877,1,-1,-1,-1,-1,-1,-1,-1,-1,-1,-1,-1,-1,-1,-1,-1,-1,-1,-1,-1,-1,-1,-1,-1,-1,-1,-1,-1,-1,-1,-1,-1,-1,-1,-1,-1,-1,-1,-1,0.0441655835715396,-0.0930314466154532,-0.264038134541321,0.154472492311655,-1,-1,-1
5912,1,-1,-1,-1,-1,-1,-1,-1,-1,-1,-1,-1,-1,-1,-1,-1,-1,-1,-1,-1,-1,0.00394824042301695,0.00394824042301684,-0.00474657676691465,-0.00474657676691465,-1,-1,-1,-1,-1,-1,-1,-1,-1,-1,-1,-1,-1,-1,-1,-1,-1,-1,-1,-1,-1
18831,1,-1,-1,-1,-1,-1,-1,-1,-1,-1,-1,-1,-1,-1,-1,-1,-1,-1,-1,-1,-1,-1,-1,-1,-1,0.0876907996634433,-1,-1,-1,-1,-1,-1,-1,-1,-1,-1,-1,-1,-1,-1,-1,-1,-1,-1,-1,-1
18729,1,-1,-1,-1,-1,-1,-1,-1,-1,-1,-1,-1,-1,-1,-1,-1,-1,-1,-1,-1,-1,-1,-1,-1,-1,-0.0197020936209826,-1,-1,-1,-1,-1,-1,-1,-1,-1,-1,-1,-1,-1,-1,-1,-1,-1,-1,-1,-1
18621,1,-1,-1,-1,-1,-1,-1,-1,-1,-1,-1,-1,-1,-1,-1,-1,-1,-1,-1,-1,-1,-1,-1,-1,-1,-1,-1,-1,-1,-1,-1,-1,-1,-1,-0.0522095930954164,-0.0522095930954163,-0.0522095930954164,-1,-1,-1,-1,-1,-1,-1,-1,-1
18792,1,-1,-1,-1,-1,-1,-1,-1,-1,-1,-1,-1,-1,-1,-1,-1,-1,-1,-1,-1,-1,-1,-1,-1,-1,-1,-1,-1,-1,-1,-1,-1,-1,-1,-1,-1,-1,-0.169980482112082,-1,-1,-1,-1,-1,-1,-1,-1
5911,1,-1,-1,-1,-1,-1,-1,-1,-1,-1,-1,-1,-1,-1,-1,-1,-1,-1,-1,-1,-1,0.0215173161126009,0.021517316112601,-0.0331322364718384,-0.0331322364718383,-1,-1,-1,-1,-1,-1,-1,-1,-1,-1,-1,-1,-1,-1,-1,-1,-1,-1,-1,-1,-1
18736,1,-1,-1,-1,-1,-1,-1,-1,-1,-1,-1,-1,-1,-1,-1,-1,-1,-1,-1,-1,-1,-1,-1,-1,-1,-0.359663111066398,-1,-1,-1,-1,-1,-1,-1,-1,-1,-1,-1,-1,-1,-1,-1,-1,-1,-1,-1,-1
25555,1,-1,-1,-1,-1,-1,-1,-1,-1,-1,-1,-1,-1,-1,-1,-1,-1,-1,-1,-1,-1,-1,-1,-1,-1,-1,-1,-1,-1,-1,-1,-0.0681601792456661,-0.068160179245666,-0.0681601792456661,-0.0681601792456661,-0.068160179245666,-0.068160179245666,-0.0681601792456661,0.0105946495349689,0.0105946495349691,-0.340396433023313,-0.340396433023313,-0.340396433023313,-1,-1,-1
18629,1,-1,-1,-1,-1,-1,-1,-1,-1,-1,-1,-1,-1,-1,-1,-1,-1,-1,-1,-1,-1,-1,-1,-1,-1,-1,-1,-1,-1,-1,-1,-1,-1,-1,-0.0145811350928339,-0.014581135092834,-0.0145811350928339,-1,-1,-1,-1,-1,-1,-1,-1,-1
18683,1,-1,-1,-1,-1,-1,-1,-1,-1,-1,-1,-1,-1,-1,-1,-1,-1,-1,-1,-1,-1,-1,-1,-1,-1,-1,-1,-1,-1,-1,-1,-1,-1,-1,-1,-1,0.002440528186783,0.00244052818671051,0.00244052818655099,0.00244052818630416,0.00244052818598495,0.0024405281856088,0.00244052818523871,0.0024405281849478,0.00244052818475116,0.00244052818465007
5906,1,-1,-1,-1,-1,-1,-1,-1,-1,-1,-1,-1,-1,-1,-1,-1,-1,-1,-1,-1,-1,-0.0251525591556978,-0.0251525591556979,-0.0918890438609862,-0.0918890438609861,-1,-1,-1,-1,-1,-1,-1,-1,-1,-1,-1,-1,-1,-1,-1,-1,-1,-1,-1,-1,-1
25554,1,-1,-1,-1,-1,-1,-1,-1,-1,-1,-1,-1,-1,-1,-1,-1,-1,-1,-1,-1,-1,-1,-1,-1,-1,-1,-1,-1,-1,-1,-1,-0.0249494402685979,-0.0249494402685979,-0.024949440268598,-0.0249494402685979,-0.0249494402685979,-0.0249494402685979,-0.0249494402685978,-0.140009772368491,-0.140009772368491,-0.573814935388189,-0.573814935388189,-0.573814935388189,-1,-1,-1
18623,1,-1,-1,-1,-1,-1,-1,-1,-1,-1,-1,-1,-1,-1,-1,-1,-1,-1,-1,-1,-1,-1,-1,-1,-1,-1,-1,-1,-1,-1,-1,-1,-1,-1,0.156933421242043,0.156933421242043,0.156933421242043,-1,-1,-1,-1,-1,-1,-1,-1,-1
18693,1,-1,-1,-1,-1,-1,-1,-1,-1,-1,-1,-1,-1,-1,-1,-1,-1,-1,-1,-1,-1,-1,-1,-1,-1,-1,-1,-1,-1,-1,-1,-1,-1,-1,-1,-1,-0.160711819676861,-0.349084612953555,0.379822718252824,0.053453861795053,0.053453861795053,0.053453861795053,-0.445106380577753,0.153162731382453,0.153162731382453,-0.102619668479636
5902,1,-1,-1,-1,-1,-1,-1,-1,-1,-1,-1,-1,-1,-1,-1,-1,-1,-1,-1,-1,-1,0.0419509423601047,0.0419509423601045,0.00721485771132069,0.00721485771132069,-1,-1,-1,-1,-1,-1,-1,-1,-1,-1,-1,-1,-1,-1,-1,-1,-1,-1,-1,-1,-1
5901,1,-1,-1,-1,-1,-1,-1,-1,-1,-1,-1,-1,-1,-1,-1,-1,-1,-1,-1,-1,-1,0.0332034790055979,0.0332034790055981,-0.0793109249054362,-0.0793109249054365,-1,-1,-1,-1,-1,-1,-1,-1,-1,-1,-1,-1,-1,-1,-1,-1,-1,-1,-1,-1,-1
18681,1,-1,-1,-1,-1,-1,-1,-1,-1,-1,-1,-1,-1,-1,-1,-1,-1,-1,-1,-1,-1,-1,-1,-1,-1,-1,-1,-1,-1,-1,-1,-1,-1,-1,-1,-1,-0.192511664850043,-0.0990069143543432,0.292340820011619,-0.233771520973195,-0.233771520973195,0.466504162993346,-4.33405999963711e-05,-4.33470888656791e-05,-4.33470888657046e-05,-0.0707494124025226
18500,1,-1,-1,-1,-1,-1,-1,-1,-1,-1,-1,-1,-1,-1,-1,-1,-1,-1,-1,-1,-1,-1,-1,-1,-1,-1,-1,-1,-1,-1,-1,-1,-1,-1,-1,-1,0.0760901690704829,-1,-1,-1,-1,-1,-1,-1,-1,-1
19712,1,-1,-1,-1,-1,-1,-1,-1,-1,-1,-1,-1,-1,-1,-1,-1,-1,-1,-1,-1,-1,-1,-1,-1,-1,-1,-1,-1,-1,-1,-1,-1,-1,-1,-1,-1,-1,-1,-1,-1,-1,-1,-1,-1,0.0436871726421657,-0.130657506476381
5813,1,-1,-1,-1,-1,-1,-1,-1,-1,-1,-1,-1,-1,-1,-1,-1,-1,-1,-1,-1,-1,-0.120796403906057,-0.120796403906057,-0.0855352288403151,-0.0855352288403153,-1,-1,-1,-1,-1,-1,-1,-1,-1,-1,-1,-1,-1,-1,-1,-1,-1,-1,-1,-1,-1
18295,1,-1,-1,-1,-1,-1,-1,-1,-1,-1,-1,-1,-1,-1,-1,-1,-1,-1,-1,-1,-1,-1,-1,-1,-1,-1,-1,-1,-1,-1,-1,-1,-1,-1,-0.0630517457470889,-1,-1,-1,-1,-1,-1,-1,-1,-1,-1,-1
10520,1,-1,-1,-1,-1,-1,-1,-1,-1,-1,-1,-1,-1,-1,-1,-1,-1,-1,-1,-1,-1,-1,-1,-1,-1,-1,-1,-1,-1,-1,-1,-1,-1,-1,-1,0.0857121132065826,0.4617269272294,-1,-1,-1,-1,-1,-1,-1,-1,-1
8690,1,-1,-1,-1,-1,-1,-1,-1,-1,-1,-1,-1,-1,-1,-1,-1,-1,-1,-1,-1,-1,-1,-1,-1,-1,-1,-1,-1,-1,-1,-1,-1,-1,-1,-1,0.112416801582909,0.112416801582909,-1,-1,-1,-1,-1,-1,-1,-1,-1
18678,1,-1,-1,-1,-1,-1,-1,-1,-1,-1,-1,-1,-1,-1,-1,-1,-1,-1,-1,-1,-1,-1,-1,-1,-1,-1,-1,-1,-1,-1,-1,-1,-1,-1,-1,-1,0.486150657921532,-0.398367681525738,0.175553224316163,0.0623832826968376,0.0623832826968377,-0.0436770721710785,0.249069874499968,-1.13069778748776,-1.13069778748776,1.88843498106078
18880,1,-1,-1,-1,-1,-1,-1,-1,-1,-1,-1,-1,-1,-1,-1,-1,-1,-1,-1,-1,-1,-1,-1,-1,-1,-1,-1,-1,-1,-1,-1,-1,-1,-1,-1,-1,-1,-1,-1,1.49327657560451,0.615279181301295,-0.147557492175495,0.223848673915246,-1,-1,-1
5779,1,-1,-1,-1,-1,-1,-1,-1,-1,-1,-1,-1,-1,-1,-1,-1,-1,-1,-1,-1,-1,-0.0298841025017449,-0.029884102501745,0.029884102501745,0.0298841025017449,-1,-1,-1,-1,-1,-1,-1,-1,-1,-1,-1,-1,-1,-1,-1,-1,-1,-1,-1,-1,-1
18743,1,-1,-1,-1,-1,-1,-1,-1,-1,-1,-1,-1,-1,-1,-1,-1,-1,-1,-1,-1,-1,-1,-1,-1,-1,-0.104778021862022,-1,-1,-1,-1,-1,-1,-1,-1,-1,-1,-1,-1,-1,-1,-1,-1,-1,-1,-1,-1
18738,1,-1,-1,-1,-1,-1,-1,-1,-1,-1,-1,-1,-1,-1,-1,-1,-1,-1,-1,-1,-1,-1,-1,-1,-1,-0.162752523830722,-1,-1,-1,-1,-1,-1,-1,-1,-1,-1,-1,-1,-1,-1,-1,-1,-1,-1,-1,-1
5776,1,-1,-1,-1,-1,-1,-1,-1,-1,-1,-1,-1,-1,-1,-1,-1,-1,-1,-1,-1,-1,0,0,-0.0874260934700664,-0.0874260934700664,-1,-1,-1,-1,-1,-1,-1,-1,-1,-1,-1,-1,-1,-1,-1,-1,-1,-1,-1,-1,-1
18694,1,-1,-1,-1,-1,-1,-1,-1,-1,-1,-1,-1,-1,-1,-1,-1,-1,-1,-1,-1,-1,-1,-1,-1,-1,-1,-1,-1,-1,-1,-1,-1,-1,-1,-1,-1,0.0343940552177669,0.0343940552177669,0.207069400515055,-0.0271526546509938,-0.0271526546509938,0.0411565494768841,0.0411565494768841,0.0411565494768841,0.041156549476884,-0.0675128159040037
18878,1,-1,-1,-1,-1,-1,-1,-1,-1,-1,-1,-1,-1,-1,-1,-1,-1,-1,-1,-1,-1,-1,-1,-1,-1,-1,-1,-1,-1,-1,-1,-1,-1,-1,-1,-1,-1,-1,-1,0.0132213457538013,-0.230435496717699,-0.0240456625797164,-0.165664592632568,-1,-1,-1
5772,1,-1,-1,-1,-1,-1,-1,-1,-1,-1,-1,-1,-1,-1,-1,-1,-1,-1,-1,-1,-1,-0.132657221698723,-0.132657221698723,0.0802895464387168,0.0802895464387169,-1,-1,-1,-1,-1,-1,-1,-1,-1,-1,-1,-1,-1,-1,-1,-1,-1,-1,-1,-1,-1
5767,1,-1,-1,-1,-1,-1,-1,-1,-1,-1,-1,-1,-1,-1,-1,-1,-1,-1,-1,-1,-1,-1.00216068689132,-1.00216068689132,1.00216068689132,1.00216068689132,-1,-1,-1,-1,-1,-1,-1,-1,-1,-1,-1,-1,-1,-1,-1,-1,-1,-1,-1,-1,-1
10939,1,-1,-1,-1,-1,-1,-1,-1,-1,-1,-1,-1,-1,-1,-1,-1,-1,-1,-1,-1,-1,-1,0.0953429055900505,0.169653860348224,0.0278749217425877,0.0278749217425876,0.132961034126704,0.132961034126704,0.132961034126704,-0.0510053488779417,-0.0257333952677729,-0.171849658626226,-1,-1,-1,-1,-1,-1,-1,-1,-1,-1,-1,-1,-1,-1
10519,1,-1,-1,-1,-1,-1,-1,-1,-1,-1,-1,-1,-1,-1,-1,-1,-1,-1,-1,-1,-1,-1,-1,-1,-1,-1,-1,-1,-1,-1,-1,-1,-1,-1,-1,0.0973278047496594,0.424881636631067,0.35623825913563,-1,-1,-1,-1,-1,-1,-1,-1
8834,1,-1,-1,-1,-1,-1,-1,-1,-1,-1,-1,-1,-1,-1,-1,-1,-1,-1,-1,-1,-1,-1,-2.00432137378264,-1,-1,-1,-1,-1,-1,-1,-1,-1,-1,-1,-1,-1,-1,-1,-1,-1,-1,-1,-1,-1,-1,-1
8832,1,-1,-1,-1,-1,-1,-1,-1,-1,-1,-1,-1,-1,-1,-1,-1,-1,-1,-1,-1,-1,-1,-1,-1,-1,-1,-1,-1,-1,-1,-1,-1,-1,-1,-1,-1,-1,-1,-1,-1,-1,-1,-1,-1,-1,-1
8831,1,-1,-1,-1,-1,-1,-1,-1,-1,-1,-1,-1,-1,-1,-1,-1,-1,-1,-1,-1,-1,-1,-0.408663874063811,-1,-1,-1,-1,-1,-1,-1,-1,-1,-1,-1,-1,-1,-1,-1,-1,-1,-1,-1,-1,-1,-1,-1
8830,1,-1,-1,-1,-1,-1,-1,-1,-1,-1,-1,-1,-1,-1,-1,-1,-1,-1,-1,-1,-1,-1,-2.00432137378264,-1,-1,-1,-1,-1,-1,-1,-1,-1,-1,-1,-1,-1,-1,-1,-1,-1,-1,-1,-1,-1,-1,-1
8829,1,-1,-1,-1,-1,-1,-1,-1,-1,-1,-1,-1,-1,-1,-1,-1,-1,-1,-1,-1,-1,-1,-2.00432137378264,-1,-1,-1,-1,-1,-1,-1,-1,-1,-1,-1,-1,-1,-1,-1,-1,-1,-1,-1,-1,-1,-1,-1
8828,1,-1,-1,-1,-1,-1,-1,-1,-1,-1,-1,-1,-1,-1,-1,-1,-1,-1,-1,-1,-1,-1,-2.00432137378264,-1,-1,-1,-1,-1,-1,-1,-1,-1,-1,-1,-1,-1,-1,-1,-1,-1,-1,-1,-1,-1,-1,-1
8826,1,-1,-1,-1,-1,-1,-1,-1,-1,-1,-1,-1,-1,-1,-1,-1,-1,-1,-1,-1,-1,-1,-0.367976785294594,-1,-1,-1,-1,-1,-1,-1,-1,-1,-1,-1,-1,-1,-1,-1,-1,-1,-1,-1,-1,-1,-1,-1
4612,1,-1,-1,-1,-1,-1,-1,-1,-1,-1,-1,-1,-1,-1,-1,-1,-1,-1,-1,-1,-1,-1,-0.142667503568732,-0.213879819945081,-1,-1,-1,-1,-1,-1,-1,-1,-1,-1,-1,-1,-1,-1,-1,-1,-1,-1,-1,-1,-1,-1
8707,1,-1,-1,-1,-1,-1,-1,-1,-1,-1,-1,-1,-1,-1,-1,-1,-1,-1,-1,-1,-1,-1,-1,-1,-1,-1,-1,-1,-1,-1,-1,-1,-1,-1,-0.150537154583293,-1,-1,-1,-1,-1,-1,-1,-1,-1,-1,-1
14834,1,-1,-1,-1,-1,-1,-1,-1,-1,-1,-1,-1,-1,-1,-1,-1,-1,-1,-1,-1,-1,-1,-1,0.0961521762525459,-0.0828373847463464,-0.121125997555398,-0.121125997555398,0.184184639602319,0.184184639602319,-0.114617219801824,-0.114617219801825,0.00790846402803069,-0.0110522835103595,-0.0110522835103599,-1,-1,-1,-1,-1,-1,-1,-1,-1,-1,-1,-1
6473,1,-1,-1,-1,-1,-1,-1,-1,-1,-1,-1,-1,-1,-1,-1,-1,-1,-1,-1,-1,-1,-1,-1,-1,0.0334237554869494,-1,-1,-1,-1,-1,-1,-1,-1,-1,-1,-1,-1,-1,-1,-1,-1,-1,-1,-1,-1,-1
8688,1,-1,-1,-1,-1,-1,-1,-1,-1,-1,-1,-1,-1,-1,-1,-1,-1,-1,-1,-1,-1,-1,-1,-0.0477475007610023,-0.0477475007605647,-0.0477475007599673,-0.0477475007596585,-0.0477475007598636,-0.0477475007603797,-0.0477475007607747,-1,-1,-1,-1,-1,-1,-1,-1,-1,-1,-1,-1,-1,-1,-1,-1
18538,1,-1,-1,-1,-1,-1,-1,-1,-1,-1,-1,-1,-1,-1,-1,-1,-1,-1,-1,-1,-1,-1,-1,-1,0.154769111201056,-1,-1,-1,-1,-1,-1,-1,-1,-1,-1,-1,-1,-1,-1,-1,-1,-1,-1,-1,-1,-1
8719,1,-1,-1,-1,-1,-1,-1,-1,-1,-1,-1,-1,-1,-1,-1,-1,-1,-1,-1,-1,-1,-1,-1,-1,-1,-1,-1,-1,-1,-1,-1,-1,-1,0.477121254719662,0.221848749616356,0.0791812460476249,-0.380211241711606,-1,-1,-1,-1,-1,-1,-1,-1,-1
8686,1,-1,-1,-1,-1,-1,-1,-1,-1,-1,-1,-1,-1,-1,-1,-1,-1,-1,-1,-1,-1,-1,-1,-0.0342210851960427,-0.0342210851960049,-0.0342210851958918,-0.034221085195672,-0.0342210851953667,-0.0342210851950687,-0.0342210851948924,-1,-1,-1,-1,-1,-1,-1,-1,-1,-1,-1,-1,-1,-1,-1,-1
18624,1,-1,-1,-1,-1,-1,-1,-1,-1,-1,-1,-1,-1,-1,-1,-1,-1,-1,-1,-1,-1,-1,-1,-1,-1,-1,-1,-1,0.00500103869167456,0.00302340823523262,-0.00117160581030706,-0.00741866070197938,-0.0155048215974818,-0.0253867195520071,-0.0370071600835911,-0.0501598273035018,-0.0645827453239399,-0.0799672795505243,-0.0956220881970906,-0.110134617078145,-0.121675301932772,-0.12900750084402,-0.132366347574507,-0.133279716352171,-1,-1
8715,1,-1,-1,-1,-1,-1,-1,-1,-1,-1,-1,-1,-1,-1,-1,-1,-1,-1,-1,-1,-1,-1,-1,-1,-1,-1,-1,-1,-1,-1,-1,-1,-1,0.293624063768302,0.393435061328398,0.0786777995437311,-2.23660923008309,-1,-1,-1,-1,-1,-1,-1,-1,-1
8682,1,-1,-1,-1,-1,-1,-1,-1,-1,-1,-1,-1,-1,-1,-1,-1,-1,-1,-1,-1,-1,-1,-1,-0.138544275781309,-0.138544275782276,-0.138544275783768,-0.138544275784997,-0.138544275785461,-0.138544275785292,-0.138544275785016,-1,-1,-1,-1,-1,-1,-1,-1,-1,-1,-1,-1,-1,-1,-1,-1
18626,1,-1,-1,-1,-1,-1,-1,-1,-1,-1,-1,-1,-1,-1,-1,-1,-1,-1,-1,-1,-1,-1,-1,-1,-1,-1,-1,-1,0.207134103964278,0.131599710486404,0.032903754178383,-0.0164387000566357,0.00409686490433248,0.0488452814807525,0.0606448405231288,0.0284483419330914,-0.0104183887553562,-0.0169098615359986,0.00871161842743895,0.0308726443397886,0.0157384159580467,-0.0388582255828125,-0.104211794668421,-0.145262676717842,-1,-1
6425,1,-1,-1,-1,-1,-1,-1,-1,-1,-1,-1,-1,-1,-1,-1,-1,-1,-1,-1,-1,-1,-1,-1,-1,-1,-1,-1,-1,0.199282921717615,0.117933835039641,-0.111040127091741,0.0837169998805062,0.0725506671486117,-1,-1,-1,-1,-1,-1,-1,-1,-1,-1,-1,-1,-1
8753,1,-1,-1,-1,-1,-1,-1,-1,-1,-1,-1,-1,-1,-1,-1,-1,-1,-1,-1,-1,-1,-1,-1,-1,-1,-1,-1,-1,-1,0.0579919469776867,-1,-1,-1,-1,-1,-1,-1,-1,-1,-1,-1,-1,-1,-1,-1,-1
8712,1,-1,-1,-1,-1,-1,-1,-1,-1,-1,-1,-1,-1,-1,-1,-1,-1,-1,-1,-1,-1,-1,-1,-1,-1,-1,-1,-1,-1,-1,-1,-1,-1,0,1.64204033546293,0.470468911582909,0,-1,-1,-1,-1,-1,-1,-1,-1,-1
18537,1,-1,-1,-1,-1,-1,-1,-1,-1,-1,-1,-1,-1,-1,-1,-1,-1,-1,-1,-1,-1,-1,-1,-1,-0.0698764795866437,-1,-1,-1,-1,-1,-1,-1,-1,-1,-1,-1,-1,-1,-1,-1,-1,-1,-1,-1,-1,-1
18536,1,-1,-1,-1,-1,-1,-1,-1,-1,-1,-1,-1,-1,-1,-1,-1,-1,-1,-1,-1,-1,-1,-1,-1,0.0307304718776193,-1,-1,-1,-1,-1,-1,-1,-1,-1,-1,-1,-1,-1,-1,-1,-1,-1,-1,-1,-1,-1
8759,1,-1,-1,-1,-1,-1,-1,-1,-1,-1,-1,-1,-1,-1,-1,-1,-1,-1,-1,-1,-1,-1,-1,-1,-1,-1,-1,-1,-1,0.140178703165037,-1,-1,-1,-1,-1,-1,-1,-1,-1,-1,-1,-1,-1,-1,-1,-1
18833,1,-1,-1,-1,-1,-1,-1,-1,-1,-1,-1,-1,-1,-1,-1,-1,-1,-1,-1,-1,-1,-1,-1,-1,-1,0.0499616328784088,-1,-1,-1,-1,-1,-1,-1,-1,-1,-1,-1,-1,-1,-1,-1,-1,-1,-1,-1,-1
18742,1,-1,-1,-1,-1,-1,-1,-1,-1,-1,-1,-1,-1,-1,-1,-1,-1,-1,-1,-1,-1,-1,-1,-1,-1,-0.207273780413301,-1,-1,-1,-1,-1,-1,-1,-1,-1,-1,-1,-1,-1,-1,-1,-1,-1,-1,-1,-1
18658,1,-1,-1,-1,-1,-1,-1,-1,-1,-1,-1,-1,-1,-1,-1,-1,-1,-1,-1,-1,-1,-1,-1,-1,-1,-1,-1,0.397940008672038,0.556302500767287,-0.0511525224473812,-1,-1,-1,-1,-1,-1,-1,-1,-1,-1,-1,-1,-1,-1,-1,-1
18622,1,-1,-1,-1,-1,-1,-1,-1,-1,-1,-1,-1,-1,-1,-1,-1,-1,-1,-1,-1,-1,-1,-1,-1,-1,-1,-1,-1,0.0130133815800002,0.0130133815800235,0.0130133815799688,0.0130133815797151,0.0130133815792285,0.0130133815785725,0.0130133815778419,0.0130133815770939,0.0130133815763566,0.0130133815756734,0.0130133815751118,0.0130133815747215,0.0130133815744912,0.0130133815743652,0.0130133815742949,0.0130133815742612,-1,-1
18620,1,-1,-1,-1,-1,-1,-1,-1,-1,-1,-1,-1,-1,-1,-1,-1,-1,-1,-1,-1,-1,-1,-1,-1,-1,-1,-1,-1,-0.00997081316737192,-0.0104755864784299,-0.0106543506047809,-0.0100525865109389,-0.01004669434615,-0.0133059271312912,-0.0218302076362049,-0.0360709342440929,-0.0559112507834902,-0.0814240285353959,-0.111518108331069,-0.141924497999684,-0.165957169073582,-0.178823532288049,-0.181628452205665,-0.180397656661207,-1,-1
18241,1,-1,-1,-1,-1,-1,-1,-1,-1,-1,-1,-1,-1,-1,-1,-1,-1,-1,-1,-1,-1,-1,-1,-1,-1,-1,-1,-1,-0.0189877492521818,-0.0189877492521911,-0.0189877492521864,-0.0189877492521391,-0.0189877492520421,-0.0189877492519179,-0.0189877492518156,-0.0189877492517838,-0.0189877492518447,-0.0189877492519751,-0.0189877492521134,-0.0189877492521964,-1,-1,-1,-1,-1,-1
5923,1,-1,-1,-1,-1,-1,-1,-1,-1,-1,-1,-1,-1,-1,-1,-1,-1,-1,-1,-1,-1,-1,-1,-1,-1,-1,-1,-1,-0.217128110943772,-1,-1,-1,-1,-1,-1,-1,-1,-1,-1,-1,-1,-1,-1,-1,-1,-1
8760,1,-1,-1,-1,-1,-1,-1,-1,-1,-1,-1,-1,-1,-1,-1,-1,-1,-1,-1,-1,-1,-1,-1,-1,-1,-1,-1,-1,-1,0.544068044350276,-1,-1,-1,-1,-1,-1,-1,-1,-1,-1,-1,-1,-1,-1,-1,-1
8758,1,-1,-1,-1,-1,-1,-1,-1,-1,-1,-1,-1,-1,-1,-1,-1,-1,-1,-1,-1,-1,-1,-1,-1,-1,-1,-1,-1,-1,0.301029995663981,-1,-1,-1,-1,-1,-1,-1,-1,-1,-1,-1,-1,-1,-1,-1,-1
8721,1,-1,-1,-1,-1,-1,-1,-1,-1,-1,-1,-1,-1,-1,-1,-1,-1,-1,-1,-1,-1,-1,-1,-1,-1,-1,-1,-1,-1,-1,-1,-1,-1,0.335792101923193,-0.0347621062592118,-0.602059991327963,0.221848749616356,-1,-1,-1,-1,-1,-1,-1,-1,-1
8756,1,-1,-1,-1,-1,-1,-1,-1,-1,-1,-1,-1,-1,-1,-1,-1,-1,-1,-1,-1,-1,-1,-1,-1,-1,-1,-1,-1,-1,0.0357155522665344,-1,-1,-1,-1,-1,-1,-1,-1,-1,-1,-1,-1,-1,-1,-1,-1
8755,1,-1,-1,-1,-1,-1,-1,-1,-1,-1,-1,-1,-1,-1,-1,-1,-1,-1,-1,-1,-1,-1,-1,-1,-1,-1,-1,-1,-1,0.397940008672038,-1,-1,-1,-1,-1,-1,-1,-1,-1,-1,-1,-1,-1,-1,-1,-1
18302,1,-1,-1,-1,-1,-1,-1,-1,-1,-1,-1,-1,-1,-1,-1,-1,-1,-1,-1,-1,-1,-1,-1,-1,-1,-1,-1,-1,-1,-1,0.0845711995501766,0.0845711995501768,-1,-1,-1,-1,-1,-1,-1,-1,-1,-1,-1,-1,-1,-1
18301,1,-1,-1,-1,-1,-1,-1,-1,-1,-1,-1,-1,-1,-1,-1,-1,-1,-1,-1,-1,-1,-1,-1,-1,-1,-1,-1,-1,-1,-1,0.250301175284593,0.250301175284593,-1,-1,-1,-1,-1,-1,-1,-1,-1,-1,-1,-1,-1,-1
18283,1,-1,-1,-1,-1,-1,-1,-1,-1,-1,-1,-1,-1,-1,-1,-1,-1,-1,-1,-1,-1,-1,-1,-1,-1,-1,-1,-1,-1,-1,-0.171211340411103,-0.171211340411103,-1,-1,-1,-1,-1,-1,-1,-1,-1,-1,-1,-1,-1,-1
25557,1,-1,-1,-1,-1,-1,-1,-1,-1,-1,-1,-1,-1,-1,-1,-1,-1,-1,-1,-1,-1,-1,-1,-1,-1,-1,-1,-1,-1,-1,-1,-0.0424162042098784,-0.0424162042098785,-0.0424162042098784,-0.0424162042098785,-0.0424162042098784,-0.0424162042098784,-0.0424162042098784,0.030526982704989,0.0305269827049889,-0.16509840788275,-0.16509840788275,-0.16509840788275,-1,-1,-1
18685,1,-1,-1,-1,-1,-1,-1,-1,-1,-1,-1,-1,-1,-1,-1,-1,-1,-1,-1,-1,-1,-1,-1,-1,-1,-1,-1,-1,-1,-1,-1,-1,-1,-1,-1,-1,-0.0735135952681809,-0.0623903828832696,-0.00161054057044607,0.116176501673392,0.116176501673392,0.0107093082788104,0.0493479796254887,0.000129898652498798,0.000129898652498836,-0.0737012524747438
25556,1,-1,-1,-1,-1,-1,-1,-1,-1,-1,-1,-1,-1,-1,-1,-1,-1,-1,-1,-1,-1,-1,-1,-1,-1,-1,-1,-1,-1,-1,-1,-0.111164464340521,-0.111164464340521,-0.111164464340521,-0.111164464340521,-0.111164464340521,-0.111164464340521,-0.111164464340521,0.150514997831991,0.150514997831991,0.0586970863518936,0.0586970863518939,0.0586970863518936,-1,-1,-1
10512,1,-1,-1,-1,-1,-1,-1,-1,-1,-1,-1,-1,-1,-1,-1,-1,-1,-1,-1,-1,-1,-1,-1,-1,-1,-1,-1,-1,-1,-1,-1,-1,-1,-1,-1,-0.214843848047698,0.287801729930226,-0.478242015294958,-1,-1,-1,-1,-1,-1,-1,-1
18691,1,-1,-1,-1,-1,-1,-1,-1,-1,-1,-1,-1,-1,-1,-1,-1,-1,-1,-1,-1,-1,-1,-1,-1,-1,-1,-1,-1,-1,-1,-1,-1,-1,-1,-1,-1,-0.0974525421003505,0.0276680755472609,-0.153331240149893,0.111774621266624,0.111774621266624,0.051044179056049,-0.0765084195666192,-0.0765084195666192,-0.0765084195666191,0.0545162191972172
18272,1,-1,-1,-1,-1,-1,-1,-1,-1,-1,-1,-1,-1,-1,-1,-1,-1,-1,-1,-1,-1,-1,-1,-1,-1,-1,-1,-1,-1,-1,-1,-1,-1,-1,-1,-1,-1,0.153228376096177,-0.0367228070247398,-0.0129649771643676,-1,-1,-1,-1,-1,-1
18619,1,-1,-1,-1,-1,-1,-1,-1,-1,-1,-1,-1,-1,-1,-1,-1,-1,-1,-1,-1,-1,-1,-1,-1,-1,-1,-1,-1,-1,-1,-1,0.506684963271911,0.333066142542,0.0683653933711828,-0.11769349437902,-0.102974362000039,0.0754538441989275,0.246680781049621,0.251676345153151,0.082016259083732,-0.120153116399804,-0.20393952180745,-0.15204997644044,-0.0755467052092688,-1,-1
18539,1,-1,-1,-1,-1,-1,-1,-1,-1,-1,-1,-1,-1,-1,-1,-1,-1,-1,-1,-1,-1,-1,-1,-1,-1,-1,-1,-1,-1,-1,-1,-1,0.81511425604901,0.0501236384403931,-1,-1,-1,-1,-1,-1,-1,-1,-1,-1,-1,-1
18560,1,-1,-1,-1,-1,-1,-1,-1,-1,-1,-1,-1,-1,-1,-1,-1,-1,-1,-1,-1,-1,-1,-1,-1,-1,-1,-1,-1,-1,-1,-1,-1,-1,-0.758344619189396,0.21625450830887,-1,-1,-1,-1,-1,-1,-1,-1,-1,-1,-1
18304,1,-1,-1,-1,-1,-1,-1,-1,-1,-1,-1,-1,-1,-1,-1,-1,-1,-1,-1,-1,-1,-1,-1,-1,-1,-1,-1,-1,-1,-1,-1,-1,0.0647270938501037,0.0647270938501037,-2.06424276820963,0,0,0,-1,-1,-1,-1,-1,-1,-1,-1
8824,1,-1,-1,-1,-1,-1,-1,-1,-1,-1,-1,-1,-1,-1,-1,-1,-1,-1,-1,-1,-1,-1,-1,-1,-1,-1,-1,-1,-1,-1,-1,-1,-0.0503017398420347,-0.0503017398420346,0.0896292980119111,-0.143592565778787,-1,-1,-1,-1,-1,-1,-1,-1,-1,-1
8823,1,-1,-1,-1,-1,-1,-1,-1,-1,-1,-1,-1,-1,-1,-1,-1,-1,-1,-1,-1,-1,-1,-1,-1,-1,-1,-1,-1,-1,-1,-1,-1,-0.0897718040469692,-0.0897718040469691,0.128673921528845,-0.289774918152512,0.0789082990195997,-1,-1,-1,-1,-1,-1,-1,-1,-1
18559,1,-1,-1,-1,-1,-1,-1,-1,-1,-1,-1,-1,-1,-1,-1,-1,-1,-1,-1,-1,-1,-1,-1,-1,-1,-1,-1,-1,-1,-1,-1,-1,-1,-0.0210185327694355,-0.0297034547739057,-1,-1,-1,-1,-1,-1,-1,-1,-1,-1,-1
18485,1,-1,-1,-1,-1,-1,-1,-1,-1,-1,-1,-1,-1,-1,-1,-1,-1,-1,-1,-1,-1,-1,-1,-1,-1,-1,-1,-1,-1,-1,-1,-1,-1,-0.837915555118863,-1,-1,-1,-1,-1,-1,-1,-1,-1,-1,-1,-1
18484,1,-1,-1,-1,-1,-1,-1,-1,-1,-1,-1,-1,-1,-1,-1,-1,-1,-1,-1,-1,-1,-1,-1,-1,-1,-1,-1,-1,-1,-1,-1,-1,-1,-0.881370150876674,-1,-1,-1,-1,-1,-1,-1,-1,-1,-1,-1,-1
18251,1,-1,-1,-1,-1,-1,-1,-1,-1,-1,-1,-1,-1,-1,-1,-1,-1,-1,-1,-1,-1,-1,-1,-1,-1,-1,-1,-1,-1,-1,-1,-1,-1,-1,-1,-1,-1,0.11997531707675,-1,-1,-1,-1,-1,-1,-1,-1
8722,1,-1,-1,-1,-1,-1,-1,-1,-1,-1,-1,-1,-1,-1,-1,-1,-1,-1,-1,-1,-1,-1,-1,-1,-1,-1,-1,-1,-1,-1,-1,-1,-1,-0.0217328468905451,-0.0217328468905453,-1,-1,-1,-1,-1,-1,-1,-1,-1,-1,-1
18628,1,-1,-1,-1,-1,-1,-1,-1,-1,-1,-1,-1,-1,-1,-1,-1,-1,-1,-1,-1,-1,-1,-1,-1,-1,-1,-1,-1,-1,-1,-1,-1,-1,-1,-0.095792453644363,-0.095792453644363,-0.095792453644363,-1,-1,-1,-1,-1,-1,-1,-1,-1
18627,1,-1,-1,-1,-1,-1,-1,-1,-1,-1,-1,-1,-1,-1,-1,-1,-1,-1,-1,-1,-1,-1,-1,-1,-1,-1,-1,-1,-1,-1,-1,-1,-1,-1,0.0943419898407342,0.0943419898407343,0.0943419898407343,-1,-1,-1,-1,-1,-1,-1,-1,-1
10510,1,-1,-1,-1,-1,-1,-1,-1,-1,-1,-1,-1,-1,-1,-1,-1,-1,-1,-1,-1,-1,-1,-1,-1,-1,-1,-1,-1,-1,-1,-1,-1,-1,-1,-1,0.127863289625617,0.127012663736938,0.0201917515382997,-1,-1,-1,-1,-1,-1,-1,-1
18615,1,-1,-1,-1,-1,-1,-1,-1,-1,-1,-1,-1,-1,-1,-1,-1,-1,-1,-1,-1,-1,-1,-1,-1,-1,-1,-1,-1,-1,-1,-1,-1,-1,-1,0.207960202662785,0.207960202662785,0.207960202662785,-1,-1,-1,-1,-1,-1,-1,-1,-1
18611,1,-1,-1,-1,-1,-1,-1,-1,-1,-1,-1,-1,-1,-1,-1,-1,-1,-1,-1,-1,-1,-1,-1,-1,-1,-1,-1,-1,-1,-1,-1,-1,-1,-1,-0.0528101460955317,-0.0528101460955318,-0.0528101460955316,-1,-1,-1,-1,-1,-1,-1,-1,-1
18607,1,-1,-1,-1,-1,-1,-1,-1,-1,-1,-1,-1,-1,-1,-1,-1,-1,-1,-1,-1,-1,-1,-1,-1,-1,-1,-1,-1,-1,-1,-1,-1,-1,-1,0.0510395682707205,0.0510395682707206,0.0510395682707205,-1,-1,-1,-1,-1,-1,-1,-1,-1
18606,1,-1,-1,-1,-1,-1,-1,-1,-1,-1,-1,-1,-1,-1,-1,-1,-1,-1,-1,-1,-1,-1,-1,-1,-1,-1,-1,-1,-1,-1,-1,-1,-1,-1,0.128922028680151,0.128922028680151,0.128922028680151,-1,-1,-1,-1,-1,-1,-1,-1,-1
18604,1,-1,-1,-1,-1,-1,-1,-1,-1,-1,-1,-1,-1,-1,-1,-1,-1,-1,-1,-1,-1,-1,-1,-1,-1,-1,-1,-1,-1,-1,-1,-1,-1,-1,-0.0961291400054933,-0.0961291400054933,-0.0961291400054933,-1,-1,-1,-1,-1,-1,-1,-1,-1
18603,1,-1,-1,-1,-1,-1,-1,-1,-1,-1,-1,-1,-1,-1,-1,-1,-1,-1,-1,-1,-1,-1,-1,-1,-1,-1,-1,-1,-1,-1,-1,-1,-1,-1,0.00293978820919899,0.00293978820919905,0.00293978820919916,-1,-1,-1,-1,-1,-1,-1,-1,-1
18586,1,-1,-1,-1,-1,-1,-1,-1,-1,-1,-1,-1,-1,-1,-1,-1,-1,-1,-1,-1,-1,-1,-1,-1,-1,-1,-1,-1,-1,-1,-1,-1,-1,-1,-1.06920025551953,-1,-1,-1,-1,-1,-1,-1,-1,-1,-1,-1
18577,1,-1,-1,-1,-1,-1,-1,-1,-1,-1,-1,-1,-1,-1,-1,-1,-1,-1,-1,-1,-1,-1,-1,-1,-1,-1,-1,-1,-1,-1,-1,-1,-1,-1,-0.501801049814399,-1,-1,-1,-1,-1,-1,-1,-1,-1,-1,-1
18574,1,-1,-1,-1,-1,-1,-1,-1,-1,-1,-1,-1,-1,-1,-1,-1,-1,-1,-1,-1,-1,-1,-1,-1,-1,-1,-1,-1,-1,-1,-1,-1,-1,-1,0.151694480829581,-1,-1,-1,-1,-1,-1,-1,-1,-1,-1,-1
8706,1,-1,-1,-1,-1,-1,-1,-1,-1,-1,-1,-1,-1,-1,-1,-1,-1,-1,-1,-1,-1,-1,-1,-1,-1,-1,-1,-1,-1,-1,-1,-1,-1,-1,0.154901959985743,-1,-1,-1,-1,-1,-1,-1,-1,-1,-1,-1
19530,1,-1,-1,-1,-1,-1,-1,-1,-1,-1,-1,-1,-1,-1,-1,-1,-1,-1,-1,-1,-1,-1,-1,-1,-1,-1,-1,-1,-1,-1,-1,-1,-1,-1,-1,0.0368713599531263,0.337547978990826,0.337547978990826,-0.356741378245327,-1,-1,-1,-1,-1,-1,-1
19706,1,-1,-1,-1,-1,-1,-1,-1,-1,-1,-1,-1,-1,-1,-1,-1,-1,-1,-1,-1,-1,-1,-1,-1,-1,-1,-1,-1,-1,-1,-1,-1,-1,-1,-1,-1,-0.517028536183056,0.19013433643915,-0.154901959985743,0.401311004757744,-1,-1,-1,-1,-1,-1
19566,1,-1,-1,-1,-1,-1,-1,-1,-1,-1,-1,-1,-1,-1,-1,-1,-1,-1,-1,-1,-1,-1,-1,-1,-1,-1,-1,-1,-1,-1,-1,-1,-1,-1,-1,-1,0.108595771333251,-0.605920412141201,0.297134951780457,0.0410368518880908,-1,-1,-1,-1,-1,-1
19549,1,-1,-1,-1,-1,-1,-1,-1,-1,-1,-1,-1,-1,-1,-1,-1,-1,-1,-1,-1,-1,-1,-1,-1,-1,-1,-1,-1,-1,-1,-1,-1,-1,-1,-1,-1,-0.356683019338039,0.274807072927,-0.242137956173632,0.299453607429026,-1,-1,-1,-1,-1,-1
19524,1,-1,-1,-1,-1,-1,-1,-1,-1,-1,-1,-1,-1,-1,-1,-1,-1,-1,-1,-1,-1,-1,-1,-1,-1,-1,-1,-1,-1,-1,-1,-1,-1,-1,-1,-1,-0.0283143497084695,0.153895059060278,-0.643067947848681,0.158832253614176,-1,-1,-1,-1,-1,-1
18892,1,-1,-1,-1,-1,-1,-1,-1,-1,-1,-1,-1,-1,-1,-1,-1,-1,-1,-1,-1,-1,-1,-1,-1,-1,-1,-1,-1,-1,-1,-1,-1,-1,-1,-1,-1,-1,-1,-1,-1,-0.0815351514411022,0.0574014717243829,-0.136500636031869,-0.136500636031869,0.176091259055681,-0.160851292498944
18862,1,-1,-1,-1,-1,-1,-1,-1,-1,-1,-1,-1,-1,-1,-1,-1,-1,-1,-1,-1,-1,-1,-1,-1,-1,-1,-1,-1,-1,-1,-1,-1,-1,-1,-1,0.0107238653917732,-1,-1,-1,-1,-1,-1,-1,-1,-1,-1
18860,1,-1,-1,-1,-1,-1,-1,-1,-1,-1,-1,-1,-1,-1,-1,-1,-1,-1,-1,-1,-1,-1,-1,-1,-1,-1,-1,-1,-1,-1,-1,-1,-1,-1,-1,0.330993219041424,-1,-1,-1,-1,-1,-1,-1,-1,-1,-1
14940,1,-1,-1,-1,-1,-1,-1,-1,-1,-1,-1,-1,-1,-1,-1,-1,-1,-1,-1,-1,-1,-1,-1,-1,-1,-1,-1,-1,-1,-1,-1,-1,-1,-1,-1,-1,-0.477121254719662,0.120411998265592,0.120411998265592,0.120411998265592,0.120411998265593,0.120411998265592,-1,-1,-1,-1
10509,1,-1,-1,-1,-1,-1,-1,-1,-1,-1,-1,-1,-1,-1,-1,-1,-1,-1,-1,-1,-1,-1,-1,-1,-1,-1,-1,-1,-1,-1,-1,-1,-1,-1,-1,-0.113525560565234,0.229489860667793,0.385539099483416,-1,-1,-1,-1,-1,-1,-1,-1
18686,1,-1,-1,-1,-1,-1,-1,-1,-1,-1,-1,-1,-1,-1,-1,-1,-1,-1,-1,-1,-1,-1,-1,-1,-1,-1,-1,-1,-1,-1,-1,-1,-1,-1,-1,-1,-0.0189231351873645,-0.000296143538173477,0.353737756865934,-0.105404818161536,-0.105404818161536,-0.0808328826819216,0.0235655360986893,0.0235655360986893,0.0235655360986893,0.219061386562961
18674,1,-1,-1,-1,-1,-1,-1,-1,-1,-1,-1,-1,-1,-1,-1,-1,-1,-1,-1,-1,-1,-1,-1,-1,-1,-1,-1,-1,-1,-1,-1,-1,-1,-1,-1,-1,0.400086604505237,-0.00273387716934947,-0.294999381881446,0.149449836431794,0.149449836431794,-0.343199941847398,0.442549274098555,-0.0687366789732957,-0.0687366789732956,-0.293674239437689
18521,1,-1,-1,-1,-1,-1,-1,-1,-1,-1,-1,-1,-1,-1,-1,-1,-1,-1,-1,-1,-1,-1,-1,-1,-1,-1,-1,-1,-1,-1,-1,-1,-1,-1,-1,-1,-1.80955459259523,1.89571354848454,-0.000384202861522409,0.0862523123671258,0.0862523123671257,-0.226458722964801,-0.137914745479125,0.309017486320104,0.309017486320104,-0.176028006030555
18796,1,-1,-1,-1,-1,-1,-1,-1,-1,-1,-1,-1,-1,-1,-1,-1,-1,-1,-1,-1,-1,-1,-1,-1,-1,-1,-1,-1,-1,-1,-1,-1,-1,-1,-1,-1,-1,-0.222516381541693,-1,-1,-1,-1,-1,-1,-1,-1
18793,1,-1,-1,-1,-1,-1,-1,-1,-1,-1,-1,-1,-1,-1,-1,-1,-1,-1,-1,-1,-1,-1,-1,-1,-1,-1,-1,-1,-1,-1,-1,-1,-1,-1,-1,-1,-1,0.232914175766516,-1,-1,-1,-1,-1,-1,-1,-1
18673,1,-1,-1,-1,-1,-1,-1,-1,-1,-1,-1,-1,-1,-1,-1,-1,-1,-1,-1,-1,-1,-1,-1,-1,-1,-1,-1,-1,-1,-1,-1,-1,-1,-1,-1,-1,-1,0.0951974317241388,-0.698424359218326,0.600792262064755,-0.149686469591697,-0.149686469591697,0.350275814070478,-0.543026986364182,0.311790662676476,0.311790662676477
14945,1,-1,-1,-1,-1,-1,-1,-1,-1,-1,-1,-1,-1,-1,-1,-1,-1,-1,-1,-1,-1,-1,-1,-1,-1,-1,-1,-1,-1,-1,-1,-1,-1,-1,-1,-1,-1,-1,-1,0.200686663775987,0.200686663775987,0.200686663775988,-1,-1,-1,-1
14944,1,-1,-1,-1,-1,-1,-1,-1,-1,-1,-1,-1,-1,-1,-1,-1,-1,-1,-1,-1,-1,-1,-1,-1,-1,-1,-1,-1,-1,-1,-1,-1,-1,-1,-1,-1,-1,-1,-1,-1,0,-1,-1,-1,-1,-1
14941,1,-1,-1,-1,-1,-1,-1,-1,-1,-1,-1,-1,-1,-1,-1,-1,-1,-1,-1,-1,-1,-1,-1,-1,-1,-1,-1,-1,-1,-1,-1,-1,-1,-1,-1,-1,-1,-1,-1,-1,0,-1,-1,-1,-1,-1
18667,1,-1,-1,-1,-1,-1,-1,-1,-1,-1,-1,-1,-1,-1,-1,-1,-1,-1,-1,-1,-1,-1,-1,-1,-1,-1,-1,-1,-1,-1,-1,-1,-1,-1,-1,-1,-1,-1,-1,-1,-1,-0.0757207139381184,-1,-1,-1,-1
19692,1,-1,-1,-1,-1,-1,-1,-1,-1,-1,-1,-1,-1,-1,-1,-1,-1,-1,-1,-1,-1,-1,-1,-1,-1,-1,-1,-1,-1,-1,-1,-1,-1,-1,-1,-1,-1,-1,-1,-1,-1,-1,-1,-0.993498947353475,0.680649724402663,-1.96771985680144
19691,1,-1,-1,-1,-1,-1,-1,-1,-1,-1,-1,-1,-1,-1,-1,-1,-1,-1,-1,-1,-1,-1,-1,-1,-1,-1,-1,-1,-1,-1,-1,-1,-1,-1,-1,-1,-1,-1,-1,-1,-1,-1,-1,0.146128035678238,0.0843208857000359,-1.23044892137827
