population_id,1970,1971,1972,1973,1974,1975,1976,1977,1978,1979,1980,1981,1982,1983,1984,1985,1986,1987,1988,1989,1990,1991,1992,1993,1994,1995,1996,1997,1998,1999,2000,2001,2002,2003,2004,2005,2006,2007,2008,2009,2010,2011,2012,2013,2014,2015
8954,1,-1,-1,-1,-1,-1,-1,-1,-1,-1,-1,-1,-1,-1,-1,-1,-1,-1,-1,-1,-1,-1,-1,-1,-1,-1,-1,-1,-1,-1,-1,-1,-1,-1,-1,-1,-1,-1,-1,-1,-1,-1,-1,-1,-1,-1
8955,1,-1,-1,-1,-1,-1,-1,-1,-1,-1,-1,-1,-1,-1,-1,-1,-1,-1,-1,-1,-1,-1,-1,-1,-1,-1,-1,-1,-1,-1,-1,-1,-1,-1,-1,-1,-1,-1,-1,-1,-1,-1,-1,-1,-1,-1
8953,1,-0.0280287236002437,-0.0299632233774432,-1,-1,-1,-1,-1,-1,-1,-1,-1,-1,-1,-1,-1,-1,-1,-1,-1,-1,-1,-1,-1,-1,-1,-1,-1,-1,-1,-1,-1,-1,-1,-1,-1,-1,-1,-1,-1,-1,-1,-1,-1,-1,-1
8952,1,0.0155121661782476,-0.0234810958495228,-1,-1,-1,-1,-1,-1,-1,-1,-1,-1,-1,-1,-1,-1,-1,-1,-1,-1,-1,-1,-1,-1,-1,-1,-1,-1,-1,-1,-1,-1,-1,-1,-1,-1,-1,-1,-1,-1,-1,-1,-1,-1,-1
8951,1,-0.460730838531493,0.0871501757189002,-1,-1,-1,-1,-1,-1,-1,-1,-1,-1,-1,-1,-1,-1,-1,-1,-1,-1,-1,-1,-1,-1,-1,-1,-1,-1,-1,-1,-1,-1,-1,-1,-1,-1,-1,-1,-1,-1,-1,-1,-1,-1,-1
8950,1,-0.0969100130080565,-0.0636690798693773,-1,-1,-1,-1,-1,-1,-1,-1,-1,-1,-1,-1,-1,-1,-1,-1,-1,-1,-1,-1,-1,-1,-1,-1,-1,-1,-1,-1,-1,-1,-1,-1,-1,-1,-1,-1,-1,-1,-1,-1,-1,-1,-1
17753,1,-1,-1,-1,-1,-1,-1,-1,-1,-1,-1,-1,-1,-1,-1,-1,-1,-1,-1,-1,-0.469729764032726,-0.214652321792702,-1.55381166118781,1.27673205588197,0.212150309723486,-1,-1,-1,-1,-1,-1,-1,-1,-1,-1,-1,-1,-1,-1,-1,-1,-1,-1,-1,-1,-1
17752,1,-1,-1,-1,-1,-1,-1,-1,-1,-1,-1,-1,-1,-1,-1,-1,-1,-1,-1,-1,-1,-1,-1,-1,-1,-1,-1,-1,-1,-1,-1,-1,-1,-1,-1,-1,-1,-1,-1,-1,0.302228050166928,-1,-1,-1,-1,-1
17751,1,-1,-1,-1,-1,-1,-1,-1,-1,-1,-1,-1,-1,-1,-1,-1,-1,-1,-1,-1,-1,-1,-1,-1,-1,-1,-1,-1,-1,-1,-1,-1,-1,-1,-1,-1,-1,-1,-1,-1,0.0455486449293829,-1,-1,-1,-1,-1
10413,1,0.0527104400140126,0.0527104400140121,-0.02100294657538,0.0652667315125912,-1,-1,-1,-1,-1,-1,-1,-1,-1,-1,-1,-1,-1,-1,-1,-1,-1,-1,-1,-1,-1,-1,-1,-1,-1,-1,-1,-1,-1,-1,-1,-1,-1,-1,-1,-1,-1,-1,-1,-1,-1
11976,1,-1,-1,-1,-1,-1,-1,-1,-1,-1,-1,-1,-1,-1,-1,-1,-1,-1,-1,-1,-1,-1,-1,-1,-1,-1,-1,-1,-1,-1,0.104507916266128,0.094135820108294,0.0730020128529385,0.0453388037714846,0.0188341946414643,0.00146078039434183,-0.00187510637021449,0.00767252226235726,0.0224111046448581,0.0324478082496786,-1,-1,-1,-1,-1,-1
11977,1,-1,-1,-1,-1,-1,-1,-1,-1,-1,-1,-1,-1,-1,-1,-1,-1,-1,-1,-1,-1,-1,-1,-1,-1,-1,-1,-1,-1,-1,-1,-1,0.0649408069330146,-0.0122344564170116,-1,-1,-1,-1,-1,-1,-1,-1,-1,-1,-1,-1
919,1,-0.0825412372789849,-0.0825412372789851,-0.0825412372789851,-0.0825412372789849,-0.0825412372789851,-0.0825412372789849,-0.0825412372789851,-0.0825412372789851,-0.0825412372789849,-0.0825412372789851,-0.0825412372789851,-0.0825412372789848,-0.0825412372789851,-0.082541237278985,-0.082541237278985,-0.0825412372789851,-0.0825412372789849,-0.082541237278985,-0.0825412372789849,-0.082541237278985,0,-1.22863652654388,0.952531001876861,0,-0.952531001876861,1.39609128868178,0,0,0,-1,-1,-1,-1,-1,-1,-1,-1,-1,-1,-1,-1,-1,-1,-1,-1
8754,1,-1,-1,-1,-1,-1,-1,-1,-1,-1,-1,-1,-1,0.0621479067488445,0.334836558123185,-1,-1,-1,-1,-1,-1,-1,-1,-1,-1,-1,-1,-1,-1,-1,-1,-1,-1,-1,-1,-1,-1,-1,-1,-1,-1,-1,-1,-1,-1,-1
4634,1,-1,-0.0799625600647713,-0.0799625600647713,-0.0799625600647712,-0.0799625600647713,-0.0799625600647713,-0.0799625600647713,-0.0799625600647712,-0.0799625600647713,-0.0799625600647714,-0.0799625600647712,-0.0799625600647713,-0.0799625600647711,-0.0799625600647714,-0.0799625600647712,-0.129691875063941,-0.129691875063941,-0.129691875063941,-0.129691875063941,-0.129691875063941,-1,-1,-1,-1,-1,-1,-1,-1,-1,-1,-1,-1,-1,-1,-1,-1,-1,-1,-1,-1,-1,-1,-1,-1,-1
25478,1,-1,-1,-1,0.215599800339355,-1,-1,-1,-1,-1,-1,-1,-1,-1,-1,-1,-1,-1,-1,-1,-1,-1,-1,-1,-1,-1,-1,-1,-1,-1,-1,-1,-1,-1,-1,-1,-1,-1,-1,-1,-1,-1,-1,-1,-1,-1
25479,1,-1,-1,-1,-1,-0.0532455119532251,-0.106455330914287,-1,-1,-1,-1,-1,-1,-1,-1,-1,-1,-1,-1,-1,-1,-1,-1,-1,-1,-1,-1,-1,-1,-1,-1,-1,-1,-1,-1,-1,-1,-1,-1,-1,-1,-1,-1,-1,-1,-1
8833,1,-1,-1,-1,-1,-1,-1,-1,-1,-1,0.531478917042255,0.427562475278839,0.148168577326775,-1,-1,-1,-1,-1,-1,-1,-1,-1,-1,-1,-1,-1,-1,-1,-1,-1,-1,-1,-1,-1,-1,-1,-1,-1,-1,-1,-1,-1,-1,-1,-1,-1
10409,1,-1,-1,-1,-1,0.00368157593208718,0.00328209137463009,0.00413307740865387,0.0101468190930818,0.0229422898074989,0.0343326863141842,0.02842936855879,-0.00226078626017934,-0.0434214091830221,-0.0682284480834077,-0.0640766904478576,-0.0474819602839298,-0.0486343142762313,-0.0818598406449595,-0.133800944567092,-0.178797985148463,-0.201265342546353,-1,-1,-1,-1,-1,-1,-1,-1,-1,-1,-1,-1,-1,-1,-1,-1,-1,-1,-1,-1,-1,-1,-1,-1
19645,1,-1,-1,-1,-1,-1,-1,-1,-1,-1,-1,-1,-1,-1,-1,-1,-1,-1,-1,-1,-1,-1,-1,-1,-1,-1,-1,-1,-1,-1,0.0175204239793953,0.0173977709055602,0.0166330347014068,0.0150176550219658,0.0132507568988025,0.0122549905852112,0.0119611656760243,0.0113027509990555,0.00969041312854424,0.00811805579512992,0.00822527370730342,0.010187877805294,0.0120624948273931,0.0117135480268442,0.00927040376578514,0.00707697627421222
956,1,-1,-1,-1,-1,0.0442946617252962,0.0359074445717074,0.021761254707237,0.00732101373446925,-0.00300216969961831,-0.00821913967732435,-0.00992990798714621,-1,-1,-1,-1,-1,-1,-1,-1,-1,-1,-1,-1,-1,-1,-1,-1,-1,-1,-1,-1,-1,-1,-1,-1,-1,-1,-1,-1,-1,-1,-1,-1,-1,-1
957,1,-1,-1,-1,-1,-1,0.0786097477173116,0.0748229101024311,0.0441423193027912,-0.0190881369047555,-0.0786694975133895,-0.0860344658148247,-0.0328835328005652,0.0360956521637239,0.0669014016065146,0.0464309406563495,0.00594895847484977,-0.017410905679752,-0.0133274630770752,0.00370372582560741,0.0159477687722578,-1,-1,-1,-1,-1,-1,-1,-1,-1,-1,-1,-1,-1,-1,-1,-1,-1,-1,-1,-1,-1,-1,-1,-1,-1
8781,1,-1,-1,-1,-1,-1,-0.00258511055067889,-0.0068455066942289,-0.0155513492554746,-0.0267416355159974,-0.0368430882349371,-0.0427732847720631,-0.043858276326282,-0.0415277056207137,-0.0361693882009114,-0.0280977384360105,-0.0185560907582116,-0.00776021315733533,0.00407766977775526,0.0144683599394793,0.0191691147009738,0.0172172395157062,0.00807967417189492,-0.0101045501527873,-0.0359536140251686,-0.0650913040528694,-0.0932076980123479,-0.118168900961089,-0.139637882959622,-0.157614644007944,-0.172099184106042,-0.183091503253937,-0.190591601451619,-0.19459947869908,-0.195654200463265,-0.195912028611892,-1,-1,-1,-1,-1,-1,-1,-1,-1,-1
11998,1,-1,-1,-1,-1,-1,-1,-1,-1,-0.263241434774582,0,0,0,0,0,0,0,0,0,0,0,0,0,0,0,0,0.167896050961597,0.167896050961597,-1,-1,-1,-1,-1,-1,-1,-1,-1,-1,-1,-1,-1,-1,-1,-1,-1,-1
11953,1,-1,-1,-1,-1,-1,-1,-1,-1,-1,-1,-1,-1,-1,-1,-1,-1,-1,-1,-1,-1,-1,-1,-1,-1,-1,-1,-1,-1,-1,-1,0.342422680822206,-1.04139268515823,0.778151250383644,0.0669467896306132,0.154901959985743,-0.154901959985743,-1,-1,-1,-1,-1,-1,-1,-1,-1
12004,1,-1,-1,-1,-1,-1,-1,-1,-1,-0.297809008227897,-0.114398423949597,-0.114398423949597,-0.114398423949597,-0.114398423949597,-0.114398423949597,-0.114398423949597,-0.114398423949597,-0.114398423949597,-0.114398423949597,-0.114398423949597,-0.114398423949597,-0.114398423949597,-0.114398423949597,-0.114398423949597,-0.114398423949597,-0.114398423949597,0,0,-1,-1,-1,-1,-1,-1,-1,-1,-1,-1,-1,-1,-1,-1,-1,-1,-1,-1
12003,1,-1,-1,-1,-1,-1,-1,-1,-1,-0.176091259055681,0.01100570369098,0.0110057036909801,0.0110057036909801,0.0110057036909801,0.01100570369098,0.0110057036909801,0.0110057036909801,0.01100570369098,0.0110057036909801,0.01100570369098,0.0110057036909801,0.0110057036909801,0.0110057036909801,0.01100570369098,0.0110057036909801,0.0110057036909801,0,0,-1,-1,-1,-1,-1,-1,-1,-1,-1,-1,-1,-1,-1,-1,-1,-1,-1,-1
12002,1,-1,-1,-1,-1,-1,-1,-1,-1,0.0114294617807817,0.00943348579800896,0.00943348579800873,0.00943348579800896,0.00943348579800873,0.00943348579800896,0.00943348579800896,0.00943348579800873,0.00943348579800896,0.00943348579800873,0.00943348579800896,0.00943348579800873,0.00943348579800896,0.00943348579800873,0.00943348579800896,0.00943348579800896,0.00943348579800896,-0.280152621610481,-0.280152621610481,-1,-1,-1,-1,-1,-1,-1,-1,-1,-1,-1,-1,-1,-1,-1,-1,-1,-1
11954,1,-1,-1,-1,-1,-1,-1,-1,-1,-1,-1,-1,-1,-1,-1,-1,-1,-1,-1,-1,-1,-1,-1,-1,-1,-1,-1,-1,-1,-1,-1,1.84488404913439,-1.84488404913439,2.193604322784,-0.253053491338552,0.298532806276522,-0.978025963585741,-1,-1,-1,-1,-1,-1,-1,-1,-1
12001,1,-1,-1,-1,-1,-1,-1,-1,-1,-0.471406771195233,0.0185469498552942,0.018546949855294,0.0185469498552942,0.0185469498552941,0.0185469498552942,0.0185469498552941,0.0185469498552941,0.0185469498552942,0.0185469498552941,0.0185469498552941,0.0185469498552941,0.0185469498552941,0.0185469498552942,0.0185469498552941,0.0185469498552941,0.0185469498552941,-1.00216068689132,-1.00216068689132,-1,-1,-1,-1,-1,-1,-1,-1,-1,-1,-1,-1,-1,-1,-1,-1,-1,-1
12000,1,-1,-1,-1,-1,-1,-1,-1,-1,0,0.0186352096882736,0.0186352096882737,0.0186352096882736,0.0186352096882736,0.0186352096882736,0.0186352096882737,0.0186352096882737,0.0186352096882736,0.0186352096882736,0.0186352096882737,0.0186352096882736,0.0186352096882736,0.0186352096882736,0.0186352096882737,0.0186352096882736,0.0186352096882737,-1.08948847364658,-1.08948847364658,-1,-1,-1,-1,-1,-1,-1,-1,-1,-1,-1,-1,-1,-1,-1,-1,-1,-1
11960,1,-1,-1,-1,-1,-1,-1,-1,-1,-1,-1,-1,-1,-1,-1,-1,-1,-1,-1,-1,-1,-1,-1,-1,-1,-1,-1,-1,-1,-1,-1,1.90848501887865,0,0,0.2983408571532,-2.20682587603185,0,-1,-1,-1,-1,-1,-1,-1,-1,-1
11999,1,-1,-1,-1,-1,-1,-1,-1,-1,1.938090651061,-0.0185031447248795,-0.0185031447248795,-0.0185031447248794,-0.0185031447248795,-0.0185031447248794,-0.0185031447248795,-0.0185031447248794,-0.0185031447248794,-0.0185031447248795,-0.0185031447248795,-0.0185031447248794,-0.0185031447248795,-0.0185031447248794,-0.0185031447248794,-0.0185031447248795,-0.0185031447248794,0.297284447310081,0.297284447310081,-1,-1,-1,-1,-1,-1,-1,-1,-1,-1,-1,-1,-1,-1,-1,-1,-1,-1
11997,1,-1,-1,-1,-1,-1,-1,-1,-1,-2.17897694729317,0,0,0,0,0,0,0,0,0,0,0,0,0,0,0,0,0.853785088048968,0.853785088048968,-1,-1,-1,-1,-1,-1,-1,-1,-1,-1,-1,-1,-1,-1,-1,-1,-1,-1
11996,1,-1,-1,-1,-1,-1,-1,-1,-1,0.136219747017989,0.0506459958596903,0.0506459958596903,0.0506459958596903,0.0506459958596903,0.0506459958596903,0.0506459958596903,0.0506459958596903,0.0506459958596903,0.0506459958596901,0.0506459958596903,0.0506459958596903,0.0506459958596903,0.0506459958596905,0.0506459958596901,0.0506459958596905,0.0506459958596901,-0.163841095217711,-0.163841095217711,-1,-1,-1,-1,-1,-1,-1,-1,-1,-1,-1,-1,-1,-1,-1,-1,-1,-1
11958,1,-1,-1,-1,-1,-1,-1,-1,-1,-1,-1,-1,-1,-1,-1,-1,-1,-1,-1,-1,-1,-1,-1,-1,-1,-1,-1,-1,-1,-1,-1,0,0,1.65748079856802,0.770113491991002,-0.770113491991002,0,-1,-1,-1,-1,-1,-1,-1,-1,-1
4541,1,-1,-1,-1,-1,-1,-1,-1,-1,-1,-1,-1,-1,-1,-1,-1,-1,-1,-1,-1,-1,-1,-1,-1,-1,-1,-1,-1,-1,-1,-1,-1,0.288440868355961,0.130688439386015,0.101260637134667,-0.0969977699507798,-1,-1,-1,-1,-1,-1,-1,-1,-1,-1
22783,1,-1,-1,-1,-1,-1,-1,-1,-1,-1,-1,-1,-1,-1,-1,-1,-1,-1,-1,-1,-1,-1,-1,-1,-1,-1,-1,-1,-1,-1,-1,-1,-1,-1,-1,-0.166868442768612,-0.145754876999771,-1,-1,-1,-1,-1,-1,-1,-1,-1
11995,1,-1,-1,-1,-1,-1,-1,-1,-1,0.176091259055681,0,0,0,0,0,0,0,0,0,0,0,0,0,0,0,0,-0.389075625191822,-0.389075625191822,-1,-1,-1,-1,-1,-1,-1,-1,-1,-1,-1,-1,-1,-1,-1,-1,-1,-1
11966,1,-1,-1,-1,-1,-1,-1,-1,-1,-1,-1,-1,-1,-1,-1,-1,-1,-1,-1,-1,-1,-1,-1,-1,-1,-1,-1,-1,-1,-1,-1,0,0,0,0,0,2.00432137378264,-1,-1,-1,-1,-1,-1,-1,-1,-1
18332,1,-1,-1,-1,-1,-1,-1,-1,-1,-1,-1,-1,-1,-1,-1,-1,-1,-1,-1,-1,-1,-1,-1,-1,-1,-1,-1,-1,-1,-1,-1,-1,-1,-1,-1,-1,-1,-1,-1,-0.198148074289526,0.0727381062865824,-1,-1,-1,-1,-1
11994,1,-1,-1,-1,-1,-1,-1,-1,-1,0.522878745280338,-0.0188143747289988,-0.0188143747289988,-0.0188143747289988,-0.0188143747289988,-0.0188143747289988,-0.0188143747289988,-0.0188143747289988,-0.0188143747289988,-0.0188143747289988,-0.0188143747289988,-0.0188143747289988,-0.0188143747289988,-0.0188143747289988,-0.0188143747289987,-0.0188143747289989,-0.0188143747289987,-0.349485002168009,-0.349485002168009,-1,-1,-1,-1,-1,-1,-1,-1,-1,-1,-1,-1,-1,-1,-1,-1,-1,-1
11963,1,-1,-1,-1,-1,-1,-1,-1,-1,-1,-1,-1,-1,-1,-1,-1,-1,-1,-1,-1,-1,-1,-1,-1,-1,-1,-1,-1,-1,-1,-1,0,0,2.00432137378264,0,-2.00432137378264,0,-1,-1,-1,-1,-1,-1,-1,-1,-1
8956,1,-1,-1,-1,-1,-1,-1,-1,-1,0.0278942786344647,0.0219509507572699,0.010553666844709,-0.00385912763673013,-0.0181881873748544,-0.0299793465536502,-0.0378544598313371,-0.0415185173386903,-1,-1,-1,-1,-1,-1,-1,-1,-1,-1,-1,-1,-1,-1,-1,-1,-1,-1,-1,-1,-1,-1,-1,-1,-1,-1,-1,-1,-1
12517,1,-1,-1,-1,-1,-1,-1,-1,-1,-1,-1,-1,-0.318365557996463,-1,-1,-1,-1,-1,-1,-1,-1,-1,-1,-1,-1,-1,-1,-1,-1,-1,-1,-1,-1,-1,-1,-1,-1,-1,-1,-1,-1,-1,-1,-1,-1,-1
3590,1,-1,-1,-1,-1,-1,-1,-1,-1,-1,-1,-1,-1,0.105097275349793,0.0714776868953013,0.0258778493844289,-0.00715388998403221,-0.0277216784457095,-0.049678138975553,-0.0699286392274081,-0.0667728960541525,-0.0316234284573853,0.0115712428306456,0.0293742638180796,0.0156025898834609,-0.0060492450241636,-0.0142583031548402,-0.01194185641918,-1,-1,-1,-1,-1,-1,-1,-1,-1,-1,-1,-1,-1,-1,-1,-1,-1,-1
3591,1,-1,-1,-1,-1,-1,-1,-1,-1,-1,-1,-1,-1,-1,-0.0085813002475319,-0.00858130024765313,-0.0085813002478845,-0.00858130024816361,-0.00858130024839565,-0.0085813002484989,-0.00858130024842407,-0.00858130024816539,-0.00858130024776327,-0.00858130024729298,-0.00858130024685355,-0.00858130024653558,-0.00858130024638282,-1,-1,-1,-1,-1,-1,-1,-1,-1,-1,-1,-1,-1,-1,-1,-1,-1,-1,-1
11992,1,-1,-1,-1,-1,-1,-1,-1,-1,-1,-1,-1,-1,-1,-1,-0.0538764180408349,-0.0538764180408347,-0.053876418040835,-0.0538764180408348,-0.0538764180408349,-0.0538764180408349,-0.0538764180408349,-0.0538764180408348,-0.0538764180408349,-0.0538764180408348,-0.053876418040835,-0.0538764180408348,-0.0538764180408349,-0.0538764180408348,-0.0538764180408349,-0.0538764180408349,-0.0538764180408348,-0.0538764180408348,-0.0538764180408349,-0.0538764180408348,-0.0538764180408349,-1,-1,-1,-1,-1,-1,-1,-1,-1,-1
11991,1,-1,-1,-1,-1,-1,-1,-1,-1,-1,-1,-1,-1,-1,-1,0,0,0,0,0,0,0,0,0,0,0,0,0,0,0,0,0,0,0,0,0,-1,-1,-1,-1,-1,-1,-1,-1,-1,-1
11990,1,-1,-1,-1,-1,-1,-1,-1,-1,-1,-1,-1,-1,-1,-1,-1,-1,-1,-1,-1,-1,-1,-1,0.0071202172191045,0.0071202172191045,0.00712021721910427,0.00712021721910472,0.00712021721910427,0.0071202172191045,0.0071202172191045,0.0071202172191045,0.00712021721910427,0.00712021721910472,0.00712021721910427,0.0071202172191045,0.00712021721910427,0.0071202172191045,0.0071202172191045,0.0071202172191045,0.0071202172191045,-1,-1,-1,-1,-1,-1
7671,1,-1,-1,-1,-1,-1,-1,-1,-1,-1,-1,-1,-1,-1,-1,1.00216068689132,1.00216068689132,0,0,0,0,0,0,0,0,-1,-1,-1,-1,-1,-1,-1,-1,-1,-1,-1,-1,-1,-1,-1,-1,-1,-1,-1,-1,-1
7669,1,-1,-1,-1,-1,-1,-1,-1,-1,-1,-1,-1,-1,-1,-1,-0.0367886842648131,-0.0367886842648133,0.0295380832534158,0.0295380832534158,0.0295380832534158,0.0295380832534158,0.0295380832534158,0.0295380832534158,0.0295380832534156,0.0295380832534158,-1,-1,-1,-1,-1,-1,-1,-1,-1,-1,-1,-1,-1,-1,-1,-1,-1,-1,-1,-1,-1
7668,1,-1,-1,-1,-1,-1,-1,-1,-1,-1,-1,-1,-1,-1,-1,-0.0304324544117085,-0.0304324544117085,-0.0102833540763627,-0.0102833540763627,-0.0102833540763627,-0.0102833540763627,-0.0102833540763627,-0.0102833540763627,-0.0102833540763627,-0.0102833540763627,-1,-1,-1,-1,-1,-1,-1,-1,-1,-1,-1,-1,-1,-1,-1,-1,-1,-1,-1,-1,-1
25504,1,-1,-1,-1,-1,-1,-1,-1,-1,-1,-1,-1,-1,-1,-1,-1,-1,-1,-1,-1,-1,-1,-1,-1,-1,-0.447158031342219,-1,-1,-1,-1,-1,-1,-1,-1,-1,-1,-1,-1,-1,-1,-1,-1,-1,-1,-1,-1
25503,1,-1,-1,-1,-1,-1,-1,-1,-1,-1,-1,-1,-1,-1,-1,-1,-1,-1,-1,-1,-1,-1,-1,-1,-1,-0.0321846833714012,-1,-1,-1,-1,-1,-1,-1,-1,-1,-1,-1,-1,-1,-1,-1,-1,-1,-1,-1,-1
12406,1,-1,-1,-1,-1,-1,-1,-1,-1,-1,-1,-1,-1,-1,-1,-1,-1,-1,-1,-1,-1,-1,-1,-1,-1,-1,-1,-1,-0.0984864012430114,-0.594234653816006,-1,-1,-1,-1,-1,-1,-1,-1,-1,-1,-1,-1,-1,-1,-1,-1
7667,1,-1,-1,-1,-1,-1,-1,-1,-1,-1,-1,-1,-1,-1,-1,0,0,0.00933758052777156,0.00933758052777112,0.00933758052777156,0.00933758052777156,0.00933758052777112,0.00933758052777156,0.00933758052777112,0.00933758052777156,-1,-1,-1,-1,-1,-1,-1,-1,-1,-1,-1,-1,-1,-1,-1,-1,-1,-1,-1,-1,-1
7666,1,-1,-1,-1,-1,-1,-1,-1,-1,-1,-1,-1,-1,-1,-1,0.0518747187691808,0.051874718769181,-0.00724899337221085,-0.00724899337221085,-0.00724899337221085,-0.00724899337221063,-0.00724899337221108,-0.00724899337221063,-0.00724899337221085,-0.00724899337221085,-1,-1,-1,-1,-1,-1,-1,-1,-1,-1,-1,-1,-1,-1,-1,-1,-1,-1,-1,-1,-1
7665,1,-1,-1,-1,-1,-1,-1,-1,-1,-1,-1,-1,-1,-1,-1,0.0684552267393173,0.0684552267393173,-0.258425462659897,-0.258425462659898,-0.258425462659897,-0.258425462659897,-0.258425462659897,-0.258425462659898,-0.258425462659897,-0.258425462659897,-1,-1,-1,-1,-1,-1,-1,-1,-1,-1,-1,-1,-1,-1,-1,-1,-1,-1,-1,-1,-1
6325,1,-1,-1,-1,-1,-1,-1,-1,-1,-1,-1,-1,-1,-1,-1,-0.39175463174118,-1,-1,-1,-1,-1,-1,-1,-1,-1,-1,-1,-1,-1,-1,-1,-1,-1,-1,-1,-1,-1,-1,-1,-1,-1,-1,-1,-1,-1,-1
25500,1,-1,-1,-1,-1,-1,-1,-1,-1,-1,-1,-1,-1,-1,-1,-1,-1,-1,-1,-1,-1,-1,-1,-1,-1,-0.330993219041425,-1,-1,-1,-1,-1,-1,-1,-1,-1,-1,-1,-1,-1,-1,-1,-1,-1,-1,-1,-1
19727,1,-1,-1,-1,-1,-1,-1,-1,-1,-1,-1,-1,-1,-1,-1,-1,-1,-1,-1,-1,-1,-1,-1,-1,-1,-0.0821867561873502,-1,-1,-1,-1,-1,-1,-1,-1,-1,-1,-1,-1,-1,-1,-1,-1,-1,-1,-1,-1
12407,1,-1,-1,-1,-1,-1,-1,-1,-1,-1,-1,-1,-1,-1,-1,-1,-1,-1,-1,-1,-1,-1,-1,-1,-1,-1,-1,-1,-0.296874035892823,0.277663777339769,-1,-1,-1,-1,-1,-1,-1,-1,-1,-1,-1,-1,-1,-1,-1,-1
4828,1,-1,-1,-1,-1,-1,-1,-1,-1,-1,-1,-1,-1,-1,-1,0.00218306377039207,0.00218306377047084,0.00218306377064581,0.00218306377087291,0.00218306377104571,0.00218306377110111,0.00218306377113459,0.00218306377139538,0.00218306377212263,0.00218306377334687,0.00218306377485133,0.0021830637763266,0.00218306377758415,0.00218306377864358,0.0021830637796359,0.00218306378064487,0.00218306378162669,0.00218306378245914,0.00218306378304128,0.00218306378335847,0.00218306378347538,-1,-1,-1,-1,-1,-1,-1,-1,-1,-1
6240,1,-1,-1,-1,-1,-1,-1,-1,-1,-1,-1,-1,-1,-1,-1,-1,-1,-1,-1,0.369911285071794,-0.412663265492744,0.477121254719663,-0.408040335576364,0.387599175333819,-1,-1,-1,-1,-1,-1,-1,-1,-1,-1,-1,-1,-1,-1,-1,-1,-1,-1,-1,-1,-1,-1
4826,1,-1,-1,-1,-1,-1,-1,-1,-1,-1,-1,-1,-1,-1,-1,-0.00263056928093908,-0.00269308550355196,-0.00234243770702661,-0.00122995100294795,0.000408178701436196,0.00208194984085536,0.00361002387434828,0.00505452427490238,0.00620455741560316,0.00651482758301511,0.00569667906974577,0.00411771212759621,0.00241420030942868,0.000879294516292706,-0.000524016096270397,-0.00168236310730852,-0.00225413939075469,-0.00217077969288071,-0.0018874199330112,-1,-1,-1,-1,-1,-1,-1,-1,-1,-1,-1,-1
925,1,-1,-1,-1,-1,-1,-1,-1,-1,-1,-1,-1,-1,-1,-1,-1,-1,-0.1249387366083,0.176091259055681,0.0599979296752853,-0.0599979296752853,0.1010523457103,0.101052345710299,-0.0212019242765435,-0.0212019242765438,-0.0469965626762234,0.0357155522665344,-1,-1,-1,-1,-1,-1,-1,-1,-1,-1,-1,-1,-1,-1,-1,-1,-1,-1,-1
920,1,-1,-1,-1,-1,-1,-1,-1,-1,-1,-1,-1,-1,-1,-1,-1,-1,-1,0.447158031342219,0.165625825377516,0.127578832774508,-0.0691513490831408,-0.0691513490831408,0.0105946495349691,0.0105946495349691,0.1249387366083,0.0442036624920534,-1,-1,-1,-1,-1,-1,-1,-1,-1,-1,-1,-1,-1,-1,-1,-1,-1,-1,-1
922,1,-1,-1,-1,-1,-1,-1,-1,-1,-1,-1,-1,-1,-1,-1,-1,-1,-1,-1,0.0771659548122992,-0.403019534201313,0.22987357932512,0.22987357932512,0.0129036318031428,0.0129036318031428,-0.184524426592544,0.158717162986258,-1,-1,-1,-1,-1,-1,-1,-1,-1,-1,-1,-1,-1,-1,-1,-1,-1,-1,-1
921,1,-1,-1,-1,-1,-1,-1,-1,-1,-1,-1,-1,-1,-1,-1,-1,-1,-1,-1,0.364699075533359,0.0193051551953867,0.0287007358621914,0.0287007358621916,-0.0673492869487284,-0.067349286948728,-0.123062731609545,0.0754210971743179,-1,-1,-1,-1,-1,-1,-1,-1,-1,-1,-1,-1,-1,-1,-1,-1,-1,-1,-1
923,1,-1,-1,-1,-1,-1,-1,-1,-1,-1,-1,-1,-1,-1,-1,-1,-1,-1,-1,-1,-0.176091259055681,0.272034022175138,0.272034022175138,0,0,-0.146128035678238,-0.0969100130080565,-1,-1,-1,-1,-1,-1,-1,-1,-1,-1,-1,-1,-1,-1,-1,-1,-1,-1,-1
924,1,-1,-1,-1,-1,-1,-1,-1,-1,-1,-1,-1,-1,-1,-1,-1,-1,-1,-1,-1,-1,-0.0131644693611745,-0.0131644693611745,0.0373168091484521,0.0373168091484519,-0.433655560938572,0.301029995663981,-1,-1,-1,-1,-1,-1,-1,-1,-1,-1,-1,-1,-1,-1,-1,-1,-1,-1,-1
8778,1,-1,-1,-1,-1,-1,-1,-1,-1,-1,-1,-1,-1,-1,-1,-1,-1,-1,-1,-1,-0.101457640758777,0.16840443038939,0.206054482433125,0.210110346345112,-0.240073569722555,-1,-1,-1,-1,-1,-1,-1,-1,-1,-1,-1,-1,-1,-1,-1,-1,-1,-1,-1,-1,-1
8777,1,-1,-1,-1,-1,-1,-1,-1,-1,-1,-1,-1,-1,-1,-1,-1,-1,-1,-1,-1,-0.301029995663981,0.361727836017593,0.163316971019252,0.388769045346872,-0.173451162889473,-1,-1,-1,-1,-1,-1,-1,-1,-1,-1,-1,-1,-1,-1,-1,-1,-1,-1,-1,-1,-1
12521,1,-1,-1,-1,-1,-1,-1,-1,-1,-1,-1,-1,-1,-1,-1,-1,-1,-1,-1,-1,-1,0.0234752199828785,0.0234752199828753,0.0234752199828994,0.0234752199830006,0.023475219983222,0.023475219983574,0.0234752199840302,0.0234752199845443,0.0234752199850762,0.0234752199856035,0.0234752199861094,0.0234752199865662,0.0234752199869376,0.0234752199871985,0.0234752199873541,0.0234752199874376,0.0234752199874886,0.0234752199875292,0.0234752199875607,0.0234752199875781,-1,-1,-1,-1,-1
4306,1,-1,-1,-1,-1,-1,-1,-1,-1,-1,-1,-1,-1,-1,-1,-1,-1,-1,-1,-1,-1,0.735399269962694,-0.267421394682901,-0.371067862271736,-0.221848749616356,-0.301029995663981,-1,-1,-1,-1,-1,-1,-1,-1,-1,-1,-1,-1,-1,-1,-1,-1,-1,-1,-1,-1
11975,1,-1,-1,-1,-1,-1,-1,-1,-1,-1,-1,-1,-1,-1,-1,-1,-1,-1,-1,-1,-1,-1,0.0847973374161679,0.0723672325699818,0.0511130720574204,0.0297770289020129,0.0162979448152418,0.0135529833783909,0.0203349178309016,0.0290340770949316,0.0320258641847881,0.0259954761192791,0.0125052051014976,-0.00343520787406737,-0.0162672575400977,-0.0248219573174522,-0.029099307206129,-1,-1,-1,-1,-1,-1,-1,-1,-1
4896,1,-1,-1,-1,-1,-1,-1,-1,-1,-1,-1,-1,-1,-1,-1,-1,-1,-1,-1,-1,-1,-1,0.119737542922492,-0.12668640287782,0.194380044767991,-0.141673694251988,-0.211629584434671,-1,-1,-1,-1,-1,-1,-1,-1,-1,-1,-1,-1,-1,-1,-1,-1,-1,-1,-1
7813,1,-1,-1,-1,-1,-1,-1,-1,-1,-1,-1,-1,-1,-1,-1,-1,-1,-1,-1,-1,-1,-1,-1,-1,-0.160296991872449,0.0511525224473812,-1,-1,-1,-1,-1,-1,-1,-1,-1,-1,-1,-1,-1,-1,-1,-1,-1,-1,-1,-1
7811,1,-1,-1,-1,-1,-1,-1,-1,-1,-1,-1,-1,-1,-1,-1,-1,-1,-1,-1,-1,-1,-1,-1,-1,-0.0342141005311016,-0.0529360751877985,-1,-1,-1,-1,-1,-1,-1,-1,-1,-1,-1,-1,-1,-1,-1,-1,-1,-1,-1,-1
9085,1,-1,-1,-1,-1,-1,-1,-1,-1,-1,-1,-1,-1,-1,-1,-1,-1,-1,-1,-1,-1,-1,-1,-1,-1,-1,-1,-1,-1,-1,0.045757490560675,0,-1,-1,-1,-1,-1,-1,-1,-1,-1,-1,-1,-1,-1,-1
25315,1,-1,-1,-1,-1,-1,-1,-1,-1,-1,-1,-1,-1,-1,-1,-1,-1,-1,-1,-1,-1,-1,-1,-1,-1,-1,-1,-1,-1,-1,-1,-1,-1,-1,-1,-0.0568930017169059,-0.0407418819488249,-0.0407418819488249,-0.334030255766907,0.308871031796262,-0.08143193008217,-0.0925061541024188,0.0405718231956563,-0.0077667539774009,-0.0077667539774009,-1
25312,1,-1,-1,-1,-1,-1,-1,-1,-1,-1,-1,-1,-1,-1,-1,-1,-1,-1,-1,-1,-1,-1,-1,-1,-1,-1,-1,-1,-1,-1,-1,-1,-1,-1,-1,0.128029813585442,0.00682194033327299,0.0068219403332731,-0.147922643528989,0.058778000553186,-0.59659709562646,0.562292864456475,-0.295121136053461,-1,-1,-1
25309,1,-1,-1,-1,-1,-1,-1,-1,-1,-1,-1,-1,-1,-1,-1,-1,-1,-1,-1,-1,-1,-1,-1,-1,-1,-1,-1,-1,-1,-1,-1,-1,-1,-1,-1,0.192226283009555,-0.149495525344635,-0.149495525344634,-0.00101827592230497,0.055870999874533,0.0558709998745331,-0.136402134219814,-0.136402134219814,-1,-1,-1
25314,1,-1,-1,-1,-1,-1,-1,-1,-1,-1,-1,-1,-1,-1,-1,-1,-1,-1,-1,-1,-1,-1,-1,-1,-1,-1,-1,-1,-1,-1,-1,-1,-1,-1,-1,-1,-0.00389512221312582,-0.00389512221312582,-0.0770302877574098,-0.0770302877574096,0.0476128054187412,0.0476128054187412,-0.0115531096386723,-0.0115531096386721,-1,-1
25313,1,-1,-1,-1,-1,-1,-1,-1,-1,-1,-1,-1,-1,-1,-1,-1,-1,-1,-1,-1,-1,-1,-1,-1,-1,-1,-1,-1,-1,-1,-1,-1,-1,-1,-1,-1,-0.0740020203384967,-0.0740020203384967,0.174181937229806,0.174181937229806,-0.0180731132856951,0.0320088912289875,-0.00807476480812253,-1,-1,-1
18341,1,-1,-1,-1,-1,-1,-1,-1,-1,-1,-1,-1,-1,-1,-1,-1,-1,-1,-1,-1,-1,-1,-1,-0.160255101881397,0.227243781503063,-1,-1,-1,-1,-1,-1,-1,-1,-1,-1,-1,-1,-1,-1,-1,-1,-1,-1,-1,-1,-1
21319,1,-1,-1,-1,-1,-1,-1,-1,-1,-1,-1,-1,-1,-1,-1,-1,-1,-1,-1,-1,-1,-1,-1,-1,0.0017899507407857,0.00178995074088451,0.00178995074103194,0.00178995074124755,0.00178995074169119,0.00178995074249477,0.00178995074355592,0.00178995074456778,0.001789950745267,0.00178995074558563,0.00178995074558896,0.00178995074538002,0.00178995074509514,0.00178995074490218,-1,-1,-1,-1,-1,-1,-1,-1
25297,1,-1,-1,-1,-1,-1,-1,-1,-1,-1,-1,-1,-1,-1,-1,-1,-1,-1,-1,-1,-1,-1,-1,-1,-1,-1,-1,-1,-1,-1,-1,-1,-1,-1,-1,-1,-1,0.0160016277966206,0.0160016277967689,0.0160016277969952,0.0160016277971573,0.0160016277971418,0.0160016277969519,0.0160016277967043,0.0160016277965467,-1
23385,1,-1,-1,-1,-1,-1,-1,-1,-1,-1,-1,-1,-1,-1,-1,-1,-1,-1,-1,-1,-1,-1,-1,-1,-1,-1,-1,-1,-1,-1,-1,-1,-1,-1,-1,-1,-1,-1,-1,-1,-1,-1,0.106894233914657,0.104735350520013,-0.221848749616357,0.0843208857000359
11989,1,-1,-1,-1,-1,-1,-1,-1,-1,-1,-1,-1,-1,-1,-1,-1,-1,-1,-1,-1,-1,-1,-1,-1,-1,-1,-0.0669467896306131,0,-0.0377885608893997,0.0377885608893997,0,0,0,0,0,0,0,0,0,0,0,0,-1,-1,-1,-1
18707,1,-1,-1,-1,-1,-1,-1,-1,-1,-1,-1,-1,-1,-1,-1,-1,-1,-1,-1,-1,-1,-1,-1,-1,-1,-1,-1,-1,-0.425968732272281,0.352182518111363,0,-0.0511525224473814,-1,-1,-1,-1,-1,-1,-1,-1,-1,-1,-1,-1,-1,-1
18706,1,-1,-1,-1,-1,-1,-1,-1,-1,-1,-1,-1,-1,-1,-1,-1,-1,-1,-1,-1,-1,-1,-1,-1,-1,-1,-1,-1,-1.22432336874421,0.477121254719662,0.367976785294594,-0.0669467896306131,-1,-1,-1,-1,-1,-1,-1,-1,-1,-1,-1,-1,-1,-1
18704,1,-1,-1,-1,-1,-1,-1,-1,-1,-1,-1,-1,-1,-1,-1,-1,-1,-1,-1,-1,-1,-1,-1,-1,-1,-1,-1,-1,-0.182930683585987,0.602059991327962,-0.602059991327962,0.301029995663981,-1,-1,-1,-1,-1,-1,-1,-1,-1,-1,-1,-1,-1,-1
18703,1,-1,-1,-1,-1,-1,-1,-1,-1,-1,-1,-1,-1,-1,-1,-1,-1,-1,-1,-1,-1,-1,-1,-1,-1,-1,-1,-1,0.66216735642827,-0.243038048686294,-0.301029995663981,0,-1,-1,-1,-1,-1,-1,-1,-1,-1,-1,-1,-1,-1,-1
11982,1,-1,-1,-1,-1,-1,-1,-1,-1,-1,-1,-1,-1,-1,-1,-1,-1,-1,-1,-1,-1,-1,-1,-1,-1,-1,-1,-1,-0.00143409619697388,-0.070542622037834,-0.070542622037834,-0.0705426220378342,-0.070542622037834,-0.070542622037834,0.102450900191872,0.0652560193197911,0.0467682841224981,0.0329844523596394,3.71887686172467e-05,0.01109092866592,-1,-1,-1,-1,-1,-1
11981,1,-1,-1,-1,-1,-1,-1,-1,-1,-1,-1,-1,-1,-1,-1,-1,-1,-1,-1,-1,-1,-1,-1,-1,-1,-1,-1,-1,-0.00287956787031796,-0.00460927388787535,-0.00592286732820346,-0.00395677737995914,0.00238898653246666,0.0113486113792158,0.0192987610609265,0.0229524085486901,0.021211846126284,0.0156370495776956,0.00946758539676562,0.00575565380904686,-1,-1,-1,-1,-1,-1
12416,1,-1,-1,-1,-1,-1,-1,-1,-1,-1,-1,-1,-1,-1,-1,-1,-1,-1,-1,-1,-1,-1,-1,-1,-1,-1,-1,-1,-1,-0.134698573897456,-1,-1,-1,-1,-1,-1,-1,-1,-1,-1,-1,-1,-1,-1,-1,-1
11983,1,-1,-1,-1,-1,-1,-1,-1,-1,-1,-1,-1,-1,-1,-1,-1,-1,-1,-1,-1,-1,-1,-1,-1,-1,-1,-1,-1,-1,-1,0.110424044374285,0.108241703291411,0.101347671824219,0.087781877209449,0.0682669649687291,0.0464910935567711,0.0274630864114769,0.0148430164966611,0.00905202049820808,0.00758930029667959,-1,-1,-1,-1,-1,-1
6361,1,-1,-1,-1,-1,-1,-1,-1,-1,-1,-1,-1,-1,-1,-1,-1,-1,-1,-1,-1,-1,-1,-1,-1,-1,-1,-1,-1,-1,-1,0.058308372843709,-1,-1,-1,-1,-1,-1,-1,-1,-1,-1,-1,-1,-1,-1,-1
11957,1,-1,-1,-1,-1,-1,-1,-1,-1,-1,-1,-1,-1,-1,-1,-1,-1,-1,-1,-1,-1,-1,-1,-1,-1,-1,-1,-1,-1,-1,-1,0,-1.96991744855974,1.67351712221158,0,0.595096847390371,-0.124159517813277,-1,-1,-1,-1,-1,-1,-1,-1,-1
11965,1,-1,-1,-1,-1,-1,-1,-1,-1,-1,-1,-1,-1,-1,-1,-1,-1,-1,-1,-1,-1,-1,-1,-1,-1,-1,-1,-1,-1,-1,-1,-2.00432137378264,0,0,0,0,0,-1,-1,-1,-1,-1,-1,-1,-1,-1
11964,1,-1,-1,-1,-1,-1,-1,-1,-1,-1,-1,-1,-1,-1,-1,-1,-1,-1,-1,-1,-1,-1,-1,-1,-1,-1,-1,-1,-1,-1,-1,-2.00432137378264,0,0,0,2.00432137378264,-2.00432137378264,-1,-1,-1,-1,-1,-1,-1,-1,-1
11961,1,-1,-1,-1,-1,-1,-1,-1,-1,-1,-1,-1,-1,-1,-1,-1,-1,-1,-1,-1,-1,-1,-1,-1,-1,-1,-1,-1,-1,-1,-1,1.70757017609794,-1.70757017609794,2.17897694729317,-2.17897694729317,0,0,-1,-1,-1,-1,-1,-1,-1,-1,-1
11959,1,-1,-1,-1,-1,-1,-1,-1,-1,-1,-1,-1,-1,-1,-1,-1,-1,-1,-1,-1,-1,-1,-1,-1,-1,-1,-1,-1,-1,-1,-1,0,0,0,1.53571596998551,0.688730760350755,-2.22444673033627,-1,-1,-1,-1,-1,-1,-1,-1,-1
11956,1,-1,-1,-1,-1,-1,-1,-1,-1,-1,-1,-1,-1,-1,-1,-1,-1,-1,-1,-1,-1,-1,-1,-1,-1,-1,-1,-1,-1,-1,-1,0.176091259055681,-0.477121254719662,0.477121254719662,-0.176091259055681,0,-0.301029995663981,-1,-1,-1,-1,-1,-1,-1,-1,-1
11955,1,-1,-1,-1,-1,-1,-1,-1,-1,-1,-1,-1,-1,-1,-1,-1,-1,-1,-1,-1,-1,-1,-1,-1,-1,-1,-1,-1,-1,-1,-1,0.465291490753474,-1.85990991931908,0,2.15793143053936,0,-0.0785778795968346,-1,-1,-1,-1,-1,-1,-1,-1,-1
18848,1,-1,-1,-1,-1,-1,-1,-1,-1,-1,-1,-1,-1,-1,-1,-1,-1,-1,-1,-1,-1,-1,-1,-1,-1,-1,-1,-1,-1,-1,-1,-1,-0.0195587789771179,0.116946651356954,-1,-1,-1,-1,-1,-1,-1,-1,-1,-1,-1,-1
17718,1,-1,-1,-1,-1,-1,-1,-1,-1,-1,-1,-1,-1,-1,-1,-1,-1,-1,-1,-1,-1,-1,-1,-1,-1,-1,-1,-1,-1,-1,-1,-1,-1,-0.32735893438633,-0.204119982655925,0.643452676486188,0.237360915794604,-0.734685556602553,-1,-1,-1,-1,-1,-1,-1,-1
17715,1,-1,-1,-1,-1,-1,-1,-1,-1,-1,-1,-1,-1,-1,-1,-1,-1,-1,-1,-1,-1,-1,-1,-1,-1,-1,-1,-1,-1,-1,-1,-1,-1,-0.198657086954423,-0.327902142064283,-0.558154505628881,0.743389144124432,0,-0.141329152796469,-1,-1,-1,-1,-1,-1,-1
17696,1,-1,-1,-1,-1,-1,-1,-1,-1,-1,-1,-1,-1,-1,-1,-1,-1,-1,-1,-1,-1,-1,-1,-1,-1,-1,-1,-1,-1,-1,-1,-1,-1,0.0389575909739088,0.0389575909740312,0.0389575909740469,0.0389575909737691,0.0389575909732957,0.038957590972954,0.0389575909729997,0.0389575909733606,0.0389575909736852,-1,-1,-1,-1
23386,1,-1,-1,-1,-1,-1,-1,-1,-1,-1,-1,-1,-1,-1,-1,-1,-1,-1,-1,-1,-1,-1,-1,-1,-1,-1,-1,-1,-1,-1,-1,-1,-1,-1,0.198187887220101,0.146705518615136,0.0597515348940254,-0.0247923184369867,-0.0726932392317567,-0.0757471440040978,-0.053219269756116,-0.0338536355887684,-1,-1,-1,-1
17719,1,-1,-1,-1,-1,-1,-1,-1,-1,-1,-1,-1,-1,-1,-1,-1,-1,-1,-1,-1,-1,-1,-1,-1,-1,-1,-1,-1,-1,-1,-1,-1,-1,-1,-0.391691059395036,-0.602059991327962,0.330993219041424,0.238882088915137,0.141329152796469,-1,-1,-1,-1,-1,-1,-1
17717,1,-1,-1,-1,-1,-1,-1,-1,-1,-1,-1,-1,-1,-1,-1,-1,-1,-1,-1,-1,-1,-1,-1,-1,-1,-1,-1,-1,-1,-1,-1,-1,-1,-1,0.00683942453030548,-0.00683942453030548,0.294081135708653,-0.0365168338257625,-0.57978359661681,-1,-1,-1,-1,-1,-1,-1
17716,1,-1,-1,-1,-1,-1,-1,-1,-1,-1,-1,-1,-1,-1,-1,-1,-1,-1,-1,-1,-1,-1,-1,-1,-1,-1,-1,-1,-1,-1,-1,-1,-1,-1,-0.118099312077994,0.0389180660303696,0.146128035678238,-0.0467434035423262,0.189056236220049,-1,-1,-1,-1,-1,-1,-1
12385,1,-1,-1,-1,-1,-1,-1,-1,-1,-1,-1,-1,-1,-1,-1,-1,-1,-1,-1,-1,-1,-1,-1,-1,-1,-1,-1,-1,-1,-1,-1,-1,-1,-1,-0.0371418080045667,-1,-1,-1,-1,-1,-1,-1,-1,-1,-1,-1
18038,1,-1,-1,-1,-1,-1,-1,-1,-1,-1,-1,-1,-1,-1,-1,-1,-1,-1,-1,-1,-1,-1,-1,-1,-1,-1,-1,-1,-1,-1,-1,-1,-1,-1,-1,0.0497249162416686,0.0491366008777989,0.0480349643130056,0.046689507629522,0.045388692335314,0.0442562575180321,0.0432104916838141,0.04209213527964,0.0408773340434934,0.0397914564149635,0.0391685496672065
18037,1,-1,-1,-1,-1,-1,-1,-1,-1,-1,-1,-1,-1,-1,-1,-1,-1,-1,-1,-1,-1,-1,-1,-1,-1,-1,-1,-1,-1,-1,-1,-1,-1,-1,-1,0.0411537382059997,0.0411537382060689,0.0411537382063869,0.0411537382070741,0.0411537382079992,0.0411537382088505,0.0411537382093845,0.041153738209601,0.0411537382096712,0.0411537382097313,0.0411537382097842
18036,1,-1,-1,-1,-1,-1,-1,-1,-1,-1,-1,-1,-1,-1,-1,-1,-1,-1,-1,-1,-1,-1,-1,-1,-1,-1,-1,-1,-1,-1,-1,-1,-1,-1,-1,-0.00187856960228716,-0.000275016143092888,0.00880388478614802,0.0292840453781127,0.0569998769535358,0.0809940958048367,0.0910086028689119,0.0845043680234161,0.0676222913855857,0.0504114619375928,0.0406453129581137
17914,1,-1,-1,-1,-1,-1,-1,-1,-1,-1,-1,-1,-1,-1,-1,-1,-1,-1,-1,-1,-1,-1,-1,-1,-1,-1,-1,-1,-1,-1,-1,-1,-1,-1,-1,-1,-1,-0.412180447786648,0.159366641633703,0.470722073294503,-0.0826009583127776,-0.0826009583127775,0.0193306489925622,0.0193306489925622,0.0193306489925623,-1
17916,1,-1,-1,-1,-1,-1,-1,-1,-1,-1,-1,-1,-1,-1,-1,-1,-1,-1,-1,-1,-1,-1,-1,-1,-1,-1,-1,-1,-1,-1,-1,-1,-1,-1,-1,-1,-1,-1,-1,-1,-1,-1,0.324511091513504,0.101457640758777,-1,-1
25585,1,-1,-1,-1,-1,-1,-1,-1,-1,-1,-1,-1,-1,-1,-1,-1,-1,-1,-1,-1,-1,-1,-1,-1,-1,-1,-1,-1,-1,-1,-1,-1,-1,-1,-1,-1,-1,-1,-1,-1,-1,-1,-1,-1,0.244972548463494,-1
17687,1,-1,-1,-1,-1,-1,-1,-1,-1,-1,-1,-1,-1,-1,-1,-1,-1,-1,-1,-1,-1,-1,-1,-1,-1,-1,-1,-1,-1,-1,-1,-1,-1,-1,-1,-1,-1,-1,-1,-1,0.116505569071437,-1,-1,-1,-1,-1
17686,1,-1,-1,-1,-1,-1,-1,-1,-1,-1,-1,-1,-1,-1,-1,-1,-1,-1,-1,-1,-1,-1,-1,-1,-1,-1,-1,-1,-1,-1,-1,-1,-1,-1,-1,-1,-1,-1,-1,-1,0.204119982655925,-1,-1,-1,-1,-1
17685,1,-1,-1,-1,-1,-1,-1,-1,-1,-1,-1,-1,-1,-1,-1,-1,-1,-1,-1,-1,-1,-1,-1,-1,-1,-1,-1,-1,-1,-1,-1,-1,-1,-1,-1,-1,-1,-1,-1,-1,0.109621978524194,-1,-1,-1,-1,-1
17683,1,-1,-1,-1,-1,-1,-1,-1,-1,-1,-1,-1,-1,-1,-1,-1,-1,-1,-1,-1,-1,-1,-1,-1,-1,-1,-1,-1,-1,-1,-1,-1,-1,-1,-1,-1,-1,-1,-1,-1,0.345712806269256,-1,-1,-1,-1,-1
17682,1,-1,-1,-1,-1,-1,-1,-1,-1,-1,-1,-1,-1,-1,-1,-1,-1,-1,-1,-1,-1,-1,-1,-1,-1,-1,-1,-1,-1,-1,-1,-1,-1,-1,-1,-1,-1,-1,-1,-1,0.0552926346576657,-1,-1,-1,-1,-1
