ID,min_year,max_year
3405,1959,1998
3406,1970,1980
3407,1977,2003
3408,1970,1980
3409,1991,1999
3410,1970,1997
3411,1957,2004
3412,1986,1995
3413,1986,1995
3414,1986,1995
3415,1986,1995
3416,1986,1995
3417,1986,1995
3418,1987,1995
3419,1986,1995
3420,1986,1995
3421,1960,1993
3422,1995,1999
3423,1992,2003
3424,1960,2006
3425,1985,2001
3426,1966,1976
3427,1972,1996
3428,1972,1991
3429,1974,1996
3430,1988,1998
3431,1974,2000
3432,1984,2000
3433,1961,1992
3434,1972,1991
3435,1986,1995
3436,1986,1995
3437,1986,1995
3438,1986,1995
3439,1986,1995
3440,1986,1995
3441,1986,1995
3442,1986,1995
3443,1986,1995
3444,1970,1987
3445,1966,1976
3446,1983,1992
3447,1981,1986
3448,1981,1986
3449,1980,1987
3450,1976,1979
3451,1978,1998
3452,1977,1993
3453,1970,1990
3454,1980,1993
3455,1972,1991
3456,1986,1995
3457,1986,1995
3458,1986,1995
3459,1986,1995
3460,1986,1995
3461,1986,1995
3462,1986,1995
3463,1986,1995
3464,1986,1995
3465,1976,2007
3466,1975,2002
3467,1978,2002
3468,1985,1993
3469,1979,1987
3470,1955,1975
3471,1955,1975
3472,1955,1975
3473,1966,1976
3474,1955,1975
3475,1955,1975
3476,1972,1991
3477,1986,1989
3478,1982,1993
3479,1973,1982
3480,1973,1994
3481,1991,1996
3482,1990,1996
3483,1991,1996
3484,1986,1995
3485,1972,1997
3486,1986,1995
3487,1986,1995
3488,1960,1993
3489,1986,1995
3490,1986,1995
3491,1986,1995
3492,1986,1995
3493,1986,1995
3494,1986,1995
4316,1998,2002
4317,1998,2002
4321,1961,1997
4322,1961,1997
4323,1980,1993
4324,1980,1997
4325,1975,2003
4328,1994,2000
4329,1994,1999
4330,1994,1999
4331,1994,1999
4332,1994,2000
4333,1994,2000
4334,1995,2000
4335,1994,1999
4336,1989,1998
4337,1993,1998
4338,1993,1998
4339,1993,1998
4349,1998,2001
4350,1975,1980
4351,1981,1999
4352,1975,1980
4353,1981,1999
4354,1981,1999
4355,1981,1999
4356,1981,1999
4357,1998,2002
4358,1998,2002
4359,1977,2001
4360,1977,2001
4361,1977,1986
4362,1987,1994
4363,1987,1994
4364,1995,2002
4365,1995,2002
4366,1996,2002
4367,1996,2002
4368,1994,2002
4369,1994,2004
4370,1996,2004
4371,1997,2004
4372,1997,2002
4373,1995,2004
4374,1995,2004
4375,1994,2004
4376,1993,2002
4377,1992,2002
4378,1999,2002
4379,1992,2002
4380,1994,1997
4382,1986,2001
4383,1986,2001
4384,1986,2001
4385,1987,1997
4386,1987,1997
4394,1997,2000
4395,1997,2000
4396,1987,1999
4397,1987,1999
4398,1971,2003
4399,1972,1992
4400,1977,2001
4445,1988,2001
4446,1988,2001
4447,1973,2008
4448,1988,2005
4449,1988,2005
4450,1998,2005
4476,1995,2006
4518,1994,1998
4543,1965,1975
4547,1965,1975
4549,1965,1975
4550,1965,1975
4551,1965,1975
4552,1962,1975
4553,1965,1975
4554,1965,1975
4556,1965,1975
4560,1952,1995
4587,1952,1995
4588,1952,1995
4589,1970,1997
4590,1952,1995
4591,1952,1995
4618,1950,1996
4619,1975,1996
4620,1975,1996
4621,1975,1996
4622,1975,1996
4623,1975,1996
4625,1953,1991
4809,1959,2003
4835,1987,2005
4836,1987,2005
4837,1987,2005
4838,1987,2005
4839,1987,2005
4840,1987,2005
4841,1987,2005
4842,1987,2005
4844,1981,2006
4845,1981,2006
4846,1981,2006
4847,1981,2006
4848,1981,2006
4872,2002,2003
4873,2002,2003
4892,1979,1999
4963,1987,2001
5085,1960,1993
5086,1960,1993
5087,1960,1993
5088,1960,1993
5089,1977,1993
5090,1960,1993
5328,1950,1996
5371,1975,1985
5373,1975,1984
5494,1961,2001
5821,1966,1976
5836,1959,1974
5841,1963,1972
5842,1962,1972
5843,1962,1972
5844,1962,1972
6171,1970,1980
6188,1992,2001
6189,1986,1998
6191,1989,1998
6192,1978,1987
6216,1978,1987
6217,1978,1987
6218,1978,1987
6270,1959,1979
6271,1959,1979
6309,1978,1987
6310,1978,1987
6349,1987,2005
6355,1990,2005
6371,1987,2004
6394,1984,2004
6395,1986,2004
6449,1977,2008
6452,1978,1987
7914,1978,1987
7915,1978,1987
7916,1978,1987
7917,1978,1987
8036,1986,2009
8037,1986,2009
8038,1992,2006
8039,1970,2009
8040,1980,2008
8041,1986,1996
8042,1971,2008
8043,1974,2008
8044,1978,2007
8045,1973,2001
8046,1975,2001
8058,1989,2000
8103,1988,2007
8104,1988,2007
8119,1996,2007
8184,1987,2008
8185,1987,2008
8214,1993,2005
8215,1993,2005
8216,1997,2005
8217,1997,2005
8221,1995,2009
8226,1996,2009
8250,1996,2007
8733,1999,2004
8734,1999,2001
8744,1999,2001
8746,1999,2001
8904,1984,2006
9045,1999,2004
9046,1999,2004
9104,1990,2002
9144,1987,1996
11297,2002,2007
12335,1986,1993
12372,1993,2002
12373,1993,2002
12374,1993,2002
12376,1993,2002
12378,1993,2002
12387,1993,2002
12389,1993,2002
12390,1993,2002
12422,1997,1999
12423,1997,1999
12424,1990,1992
12429,1990,1992
12554,1999,2005
12560,1999,2005
12681,1984,1986
12685,1993,2004
12692,1995,2004
12693,1995,2004
12694,1983,1997
12695,1983,1997
12696,1989,1997
12697,1985,1997
12698,1983,1997
12699,1983,1997
12700,1985,1997
12701,1990,1997
12702,1983,1993
12726,1978,1981
12727,1999,2002
12728,1999,2002
12729,1999,2002
12730,1999,2002
12731,1999,2002
12732,1994,1998
12733,1994,1998
12734,1994,1998
12735,1994,1998
12736,1999,2003
12737,2001,2003
12738,1996,2003
12739,1978,1981
12740,1978,1981
12741,2006,2008
12742,2006,2008
12743,1999,2005
12744,1999,2005
12745,1999,2003
12746,1999,2003
12747,1999,2003
12748,1999,2003
12749,1999,2003
12750,1999,2003
12751,1999,2003
12752,1999,2003
12753,1999,2003
12754,1971,1973
12755,1971,1974
12756,1971,1973
12757,1971,1974
12758,1971,1974
12759,1971,1973
12760,1971,1974
12785,1995,1997
12786,1995,1997
12787,1995,1997
12788,1995,1997
12789,1995,1997
12790,1995,2014
12791,1995,1997
12792,1995,1997
12793,1995,1997
12794,1995,1997
12906,1995,1997
12907,1996,1997
12908,1996,1997
12909,1996,1997
12910,1996,1997
12911,1996,1997
12912,1996,1997
12914,1996,1997
12917,2002,2004
12919,2002,2004
12920,2002,2004
12921,2002,2004
12922,2002,2004
12923,2002,2004
12925,2002,2004
12926,2002,2004
12927,2002,2004
12929,1997,1998
12932,1996,1997
12936,1972,1997
12937,1973,1977
12940,1973,1977
12941,1973,1977
12942,1973,1977
12943,1973,1977
12956,1975,2015
12966,1982,2010
12970,1989,2015
13072,1993,1994
13078,1989,1994
13079,1989,1994
13090,1989,1994
13264,1995,2006
13279,2003,2010
13284,1986,2008
13287,1985,2008
13289,1986,2005
13290,1989,1994
13293,2005,2007
13297,2005,2007
13298,2005,2010
13301,1987,1992
13303,1987,1992
13306,1987,1992
13312,1994,2007
13338,1981,1984
13340,1981,1984
13342,1981,1984
13344,1981,1984
13345,1981,1984
13354,1995,1997
13356,2000,2002
13357,2000,2002
13358,1995,1997
13359,1995,1997
13366,1997,2006
13367,1990,1991
13368,1989,1991
13369,1989,1991
13445,1976,1978
13501,1997,2008
13502,2007,2008
13503,1994,2008
13504,2001,2008
13505,1998,2008
13506,1994,2008
13507,2003,2008
13508,1998,2008
13509,1994,2008
13510,2001,2008
13511,1995,2008
13512,2007,2008
14539,1989,1993
14541,1968,1977
14544,1983,2005
14856,1994,1997
14857,1994,1997
14868,2000,2007
14869,2000,2007
14870,2000,2007
14871,2000,2007
14872,2000,2007
17787,1997,2007
17813,2004,2010
17815,1997,2011
17816,1997,2011
17817,2004,2010
17826,2005,2011
17833,1995,1998
17837,2000,2004
17845,1977,2014
17851,2011,2012
17859,1982,2009
17962,1972,2014
17963,1961,1997
17964,1963,2013
17966,1988,2014
17967,1990,2014
17968,1993,2014
17969,1988,1998
17970,1993,2014
17971,1988,2014
17972,1993,2014
17973,1990,2014
17974,1984,1999
17975,1990,1998
17976,1994,2014
17977,1990,1998
17978,1994,2014
17979,1990,2015
17980,1991,2014
17981,1990,1998
17982,1994,2014
17983,1990,2000
17984,1990,1998
17985,1994,2014
17986,1991,2014
17987,1990,2014
17988,1984,1999
17989,1995,1999
17990,1985,2008
17991,1985,2008
17992,1985,2008
17993,1985,2008
17994,1985,2008
17995,1985,2008
18002,2000,2001
18005,1976,2006
18019,1996,2013
18023,2001,2011
18024,2002,2012
18025,2001,2011
18026,2009,2012
18027,2007,2012
18028,2007,2012
18032,1971,2000
18284,1997,1998
18286,1992,2010
18661,1998,2000
18689,1999,2000
18708,1997,2001
18709,1997,2000
18711,1997,2001
18712,1997,2001
18714,1997,2000
18716,1997,2001
18721,2003,2004
18722,2003,2004
18723,2003,2004
18724,2003,2004
18725,2003,2004
18726,2003,2004
18727,2003,2004
18728,2003,2004
18731,1997,2001
18732,2003,2004
18733,2003,2004
18734,2003,2004
18735,2003,2004
18737,2001,2009
18739,2001,2009
18744,1998,2000
18748,1990,2014
18749,2003,2004
18750,2003,2004
18751,2003,2004
18752,2003,2004
18753,2003,2004
18754,2003,2004
18755,2003,2004
18756,2003,2004
18757,2003,2004
18760,2002,2011
18761,1988,2013
18764,1977,2013
18771,1988,2013
18783,1998,2000
18784,1998,2000
18788,1998,2000
18791,1998,2001
18797,1979,1997
18842,1998,2000
18845,1998,2000
18846,1998,2000
18847,1999,2000
18886,1973,2012
18887,1976,2013
18888,1987,2012
18890,1990,2013
19103,1974,2014
19502,1999,2009
19503,1999,2006
19504,1983,2011
19505,1999,2006
19506,1997,2009
19507,1991,2009
19512,2009,2012
19517,2009,2012
19518,2009,2012
19525,1989,2009
19693,1988,2012
19696,2011,2014
19733,2013,2015
19734,2013,2015
19783,1960,2013
19802,1986,2015
19854,1980,2015
19855,2010,2015
19856,2007,2010
19857,2007,2012
19858,2007,2010
19859,2007,2010
20038,2010,2012
20039,2010,2012
20040,2010,2012
20041,2010,2012
20042,2010,2011
20043,2010,2011
20044,2013,2014
20045,2013,2014
20046,2013,2014
20047,2013,2014
20048,2013,2014
20049,2013,2014
20198,1989,2006
20199,2004,2011
20200,1996,2012
20201,2005,2013
20202,1998,2011
20203,2002,2010
20204,2002,2010
20205,2000,2013
20206,1995,2009
20207,1972,2013
20208,1981,2014
20209,1971,2014
20210,1980,2011
20283,1998,2013
20284,1983,2006
20426,2000,2004
20427,2000,2002
20428,2000,2004
20554,2000,2004
20555,2000,2004
20556,2000,2004
20557,2000,2004
21320,2007,2014
21345,1977,2014
21346,1977,2013
21347,1977,2015
21348,1977,2015
21711,1999,2014
21779,2013,2015
21936,2008,2010
21973,2008,2012
21974,2008,2010
21975,2008,2009
21976,2011,2013
21977,2011,2013
21978,2010,2011
21979,2010,2011
21980,2010,2011
21981,2010,2011
21982,2010,2011
21983,2009,2013
21984,1999,2013
21985,2010,2013
21986,2001,2013
21987,2008,2012
21988,2008,2010
21989,2008,2012
22034,1995,2009
22037,2005,2014
22038,2005,2014
22039,1970,2014
22121,1984,2014
22387,1975,2013
22388,1983,2008
22389,1980,2015
22390,1980,2014
22391,1967,1974
22392,1978,1980
22393,1982,1994
22394,1968,1980
22395,1982,2008
22396,1980,2007
22397,1987,2012
22398,1986,2012
22399,2000,2013
22400,2006,2012
22401,1972,2010
22402,1970,2012
22403,1971,2011
22404,1996,2011
22405,1973,1985
22720,2008,2013
22721,1991,2012
22722,2000,2003
22723,2000,2004
22724,2001,2003
22725,2000,2004
22743,1987,2014
22744,1987,2014
22745,1987,2014
22746,1987,2014
22747,1987,2014
22748,1987,2014
22749,1987,2014
22750,1987,2014
22751,1987,2014
22752,1997,2001
22753,1987,1990
22754,1987,1990
22755,1987,1990
22756,1987,1990
22757,1987,1990
22758,1987,1990
22759,1987,1990
22760,1987,1990
22761,1987,1990
22762,1987,1990
22763,1987,1990
22764,1998,2001
22765,1987,2014
22766,1987,2014
22767,1987,2014
22768,1987,2014
22769,1987,2014
22770,1987,2014
22771,1987,2014
22772,1987,2014
22773,1987,2000
22774,1987,2000
22775,2003,2014
22784,2004,2011
22785,2005,2011
22786,2005,2011
22787,1984,1994
22789,1994,2014
22790,1994,2014
22791,1997,2014
22792,1994,2014
22793,1994,2014
22794,1994,2014
22795,1994,2014
22796,1994,2014
22797,1994,2014
22798,1994,2014
22799,1994,2014
22800,1994,2014
22801,1994,2014
22802,2008,2014
22803,1987,2014
22804,1987,2014
22805,1987,2014
22806,1990,2014
22807,1990,2014
22808,1987,2014
22809,1987,2014
22810,1972,2012
22811,1973,1997
22812,1972,2014
22813,1980,2010
22814,1980,1994
22815,1980,1993
22816,1986,1991
22817,1980,2002
22818,1981,1997
22819,1987,1990
22820,1987,1990
22821,1987,1990
22822,1987,1990
22823,1987,1990
22824,1987,1990
22825,1987,1990
22826,1987,1990
22827,1987,1990
22828,1987,1990
22829,1987,1990
22830,1987,2014
22831,1987,2014
22832,1987,2014
22833,1987,2014
22834,1987,2014
22835,1987,2014
22836,1987,2014
22837,1996,2001
22838,1987,1990
22839,1987,1990
22840,1987,1990
22841,1987,1990
22842,1987,1990
22843,1987,1990
22844,1987,1990
22845,1987,1990
22846,1987,1990
22847,1987,1990
22848,1987,1990
22849,1987,1990
22850,1987,1990
22851,1987,1990
22852,1987,1990
22853,1987,1990
22854,1987,1990
22855,1987,1990
22856,1987,1990
22857,1987,1990
22858,1987,1990
22859,1987,1990
22860,1995,1995
22861,1995,1995
22862,1995,1995
22863,1993,2015
