population_id,1970,1971,1972,1973,1974,1975,1976,1977,1978,1979,1980,1981,1982,1983,1984,1985,1986,1987,1988,1989,1990,1991,1992,1993,1994,1995,1996,1997,1998,1999,2000,2001,2002,2003,2004,2005,2006,2007,2008,2009,2010,2011,2012,2013,2014,2015
23571,1,-1,-1,-1,-1,0.0947812406207531,0.103148180118007,0.11160049949208,0.104418901873217,0.0724684789486942,0.0248112139487933,-0.018258237978483,-0.045572615678708,-0.0645283989280975,-0.0864760425949572,-0.106995948879077,-0.108874924474185,-0.0849255102882581,-0.0492793701910501,-0.0226784905571417,-0.0165728439223217,-0.0410645104363505,-0.117196257849924,-0.254490586459244,-0.40486973958747,-0.462281855649198,-0.346938548129348,-0.108185418599898,0.106805792749192,0.263199740289674,0.352309900884307,0.355599756700176,0.329221083464925,0.289383455894699,0.236086873989557,0.169331337749554,0.0895397192725141,-0.00278010699234155,-0.108100660682277,-0.20494680044413,-0.258622126815222,-0.263833989643304,-0.263731187600019,-0.307774883673192,-0.391113544282714,-0.455494944174424
23572,1,-1,-1,-1,-1,-1,-1,-1,-1,-1,-0.344808920242568,0,0,0.205761929722902,-1,-1,-1,-1,-1,-1,-1,-1,-1,-1,-1,-1,-1,-1,-1,-1,-1,-1,-1,-1,-1,-1,-1,-1,-1,-1,-1,-1,-1,-1,-1,-1
17691,1,-1,-1,-1,-1,-1,-1,-1,-1,-1,-1,-1,-1,-1,-1,-1,-1,-1,-1,-0.10048806092392,-0.0943427605952432,-0.0826552094059549,-0.0675662698552083,-0.0507064836432568,-0.0326614545231593,-0.0143514408102438,0.00233545933016033,0.0159036297163033,0.0268612911060745,0.0372195616063723,0.0481327523963957,0.0584187680074066,0.0657772365164446,0.0692703212542822,0.0701465280648139,-1,-1,-1,-1,-1,-1,-1,-1,-1,-1,-1
17690,1,-1,-1,-1,-1,-1,-1,-1,-1,-1,-1,-1,-1,-1,-1,-1,-1,-1,-1,-0.0169502117242395,-0.0723580739974155,-0.124356828674657,-0.108561194013642,-0.0315842160915277,0.0324929630022756,0.0222619185004866,-0.0456468264187858,-0.0950313585913357,-0.0679833275551092,0.0211793209255748,0.1051027469262,0.126457535962605,0.0809717187962926,0.0102955277588728,-0.0366219887838695,-1,-1,-1,-1,-1,-1,-1,-1,-1,-1,-1
19100,1,-1,-1,-1,-1,-1,-1,-1,-1,-1,-1,-1,-1,-1,-1,-1,-1,-1,-1,-1,-1,-1,-1,-1,-1,0.042694944439599,0.0425669955576442,0.0416815677006577,0.0394461233410186,0.0359565631926966,0.0320172152799012,0.0285475779811448,0.0259563993048602,0.0240014655963692,0.0221456458502689,0.0200400687130284,0.0177827156743993,0.0158385941933159,0.0147204985061928,0.0146461590311153,0.0153995295104159,0.0164881724979566,0.0174569802598383,0.0180987867087783,0.0184330871819562,0.0185607487469612
17689,1,-1,-1,-1,-1,-1,-1,-1,-1,-1,-1,-1,-1,-1,-1,-1,-1,-1,-1,-1,-1,-1,-1,-1,-1,-0.0706113449485243,-0.0109068499361874,0.0511504729009632,0.0506177750232191,-0.0105282355841011,-0.0656973371727326,-0.0572368999559297,0.00711455446426923,0.0737419327270905,0.105431549262512,0.109808606308818,-1,-1,-1,-1,-1,-1,-1,-1,-1,-1
17688,1,-1,-1,-1,-1,-1,-1,-1,-1,-1,-1,-1,-1,-1,-1,-1,-1,-1,-1,-1,-1,-1,-1,-1,-1,0.11176993551542,0.0977279240547921,0.0750296205600169,0.0536812206215892,0.0402609024766803,0.0343704908458132,0.0319441820815987,0.030010007975498,0.0281443102469525,0.0268682247365372,0.0262835343632238,-1,-1,-1,-1,-1,-1,-1,-1,-1,-1
10410,1,-1,-1,-1,-1,-0.446404744226181,-0.356202335765899,-0.197066620247321,-0.0196244936903578,0.128415365310136,0.223782403875669,0.266304464566402,-1,-1,-1,-1,-1,-1,-1,-1,-1,-1,-1,-1,-1,-1,-1,-1,-1,-1,-1,-1,-1,-1,-1,-1,-1,-1,-1,-1,-1,-1,-1,-1,-1,-1
12007,1,-1,-1,-1,-1,-1,-1,-1,-1,-1,-1,-1,0.0307604368854824,0.0404229772955469,0.0367006554655041,0.00778876344483725,-0.024985027772245,-0.032875975808889,-0.0188181511329746,-0.0165915771089051,-0.0508176707797956,-0.108287712231458,-0.15135743432556,-0.149607313963371,-0.0937631528254316,0.00750605303666374,0.12634801339182,0.213728281559284,0.22211536400161,0.148844774054471,0.0520503745462475,0.00540931878402673,0.0284406503522552,0.0679886368570071,0.0555998837228662,-0.0206362271535043,-0.109703238562893,-0.160321732187067,-0.162365351177989,-0.115834095535718,-0.0446747994116805,-1,-1,-1,-1,-1
19094,1,-1,-1,-1,-1,-1,-1,-1,-1,-1,-1,-1,-1,-1,-1,-1,-1,-1,-1,-1,-1,-1,-1,-1,-1,-0.052646080526948,-0.0255488506131578,0.0157468625568911,0.0439988710789667,0.0383648124396967,0.00422636523474096,-0.028360087170062,-0.029357761604486,0.00436788437326263,0.046182155624668,0.0641322088110747,0.0481110622933305,0.0137420541885422,-0.0167644678664201,-0.0335257230087636,-0.0395638510159753,-0.0385384243738585,-0.0279346366465338,-0.00543575949992459,0.0218958036503956,0.0399458331448788
21269,1,-1,-1,-1,-1,-1,-1,-1,-1,-1,-1,-1,-1,-1,-1,-1,-1,-1,-1,-1,-1,-1,-1,-1,-1,-1,-1,-1,-1,-1,-1,-1,-1,-1,-1,-1,-0.0607347697643892,-0.07429737577905,-0.101754334706086,-0.134314973181662,-0.155673449658329,-0.153231051227043,-0.128517816714492,-0.0959736148449533,-0.071056933159268,-0.0598224563617543
21268,1,-1,-1,-1,-1,-1,-1,-1,-1,-1,-1,-1,-1,-1,-1,-1,-1,-1,-1,-1,-1,-1,-1,-1,-1,-1,-1,-1,-1,-1,-1,-1,-1,-1,-1,-1,-0.0501116185861379,-0.0501116185857178,-0.0501116185846959,-0.0501116185829488,-0.0501116185805227,-0.0501116185778123,-0.0501116185755647,-0.05011161857443,-0.0501116185743797,-0.0501116185746957
21267,1,-1,-1,-1,-1,-1,-1,-1,-1,-1,-1,-1,-1,-1,-1,-1,-1,-1,-1,-1,-1,-1,-1,-1,-1,-1,-1,-1,-1,-1,-1,-1,-1,-1,-1,-1,0.0863770903772053,0.0198019594725444,-0.0462745398330174,-0.0495684863097379,-0.0102461801609183,0.00905590919778787,-0.00290524554269411,0.00284777751715348,0.0523226162096176,0.10289790994305
23657,1,-1,-1,-1,-1,-1,-1,-0.0601214394109374,-0.0605385598085575,-0.0607787821672348,-0.0601232959165776,-0.058377708316474,-0.0558711299939171,-0.0528803184160155,-0.0492394045708494,-0.044609467539631,-0.0390618277524155,-0.033389783013734,-0.0287051637303206,-0.0257623495529635,-0.0245480253042848,-1,-1,-1,-1,-1,-1,-1,-1,-1,-1,-1,-1,-1,-1,-1,-1,-1,-1,-1,-1,-1,-1,-1,-1,-1
19097,1,-1,-1,-1,-1,-1,-1,-1,-1,-1,-1,-1,-1,-1,-1,-1,-1,-1,-1,-1,-1,-1,-1,-1,-1,-0.0441116114424542,-0.043170164530131,-0.041274343584677,-0.038644427103693,-0.0354362472233785,-0.031532847716025,-0.0267188485126899,-0.0210793737143242,-0.0152565502773727,-0.0102466927830489,-0.00677532546962478,-0.00473133967689243,-0.00323518293976366,-0.0014112926592782,0.000784602070888152,0.00249095316925407,0.00273323478640863,0.00133073085770175,-0.000927224393856951,-0.00290870905123541,-0.00391938828628025
17694,1,-1,-1,-1,-1,-1,-1,-1,-1,-1,-1,-1,-1,-1,-1,-1,-1,-1,-1,-1,-1,-1,-1,-1,-1,-1,-1,-1,-1,-1,-1,-1,-1,-0.397940008672038,0,0.176091259055681,-0.176091259055681,0.176091259055681,-1,-1,-1,-1,-1,-1,-1,-1
25400,1,-1,-1,-1,-1,-1,-1,-1,-1,0.0705810742857076,-0.112704280191288,-0.176091259055681,-1,-1,-1,-1,-1,-1,-1,-1,-1,-1,-1,-1,-1,-1,-1,-1,-1,-1,-1,-1,-1,-1,-1,-1,-1,-1,-1,-1,-1,-1,-1,-1,-1,-1
23087,1,-1,-1,-1,-1,-1,-1,-1,-1,-1,-1,-0.0402584913717803,-0.0402584913717803,-0.0402584913717798,-0.0402584913717803,-0.0402584913717798,-0.0402584913717803,-0.0402584913717803,-0.0402584913717798,-0.0402584913717803,-0.0402584913717803,0.00704349040345065,0.00704349040345065,0.00704349040345065,0.00704349040345065,0.00704349040345065,0.00704349040345065,0.00704349040345065,0.00704349040345065,0.00704349040345065,-1,-1,-1,-1,-1,-1,-1,-1,-1,-1,-1,-1,-1,-1,-1,-1
640,1,-1,-1,-1,-1,-1,-1,-1,-1,-1,-1,-0.136605260096023,-0.136605260096023,-1,-1,-1,-1,-1,-1,-1,-1,-1,-1,-1,-1,-1,-1,-1,-1,-1,-1,-1,-1,-1,-1,-1,-1,-1,-1,-1,-1,-1,-1,-1,-1,-1
12005,1,-1,-1,-1,-1,-1,-1,-1,-1,-1,-1,-1,-1,0.015090299161399,-0.0755211688707327,0.0278608432450964,0.0172823693038282,-0.000172956792060308,-0.000172956792059864,-0.0371912467298641,0.00561837695817724,-1,-1,-1,-1,-1,-1,-1,-1,-1,-1,-1,-1,-1,-1,-1,-1,-1,-1,-1,-1,-1,-1,-1,-1,-1
6961,1,-1,-1,-1,-1,-1,-1,-1,-1,-1,-1,-1,-1,-1,-1,-1,-1,-1,-1,-1,-1,-1,0.0439845600495505,0.0439845600494941,0.0439845600495155,0.0439845600497839,0.0439845600503257,0.0439845600509385,0.0439845600513253,-1,-1,-1,-1,-1,-1,-1,-1,-1,-1,-1,-1,-1,-1,-1,-1,-1
17758,1,-1,-1,-1,-1,-1,-1,-1,-1,-1,-1,-1,-1,-1,-1,-1,-1,-1,-1,-1,-1,-1,-1,-0.0151993157078814,-0.0151993157078437,-0.0151993157076801,-0.0151993157072896,-0.015199315706645,-0.0151993157058203,-0.0151993157049563,-0.015199315704184,-0.0151993157035769,-0.0151993157031447,-0.0151993157028431,-0.015199315702598,-0.0151993157023248,-0.0151993157019675,-0.0151993157015349,-0.0151993157010839,-0.0151993157006785,-0.0151993157003472,-0.0151993157000891,-0.0151993156999082,-0.0151993156998182,-1,-1
17757,1,-1,-1,-1,-1,-1,-1,-1,-1,-1,-1,-1,-1,-1,-1,-1,-1,-1,-1,-1,-1,-1,-1,-0.0263099600158346,-0.0263099600158494,-0.0263099600158759,-0.0263099600159062,-0.0263099600159344,-0.0263099600159645,-0.0263099600160048,-0.026309960016059,-0.026309960016129,-0.0263099600162124,-0.0263099600163028,-0.0263099600163872,-0.0263099600164485,-0.0263099600164722,-0.0263099600164565,-0.0263099600164154,-0.0263099600163692,-0.0263099600163244,-0.0263099600162926,-0.0263099600162759,-0.0263099600162706,-1,-1
17756,1,-1,-1,-1,-1,-1,-1,-1,-1,-1,-1,-1,-1,-1,-1,-1,-1,-1,-1,-1,-1,-1,-1,-0.0307119474523828,-0.0307119474523954,-0.0307119474524217,-0.0307119474524556,-0.0307119474524917,-0.0307119474525328,-0.030711947452589,-0.0307119474526576,-0.0307119474527199,-0.0307119474527604,-0.0307119474527868,-0.0307119474528191,-0.0307119474528539,-0.0307119474528634,-0.0307119474528215,-0.0307119474527413,-0.0307119474526549,-0.0307119474525799,-0.0307119474525097,-0.0307119474524435,-0.0307119474524011,-1,-1
17711,1,-1,-1,-1,-1,-1,-1,-1,-1,-1,-1,0.164212026417263,0.16892239617927,0.172906997545907,0.171310315549505,0.164448034859068,0.15216239573729,0.128062300580702,0.0855742365131809,0.0291887113124685,-0.0252226404060729,-0.0626828954178549,-0.078824863523814,-0.0771263177872725,-0.061503695341099,-0.0355365790496256,-0.0060881796545742,0.0182932733206365,0.0340975713758993,0.044812368230581,0.0545155047642167,0.0618265130340343,0.0622762938094017,0.0551543081795618,0.0455367365519275,0.0395454342967845,-1,-1,-1,-1,-1,-1,-1,-1,-1,-1
12006,1,-1,-1,-1,-1,-1,-1,-1,-1,-1,-1,-1,-1,-0.0135197850873099,0.0823303000886406,-5.78943521357678e-05,0.0195568136205491,0.0107375869207055,0.0107375869207054,0.0258320825611686,0.0201847720050959,-1,-1,-1,-1,-1,-1,-1,-1,-1,-1,-1,-1,-1,-1,-1,-1,-1,-1,-1,-1,-1,-1,-1,-1,-1
19620,1,-1,-1,-1,-1,-1,-1,-1,-1,-1,-1,-1,-1,-1,-1,-1,-1,-1,-1,-1,-1,-1,-1,-1,-1,-1,-1,-1,-1,-1,-0.0194101583300005,-0.0194101583302205,-0.0194101583306899,-0.0194101583313135,-0.0194101583318855,-0.0194101583322393,-0.0194101583323729,-0.0194101583324132,-0.0194101583324757,-0.0194101583325867,-0.0194101583327254,-0.0194101583328774,-0.0194101583330226,-0.0194101583331132,-1,-1
10402,1,-1,-1,-1,-1,-1,-1,-1,-1,-1,-1,-1,-1,-1,-1,-1,-1,-1,-0.0113365299339958,-0.00272645231632662,0.00746755423266787,0.0102930368456486,0.00368247489545426,-0.005194150778141,-0.00607351775383935,0.00372694254445061,0.0121164978362684,-0.00187856435648137,-0.0480442414493214,-0.107262323019288,-0.139417594725507,-0.11812857869214,-0.059685925365327,-0.0110383159685132,-0.00411529059765892,-0.0256237369083308,-0.0374326721432212,-0.0231151075174918,-0.00328689421421169,-1,-1,-1,-1,-1,-1,-1
10400,1,-1,-1,-1,-1,-1,-1,-1,-1,-1,-1,-1,-1,-1,-1,-1,-1,-1,-0.0119670312451849,-0.00836486381099899,-0.000286139122042783,0.00812587903829343,0.00942065075403775,0.0021835824781915,-0.00520656598582914,-0.00457704846670204,-0.000284011414392271,-0.00645800778401906,-0.0306823058985506,-0.0640000966655387,-0.0890882559736565,-0.0954508061459733,-0.0842797234620609,-0.0620654774380278,-0.035209562440405,-0.0106919357611481,0.00436371323306761,0.00810621122930155,0.00647866191223168,-1,-1,-1,-1,-1,-1,-1
10399,1,-1,-1,-1,-1,-1,-1,-1,-1,-1,-1,-1,-1,-1,-1,-1,-1,-1,-1,-1,0.0113814190828148,0.0140954004001907,0.00697777870576433,-0.0117198732667321,-0.0211915051498892,-0.0049498920740243,0.0177961520299341,0.0068465857901876,-0.0483028210271288,-0.107151018842077,-0.119516435480823,-0.0810898205347679,-0.0341050313368372,-0.0146468677869578,-0.0157294118092266,-0.00966372799499604,0.00787570888645939,0.0144462210125726,-0.00163153179176856,-0.0213130737619835,-1,-1,-1,-1,-1,-1
10398,1,-1,-1,-1,-1,-1,-1,-1,-1,-1,-1,-1,-1,-1,-1,-1,-1,-1,-1,-1,-0.00221670688690656,0.00139580496272362,0.00753770439878076,0.0129976532599501,0.0141232810857195,0.00901697348286645,-0.00234483432310117,-0.019899356627195,-0.0437828702698237,-0.0712383677370878,-0.094014177249407,-0.101695420166797,-0.0896577102684561,-0.0633541848155104,-0.0337050589684156,-0.00863184277936679,0.0100963347825729,0.0230831247623136,0.0297964193055287,-1,-1,-1,-1,-1,-1,-1
10390,1,-1,-1,-1,-1,-1,-1,-1,-1,-1,-1,-1,-1,-1,-1,-1,-1,-1,-1,-1,-1,-1,-1,-1,-0.0945297502438809,-0.0945297502441051,-0.094529750244577,-0.094529750245264,-0.0945297502461075,-0.0945297502470259,-0.0945297502478939,-0.0945297502485609,-0.0945297502489284,-0.0945297502490117,-0.094529750248934,-0.0945297502488331,-0.0945297502487812,-0.0945297502487734,-0.0945297502487781,-0.0945297502487803,-1,-1,-1,-1,-1,-1
7115,1,-1,-1,-1,-1,-1,-1,-1,-1,-1,-1,-1,-1,-1,-1,-1,-1,-1,-1,-1,0,0,0,0,0,0,0,0,0,0,0,0,0,0,-1,-1,-1,-1,-1,-1,-1,-1,-1,-1,-1,-1
7114,1,-1,-1,-1,-1,-1,-1,-1,-1,-1,-1,-1,-1,-1,-1,-1,-1,-1,-1,-1,-0.028007890357951,-0.0280078903579508,-0.028007890357951,-0.028007890357951,-0.028007890357951,-0.0280078903579508,-0.028007890357951,-0.028007890357951,-0.028007890357951,-0.0280078903579508,-0.028007890357951,-0.028007890357951,-0.028007890357951,-0.0280078903579508,-1,-1,-1,-1,-1,-1,-1,-1,-1,-1,-1,-1
10394,1,-1,-1,-1,-1,-1,-1,-1,-1,-1,-1,-1,-1,-1,-1,-1,-1,-1,-1,-1,-1,-1,-1,-1,-1,0.00277323895364745,-0.000786922575991778,-0.0104104828661211,-0.0257542628763525,-0.0420259922499819,-0.0544748145464384,-0.0629933951994144,-0.0698062340297225,-0.0728887364418093,-0.0650887554307048,-0.0421662024114655,-0.0102496034682575,0.0176289301397624,0.032861359757122,0.0373148368409499,-1,-1,-1,-1,-1,-1
10396,1,-1,-1,-1,-1,-1,-1,-1,-1,-1,-1,-1,-1,-1,-1,-1,-1,-1,-1,-1,-1,-1,-1,-1,-1,-1,-1,-1,0.0417425363187578,0.0285950798697869,0.0055524626089889,-0.0182876826324976,-0.0330603271804748,-0.0333966655730251,-0.0202705359275597,0.000467897713079646,0.0214407819659055,0.0370787983172443,0.0454906823929029,0.0482974475161491,-1,-1,-1,-1,-1,-1
7112,1,-1,-1,-1,-1,-1,-1,-1,-1,-1,-1,-1,-1,-1,-1,-1,-1,-1,-1,-1,-0.00727135236428844,-0.00727135236428844,-0.00727135236428822,-0.00727135236428844,-0.00727135236428844,-0.00727135236428844,-0.00727135236428822,-0.00727135236428844,-0.00727135236428844,-0.00727135236428844,-0.00727135236428822,-0.00727135236428844,-0.00727135236428844,-0.00727135236428844,-1,-1,-1,-1,-1,-1,-1,-1,-1,-1,-1,-1
19099,1,-1,-1,-1,-1,-1,-1,-1,-1,-1,-1,-1,-1,-1,-1,-1,-1,-1,-1,-1,-1,-1,-1,-1,-1,-0.00947938203928889,-0.045650084827896,-0.052948970655053,0.00484769474910807,0.0706043989238947,0.0663322424247188,-0.000844937142373325,-0.0494562573795427,-0.0288993247558287,0.0289270443528629,0.0661558209558377,0.0651742461241871,0.0398411693117264,-0.00209289850156313,-0.0508651408824763,-0.0703716406723429,-0.0299902016269002,0.0371620749053703,0.0528668275147539,-0.00840731859988209,-0.0775670149313998
10397,1,-1,-1,-1,-1,-1,-1,-1,-1,-1,-1,-1,-1,-1,-1,-1,-1,-1,-1,-1,-1,-1,-1,-1,-1,-1,0.00222235649329794,0.00222235649340674,0.00222235649340141,0.00222235649308988,0.00222235649256031,0.00222235649209468,0.00222235649188307,0.00222235649190217,0.00222235649203117,0.00222235649217817,0.00222235649228586,0.00222235649230629,0.00222235649224434,0.00222235649217906,-1,-1,-1,-1,-1,-1
10389,1,-1,-1,-1,-1,-1,-1,-1,-1,-1,-1,-1,-1,-1,-1,-1,-1,-1,-1,-1,-1,-1,-1,-1,-1,-1,-1,-1,0.0104454536045158,0.0104454536042666,0.0104454536038372,0.0104454536033738,0.0104454536029821,0.0104454536026848,0.0104454536024801,0.0104454536023701,0.0104454536023775,0.0104454536024996,0.0104454536026684,0.0104454536027818,-1,-1,-1,-1,-1,-1
18834,1,-1,-1,-1,-1,-1,-1,-1,-1,-1,-1,-1,-1,-1,-1,-1,-1,-1,-1,-1,-1,-1,-1,-0.141561079216649,-1,-1,-1,-1,-1,-1,-1,-1,-1,-1,-1,-1,-1,-1,-1,-1,-1,-1,-1,-1,-1,-1
18830,1,-1,-1,-1,-1,-1,-1,-1,-1,-1,-1,-1,-1,-1,-1,-1,-1,-1,-1,-1,-1,-1,-1,-0.296036737795556,-1,-1,-1,-1,-1,-1,-1,-1,-1,-1,-1,-1,-1,-1,-1,-1,-1,-1,-1,-1,-1,-1
18832,1,-1,-1,-1,-1,-1,-1,-1,-1,-1,-1,-1,-1,-1,-1,-1,-1,-1,-1,-1,-1,-1,-1,-0.200400896022024,-1,-1,-1,-1,-1,-1,-1,-1,-1,-1,-1,-1,-1,-1,-1,-1,-1,-1,-1,-1,-1,-1
18829,1,-1,-1,-1,-1,-1,-1,-1,-1,-1,-1,-1,-1,-1,-1,-1,-1,-1,-1,-1,-1,-1,-1,-0.360160439779998,-1,-1,-1,-1,-1,-1,-1,-1,-1,-1,-1,-1,-1,-1,-1,-1,-1,-1,-1,-1,-1,-1
19096,1,-1,-1,-1,-1,-1,-1,-1,-1,-1,-1,-1,-1,-1,-1,-1,-1,-1,-1,-1,-1,-1,-1,-1,-1,0.096238194315815,0.105494176282804,0.110933100631361,0.0991154069305158,0.071397112441848,0.0411172386259366,0.0189472964704289,0.00591481574057218,-0.000628807603555881,-0.000346261723061403,0.00786695449377683,0.0203569443075193,0.0295944401336317,0.0304510242339036,0.0232977800730252,0.0113151562892124,-0.00240432917912337,-0.0145354863567393,-0.0214840231587687,-0.0223309973851307,-0.0206159402525676
19095,1,-1,-1,-1,-1,-1,-1,-1,-1,-1,-1,-1,-1,-1,-1,-1,-1,-1,-1,-1,-1,-1,-1,-1,-1,0.0946607141138274,0.0883288784775043,0.0774022574864563,0.0651336206411348,0.0524936572138044,0.0375560391171219,0.0191712108905584,6.53716093697021e-05,-0.0147938860077543,-0.0229024430138334,-0.0263838212525762,-0.0289981591213619,-0.0317165092823295,-0.0321749873712736,-0.0281490136514235,-0.0201713057904485,-0.0101992183562443,0.000952417948271833,0.0132084828676038,0.0246101482875618,0.0313645304147636
10388,1,-1,-1,-1,-1,-1,-1,-1,-1,-1,-1,-1,-1,-1,-1,-1,-1,-1,-1,-1,-1,-1,-1,-1,-1,-1,-1,-1,0.0389914711135906,0.0114601689049918,-0.0258320659265705,-0.047128127213659,-0.0456832046146116,-0.0392745524911391,-0.0471068340914773,-0.0653423354000338,-0.0693362412801479,-0.0413059114078922,0.00658261070357691,0.0413963046420314,-1,-1,-1,-1,-1,-1
19098,1,-1,-1,-1,-1,-1,-1,-1,-1,-1,-1,-1,-1,-1,-1,-1,-1,-1,-1,-1,-1,-1,-1,-1,-1,-1,0.0723827089751827,0.0688475395940209,0.0612229038423084,0.0504054158121403,0.0385817777043753,0.027918293564638,0.0191959153495098,0.0114535794869184,0.00329898827263975,-0.00493347937451238,-0.0102868360559421,-0.00899622809935741,0.000146132818715117,0.0140569826185288,0.0272880506973814,0.0360280274655462,0.0403542575405615,0.0427421487384052,0.044863716600454,0.0463492140129502
17693,1,-1,-1,-1,-1,-1,-1,-1,-1,-1,-1,-1,-1,-1,-1,-1,-1,-1,-1,-1,-1,-1,-1,-1,-1,-1,-1,-1,-1,-1,-1,-1,-1,0,1.53571596998551,0.294658813208041,0,0.539459287106611,-1,-1,-1,-1,-1,-1,-1,-1
10391,1,-1,-1,-1,-1,-1,-1,-1,-1,-1,-1,-1,-1,-1,-1,-1,-1,-1,-1,-1,-1,-1,-1,-1,-1,-1,-0.0829909374356566,-0.0822365772618652,-0.0806345005538793,-0.0771681802698314,-0.0701301148262099,-0.0594683774398821,-0.047882108667608,-0.0381926217919042,-0.0301987821904597,-0.021634691836929,-0.0120623257912051,-0.00406634466116418,-4.11229367824895e-06,0.000896995958122648,-1,-1,-1,-1,-1,-1
10395,1,-1,-1,-1,-1,-1,-1,-1,-1,-1,-1,-1,-1,-1,-1,-1,-1,-1,-1,-1,-1,-1,-1,-1,-1,-1,-1,-1,0.0167339439050054,0.0167339439051768,0.016733943905983,0.0167339439078455,0.0167339439106617,0.0167339439137812,0.0167339439164533,0.0167339439183345,0.0167339439195942,0.0167339439205629,0.0167339439213419,0.0167339439217855,-1,-1,-1,-1,-1,-1
8827,1,-1,-1,-1,-1,-1,-1,-1,-1,-1,-1,-1,-1,-1,-1,-1,-1,-1,-1,-1,-1,-1,-1,-1,-1,-1,-1,-0.187990482355389,0.0177287669604318,-0.356547323513813,0.389971079000762,-1,-1,-1,-1,-1,-1,-1,-1,-1,-1,-1,-1,-1,-1,-1
17712,1,-1,-1,-1,-1,-1,-1,-1,-1,-1,-1,-1,-1,-1,-1,-1,-1,-1,-1,-1,-1,-1,-1,-1,-1,-1,-1,-1,-1,-1,-0.0874823108553779,-0.0874823108553779,-0.174406764214375,-0.201104259427952,-0.0949111023011094,-0.819509992363394,-0.819509992363394,-1,-1,-1,-1,-1,-1,-1,-1,-1
17692,1,-1,-1,-1,-1,-1,-1,-1,-1,-1,-1,-1,-1,-1,-1,-1,-1,-1,-1,-1,-1,-1,-1,-1,-1,-1,-1,-1,-1,-1,-1,-1,-1,1.7294205830536,0.17338358985636,0,0.123578545080853,0.241282947891552,-1,-1,-1,-1,-1,-1,-1,-1
10408,1,-1,-1,-1,-1,-1,-1,-1,-1,-1,-1,-1,-1,-1,-1,-1,-1,-1,-1,-1,-1,-1,-1,-1,-1,-1,-1,-1,-1,-1,-1,-1,-1,0.120176837183676,-1,-1,-1,-1,-1,-1,-1,-1,-1,-1,-1,-1
11951,1,-1,-1,-1,-1,-1,-1,-1,-1,-1,-1,-1,-1,-1,-1,-1,-1,-1,-1,-1,-1,-1,-1,-1,-1,-1,-1,-1,-1,-1,-1,-1,-1,-1,-1,-1,-0.301029995663981,0.425968732272281,-0.204119982655925,0.255272505103306,-1,-1,-1,-1,-1,-1
11950,1,-1,-1,-1,-1,-1,-1,-1,-1,-1,-1,-1,-1,-1,-1,-1,-1,-1,-1,-1,-1,-1,-1,-1,-1,-1,-1,-1,-1,-1,-1,-1,-1,-1,-1,-1,-0.380211241711606,0.414973347970818,-0.159700842867512,0.0457574905606751,-1,-1,-1,-1,-1,-1
