ID,min_year,max_year
265,1966,2004
266,1970,2000
267,1974,2004
268,1960,1977
269,1950,1978
270,1966,2004
271,1975,1998
272,1984,1997
273,1978,1997
274,1989,1997
275,1978,1997
276,1982,1994
277,1983,2005
279,1950,1991
280,1960,1995
281,1982,1994
282,1960,1977
283,1975,1994
284,1975,1998
285,1975,1998
286,1983,1992
287,1986,1996
288,1979,2003
289,1955,2006
290,1981,1995
291,1968,1996
292,1955,1996
293,1966,2000
294,1988,1999
295,1970,1990
296,1990,1995
298,1960,1996
299,1972,1996
300,1950,1993
301,1989,1997
302,1983,1995
303,1970,2000
304,1966,2004
305,1975,1998
306,1973,1992
307,1982,1992
308,1973,1992
310,1978,1997
311,1979,1997
312,1975,1998
313,1975,1998
314,1963,1982
315,1975,1998
316,1975,1998
317,1970,1997
318,1975,1998
319,1975,1998
320,1975,1998
321,1975,1998
322,1975,1998
323,1975,1998
324,1995,2000
325,1991,2000
326,1991,2000
327,1991,2000
328,1992,2000
329,1993,2000
330,1991,2000
331,1994,2000
332,1991,2000
333,1991,2000
334,1991,2000
335,1994,2000
336,1970,1993
337,1978,2000
338,1989,2000
339,1975,1998
340,1975,1998
341,1958,1988
342,1966,2004
343,1975,1998
344,1984,1996
345,1970,2000
346,1966,2004
347,1975,1998
348,1978,1997
349,1978,1997
350,1975,1998
351,1961,1991
352,1970,1998
353,1966,2004
354,1975,1998
355,1981,1996
356,1978,1995
357,1975,1998
358,1963,1982
359,1975,1998
360,1980,1999
361,1977,1988
362,1982,1994
363,1980,1994
364,1984,1994
365,1980,1994
366,1983,1997
367,1982,1994
368,1975,1998
369,1975,1998
370,1975,1998
371,1970,1996
372,1975,1998
373,1986,1997
374,1960,1977
375,1975,1998
376,1975,1998
377,1990,2001
378,1990,2001
379,1990,2001
380,1990,2001
381,1990,2001
382,1990,2001
383,1966,2004
384,1951,1980
385,1970,2000
386,1975,1998
387,1963,1982
388,1960,1977
389,1966,2004
390,1975,1998
391,1970,1999
392,1975,1998
393,1991,2000
394,1991,2000
395,1991,2000
396,1991,2000
397,1991,2000
398,1991,2000
399,1991,2000
400,1991,2000
401,1991,2000
402,1975,1998
403,1983,1995
404,1975,1998
405,1958,1982
406,1970,1995
407,1970,2003
408,1975,1998
409,1975,1998
410,1975,1998
411,1975,1998
412,1953,1980
413,1963,1982
414,1966,2004
415,1975,1998
416,1975,1998
417,1966,2004
418,1976,2004
419,1975,1998
420,1966,2004
421,1975,1998
422,1966,2004
423,1975,1998
424,1975,1998
425,1978,1995
426,1975,1998
427,1978,1995
428,1975,1994
429,1980,1991
430,1978,1995
431,1963,1982
432,1975,1998
433,1960,1977
434,1975,1998
435,1975,1998
436,1984,1995
437,1975,1998
438,1966,2004
439,1975,1998
440,1975,1998
441,1984,1995
442,1994,2001
443,1966,2004
444,1975,1998
446,1966,2004
447,1966,2004
448,1977,1990
449,1975,1998
450,1960,1977
451,1975,1998
452,1960,1980
453,1975,1998
454,1978,1997
455,1978,1997
456,1975,1998
457,1965,1996
458,1984,1995
459,1990,2001
460,1990,2001
461,1990,2001
462,1976,1995
463,1990,2001
464,1990,2001
465,1990,2001
468,1962,1975
469,1964,1975
470,1960,1977
471,1975,1998
472,1963,1982
473,1960,1980
474,1975,1998
475,1960,1977
476,1975,1998
477,1966,2004
478,1975,1998
479,1975,1998
480,1975,1998
481,1993,2000
482,1991,2000
483,1991,2000
484,1991,2000
485,1991,2000
486,1991,2000
487,1991,2000
488,1991,2000
489,1991,2000
490,1992,2000
491,1991,2000
1338,1975,1998
1595,1970,1996
1596,1970,1996
1597,1960,1997
1598,1960,1997
1599,1976,1996
1604,1991,1999
1606,1980,1995
1607,1980,1995
1608,1980,1995
1609,1980,1995
1610,1980,1995
1611,1980,1995
1612,1960,1996
1613,1950,1997
1614,1970,1996
1615,1985,1995
1616,1960,1993
1649,1991,1999
1757,1990,1999
1930,1991,2000
1931,1988,1999
1932,1988,1999
1933,1950,1990
2490,1993,2003
2491,1996,2005
2514,1997,2003
2518,1976,1998
2549,1990,2003
2706,1976,1998
2707,1992,2000
2708,1970,2003
2709,1993,1999
2710,1976,1998
2711,1990,2003
2712,1976,1998
2713,1981,1998
2714,1990,2001
2715,1976,1998
2716,1997,2003
2717,1996,2003
2718,1995,2003
2719,1976,1998
2720,1999,2004
2721,1976,1998
2722,1980,1998
2724,1991,2003
2726,1991,2003
2727,1990,2003
2728,1991,2003
2729,1993,2003
2730,1992,2003
2731,1991,2003
2732,1990,2002
2733,1990,2003
2734,1990,2003
2735,1980,1998
2736,1990,2003
2737,1990,2003
2738,1973,2003
2739,1995,2003
2740,1990,2003
2741,1995,2003
2742,1976,1998
2743,1990,2003
2744,1996,2003
2745,1990,2003
2746,1976,1998
2747,1990,2003
2748,1976,1998
2749,1990,2003
2750,1976,1998
2751,1990,2003
2752,1990,2003
2753,1976,1998
2754,1996,2003
2755,1976,1998
2756,1995,2003
2757,1976,1998
2758,1976,1998
2759,1990,2003
2760,1992,1998
2761,1996,2003
2762,1976,1998
2763,1990,2003
2764,1996,2003
2765,1978,1998
2766,1990,2003
2767,1992,2001
2768,1996,2003
2769,1976,1998
2770,1990,2003
2771,1990,2003
2772,1990,2003
2773,1976,2002
2774,1996,2003
2775,1976,1998
2776,1996,2003
2777,1990,2003
2778,1996,2003
2779,1976,1998
2780,1996,2003
2781,1996,2003
2782,1990,2003
2783,1990,2003
2784,1980,1998
2785,1996,2003
2786,1990,2003
2787,1990,2003
2788,1996,2003
2789,1990,2003
2790,1996,2003
2791,1990,2003
2792,1997,2003
2793,1976,1998
2794,1990,2003
2795,1996,2003
2796,1976,1998
2797,1990,2003
2798,1996,2003
2799,1990,2003
2800,1990,2003
2801,1993,1998
2802,1993,2003
2803,1996,2003
2804,1990,2003
2805,1992,1998
2806,1990,2003
2807,1996,2003
2808,1990,2003
2809,1992,1998
2810,1990,2003
2811,1996,2003
2812,1990,2003
2813,1990,2003
2814,1990,2003
2815,1990,2003
2816,1990,2003
2817,1996,2003
2818,1990,2003
2819,1990,2003
2820,1995,2003
2821,1990,2003
2822,1994,2003
2823,1996,2003
2824,1996,2003
2825,1990,2003
2826,1992,2003
2827,1997,2003
2828,1990,2003
2829,1996,2003
2830,1990,2003
2831,1990,2003
2832,1996,2003
2833,1976,1998
2834,1990,2003
2835,1996,2003
2836,1990,2003
2837,1990,2003
2838,1996,2003
2839,1990,2003
2840,1990,2003
2841,1993,2003
2842,1971,2003
2843,1996,2003
2844,1990,2003
2845,1990,2003
2846,1996,2003
2847,1990,2003
2848,1990,2003
2849,1996,2003
2850,1990,2003
2851,1976,1998
2852,1987,1999
2853,1974,1998
3512,1980,2014
3513,1980,2014
3514,1980,2014
3515,1980,2014
3516,1998,2014
3517,1980,2014
3519,1980,2014
3520,1980,2014
3521,1980,2014
3522,1982,2014
3523,1980,2014
3524,1982,2014
3525,1980,2014
3526,1980,2014
3527,1980,2014
3528,1980,2014
3529,1982,2014
3530,1980,2014
3531,1980,2014
3532,1980,2014
3533,1980,2014
3534,1980,2014
3535,1980,2014
3536,1980,2014
3537,1980,2014
3538,1980,2014
3539,1980,2014
3540,1980,2014
3541,1980,2014
3542,1980,2014
3543,1980,2014
3544,1980,2014
3545,1989,2014
3546,1998,2014
3547,1980,2014
3548,1989,2014
3549,1980,2014
3550,1980,2014
3551,1980,2014
3552,1980,2014
3553,1980,2014
3554,1980,2014
3555,1980,2014
3556,1980,2014
3557,1982,2014
3558,1980,2014
3559,1980,2014
3560,1980,2014
3561,1980,2014
3562,1980,2014
3563,1980,2014
3564,1980,2014
3565,1980,2014
3566,1980,2014
3567,1982,2014
3568,1982,2014
3569,1980,2014
3570,1998,2014
3571,1980,2014
3572,1980,2014
3573,1980,2014
3574,1980,2014
3575,1980,2014
3576,1980,2014
3577,1980,2014
3578,1980,2014
3579,1980,2014
3580,1980,2014
3581,1980,2014
3582,1980,2014
3583,1980,2014
3584,1980,2014
3585,1980,2014
3586,1980,2014
3587,1980,2014
3588,1980,2014
4627,1997,2001
4628,1963,1991
4651,1960,2000
4690,1955,1988
4691,1980,1999
4820,1974,1979
4821,1975,1979
4891,1993,2000
4897,1990,2001
4898,1984,1999
4899,1975,1999
4930,2003,2005
4946,1975,1994
4947,1975,1994
4948,1975,1994
4949,1975,1994
4950,1975,1994
4951,1975,1994
4952,1975,1994
4956,1975,1994
4957,1975,1994
4958,1975,1994
4959,1975,1994
4962,1975,1994
4964,1975,1994
4965,1975,1994
4966,1975,1994
4967,1975,1994
4968,1975,1994
4969,1975,1994
4970,1975,1994
4971,1975,1994
4972,1975,1994
4973,1975,1994
4974,1975,1994
4975,1975,1994
5107,1997,2004
5134,1986,2007
5137,1973,2004
5141,1991,2006
5145,1974,2005
5146,1976,1995
5149,1990,2004
5152,1990,2004
5154,1990,2004
5156,1990,2004
5158,1990,2004
5159,1990,2004
5161,1990,2004
5162,1990,2004
5163,1990,2004
5297,1988,2000
5299,1988,2000
5307,1989,2004
5310,1995,2004
5311,1992,2004
5410,2000,2006
5645,2002,2003
5647,2002,2003
5649,2002,2003
5650,2002,2003
5651,2002,2003
5751,1989,2005
5948,1950,1975
5949,1971,1980
5950,1971,1980
5951,1950,1975
5952,1963,1975
5953,1977,1987
5954,1973,1991
5955,1978,1990
5956,1962,1975
5967,1950,1979
5968,1960,1977
5970,1977,1986
5972,1959,1988
5973,1964,1977
5974,1959,1988
5975,1960,1975
5976,1963,1975
5977,1960,1975
5981,1960,1977
5982,1962,1975
5983,1962,1975
5984,1960,1977
5985,1950,1975
5987,1950,1986
5991,1950,1979
5992,1950,1975
5993,1950,1979
5994,1950,1975
5995,1963,1975
5996,1963,1975
5997,1950,1979
5998,1970,1975
5999,1960,1977
6000,1950,1975
6001,1960,1977
6002,1950,1979
6003,1950,1975
6004,1960,1977
6008,1965,1983
6009,1960,1977
6010,1950,1975
6011,1960,1977
6014,1950,1975
6018,1960,1977
6019,1960,1977
6020,1963,1975
6021,1969,1978
6022,1977,1991
6023,1960,1977
6024,1963,1982
6025,1962,1975
6026,1960,1977
6027,1960,1977
6028,1971,1991
6029,1950,1979
6030,1950,1975
6031,1953,1980
6032,1950,1975
6033,1960,1978
6034,1964,1978
6035,1962,1978
6039,1950,1975
6040,1960,1977
6041,1950,1975
6042,1960,1977
6043,1960,1977
6044,1950,1975
6045,1950,1975
6046,1950,1975
6050,1950,1979
6051,1950,1975
6052,1960,1977
6054,1960,1977
6056,1950,1975
6058,1950,1979
6059,1950,1975
6060,1950,1975
6061,1950,1975
6062,1960,1977
6063,1960,1977
6064,1964,1976
6066,1950,1975
6067,1960,1977
6068,1950,1975
6069,1950,1979
6070,1962,1975
6160,1989,2000
6244,1993,1998
6352,1977,1990
6447,1961,1978
6456,1982,1999
6496,1994,2003
6530,1994,2003
6560,1994,2006
6561,1994,2006
6562,1994,2006
6563,1994,2006
6564,1994,2006
6565,1994,2006
6566,1994,2006
6567,1994,2006
6569,1994,2006
6570,1994,2006
6571,1994,2006
6572,1994,2006
6573,1994,2006
6575,1994,2006
6576,1994,2006
6577,1994,2006
6578,1994,2006
6579,1994,2006
6580,1994,2006
6582,1994,2006
6583,1994,2006
6588,1994,2006
6589,1994,2006
6590,1994,2006
6591,1994,2006
6592,1994,2006
6593,1994,2006
6594,1994,2006
6595,1994,2006
6596,1994,2006
6597,1994,2006
6598,1994,2006
6599,1994,2006
6600,1994,2006
6601,1994,2006
6602,1994,2006
6603,1994,2006
6604,1994,2006
6605,1994,2006
6606,1994,2006
6607,1994,2006
6609,1994,2006
6610,1994,2006
6611,1994,2006
6612,1994,2006
6613,1994,2006
6614,1994,2006
6615,1994,2006
6616,1994,2006
6617,1994,2006
6618,1994,2006
6619,1994,2006
6625,1997,2007
6629,1999,2007
6644,1999,2008
6668,1983,1992
6669,1983,1992
6670,1983,1992
6671,1983,1992
6673,1983,1992
6675,1983,1992
6676,1983,1992
6677,1983,1992
6678,1983,1992
6679,1983,1992
6680,1983,1992
6681,1983,1992
6698,1999,2006
6699,1999,2006
6704,1999,2006
6705,1999,2006
6756,1999,2004
6757,1999,2004
6758,1970,2004
6759,1999,2004
6761,1999,2004
6762,1999,2004
6763,1999,2004
6765,1999,2004
6768,1999,2004
6769,1999,2004
6771,1999,2004
6772,1999,2004
6773,1999,2004
6774,1999,2004
6776,1999,2006
6777,1999,2004
6778,1999,2004
6779,1999,2004
6780,1999,2004
6781,1999,2004
6803,1989,2012
6840,1954,1999
6844,1992,2007
6845,2004,2007
6847,1975,2001
6852,1958,2002
6853,1979,1999
6854,1979,1998
6901,1985,2004
6910,1975,2003
6928,1997,2006
6929,1970,2004
6955,1996,2006
6956,1996,2006
6958,1996,2006
6974,1992,2004
6988,1992,1999
6997,1975,1998
7062,1981,1992
7080,1980,1996
7187,1972,2008
7191,1972,2008
7192,1972,2008
7193,1974,2008
7196,2001,2008
7202,1994,2008
7203,1992,2008
7206,1973,2008
7207,1973,2008
7208,1973,2008
7210,1973,2008
7211,1985,2008
7212,1973,2008
7217,1973,2008
7219,1978,2008
7225,1973,2008
7231,1973,2008
7241,1952,1998
7381,1950,2006
7395,1995,1998
7396,1995,2006
7407,2001,2006
7408,1996,2006
7409,1982,2007
7412,1976,2005
7414,1982,2007
7418,1982,2007
7419,1982,2007
7420,1992,2007
7421,1982,2007
7422,1982,2007
7428,1995,2004
7656,1987,1997
7749,1963,1972
7967,1977,1986
8002,1994,2008
8005,1994,2008
8008,1994,2008
8009,1994,2008
8013,1994,2008
8014,1994,2008
8015,1994,2008
8016,1994,2008
8017,1994,2008
8018,1995,2008
8019,1995,2008
8020,1994,2008
8021,1994,2008
8022,1994,2008
8023,1994,2008
8024,1994,2008
8025,1994,2008
8026,1995,2008
8027,1995,2008
8029,1995,2008
8030,1995,2008
8033,1994,2008
8034,1994,2008
8083,1990,2000
8120,1993,2005
8121,1993,2005
8123,1993,2005
8125,1993,2005
8131,1993,2005
8132,1993,2005
8133,1993,2005
8135,1993,2005
8136,1993,2005
8137,1993,2005
8138,1993,2005
8139,1993,2005
8140,1993,2005
8145,1993,2005
8153,1980,2006
8154,1980,2006
8158,1960,2008
8159,1965,2006
8160,1985,2004
8162,1960,2009
8163,1956,2007
8186,2004,2007
8187,2004,2007
8190,2004,2007
8191,2000,2007
8351,2000,2007
8352,2000,2007
8353,2000,2007
8354,2000,2007
8355,2000,2007
8356,2000,2007
8357,2000,2007
8358,2000,2007
8359,2000,2007
8360,2000,2007
8361,2000,2007
8362,2000,2007
8363,2000,2007
8364,2000,2007
8365,2000,2007
8366,2000,2007
8384,2000,2007
8385,2000,2007
8386,2000,2007
8387,2000,2007
8388,2000,2007
8389,2000,2007
8390,2000,2007
8391,2000,2007
8392,2000,2007
8393,2000,2007
8422,1969,2005
8432,1993,2005
8507,1991,2004
8508,1991,1999
8509,1993,1999
8510,1992,1999
8511,1992,1999
8512,1992,1999
8513,1986,2005
8514,1992,1999
8515,1992,1999
8517,1995,2005
8518,1959,2011
8541,1998,2002
9034,1987,2005
9143,1971,2004
9145,1977,1991
9726,1980,2014
9727,1980,2014
9729,1980,2014
9731,1991,2014
9732,1980,2014
9733,1980,2014
9735,1998,2014
9736,1980,2014
9737,1980,2014
9739,1980,2014
9740,1980,2014
9741,1980,2014
9742,1998,2014
9743,1980,2014
9744,1999,2014
9745,1998,2014
9746,1989,2014
9747,1980,2014
9748,2000,2014
9749,1980,2014
9750,1998,2014
9752,1989,2014
9753,1998,2014
9754,1999,2014
9755,1982,2014
9756,1980,2014
9757,1980,2014
9758,1998,2014
9761,1980,2014
9762,1998,2014
9763,1980,2014
9764,1980,2014
9765,1980,2014
9766,1980,2014
9767,1998,2014
9768,1982,2014
9769,1989,2014
9770,1998,2014
9771,1982,2014
9772,1989,2014
9773,1982,2014
9774,1980,2014
9775,1998,2014
9776,1989,2014
9777,1980,2014
9778,1989,2014
9779,1982,2014
9780,1998,2014
9781,1980,2014
9782,1980,2014
9783,1980,2014
10361,1985,2002
10362,1985,2002
10369,1962,1986
10373,1962,1986
10374,1968,1981
10375,1969,1987
10377,1971,1987
10379,1966,1986
10380,1968,1979
10381,1967,1987
10382,1963,1979
10384,1972,1986
10387,2002,2005
10430,1983,2010
10431,1983,2010
10433,1983,2010
10434,1983,2010
10436,1984,2005
10457,1987,2000
10458,1988,2007
10459,1996,2005
10461,2002,2008
10464,1986,2008
10465,1984,2005
10467,1984,2005
10471,1976,2008
10478,1950,1999
10479,1953,1999
10481,1980,1991
10482,1986,2005
10491,1985,1991
10492,1985,1991
10494,1981,2008
10501,1978,2002
10508,1996,2009
10513,1973,2006
10514,1969,2006
10515,1989,2006
10516,1983,2006
10517,1974,2006
10518,1992,2006
10521,1983,2007
10522,1983,1991
10526,1980,2004
10528,1994,1997
10529,1986,2007
10530,1981,2000
10532,1965,1995
10533,1950,1972
10535,1973,1998
10537,2002,2007
10538,2002,2007
10539,2002,2007
10540,2002,2007
10541,2002,2007
10542,2002,2007
10543,2002,2007
10544,2002,2009
10546,2002,2009
10547,1993,2009
10548,1993,2010
10549,1993,2010
10550,1996,2005
10581,1994,2007
10582,1994,2009
10583,1994,2009
10587,1973,2007
10588,1996,2002
10614,1979,1995
10615,1996,2005
10616,1986,2005
10617,1979,2008
10623,1979,2008
10624,1979,2008
10625,1979,2008
10626,1979,2008
10627,1979,2008
10628,1979,2008
10629,1979,2008
10630,1979,2008
10631,1976,2008
10632,1979,2008
10646,1979,2008
10647,1979,2008
10648,1979,2008
10649,1973,2008
10650,1979,2008
10651,1979,2008
10652,1979,2008
10653,1979,2008
10654,1979,2008
10655,1979,2007
10656,1979,2008
10657,1979,2008
10664,1988,2007
10666,1993,2010
10668,1994,2000
10669,1977,2009
10670,1981,2009
10671,1955,2000
10673,1989,1991
10674,1990,2000
10737,1974,2004
10744,1974,2004
10745,1974,2004
10746,1974,2004
10756,1974,2003
10757,1983,2003
10758,1974,2003
10759,1983,2003
10760,1983,2003
10761,1981,2000
10762,1974,2003
10763,1974,2003
10764,1978,2003
10766,1962,1984
10767,1976,2003
10768,1976,2003
10769,1976,2003
10770,1976,2003
10771,1976,2003
10772,1976,2002
10773,1976,2003
10774,1976,2003
10775,1950,2008
10777,1989,2004
10779,1993,2002
10784,1950,2010
10785,2005,2006
10786,1997,2008
10787,1987,2007
10788,1984,2000
10789,2002,2007
10790,1995,2000
10791,1950,2000
10792,1957,2002
10793,2004,2009
10794,1999,2008
10795,1970,2010
10796,1994,2008
10797,1953,1988
10798,1971,2007
10799,1992,2003
10800,1991,2010
10802,1981,1990
10803,1991,2007
10805,1950,2009
10806,1991,2007
10878,1999,2010
10879,1998,2010
10880,2002,2010
10899,1989,2003
10900,2007,2010
10912,1996,2002
10925,1989,2009
10926,1989,2009
10927,2001,2009
10928,1989,2009
10929,2001,2009
10937,1984,2009
10940,1976,2009
10941,1976,2009
10944,1984,2008
10948,1984,2008
10951,1990,2008
10953,1990,2008
10954,1984,2008
10957,2004,2009
10958,2004,2009
10959,2004,2009
10961,1975,2010
10963,1975,2010
10965,1975,2010
10966,1975,2010
10968,1990,2009
10970,1990,2009
10971,1990,2009
10972,1990,2009
10977,1994,2010
10988,1982,2010
10989,1982,2010
10991,1987,2010
10993,1982,2010
10994,1983,2009
10995,1983,2009
10996,1988,2014
10997,2005,2009
10999,1989,2014
11000,2005,2009
11002,1992,2010
11004,1981,2011
11007,1982,2010
11071,1996,2010
11073,1998,2009
11077,1998,2010
11078,1998,2010
11079,1998,2010
11083,1990,2010
11124,1988,2009
11125,1985,2007
11126,1985,2010
11132,1997,2010
11158,1976,1983
11159,1959,2007
11160,1959,2012
11161,1987,2010
11162,1959,2010
11163,1987,2008
11164,1987,2008
11165,1987,2008
11302,1965,1992
11347,1986,2011
11349,1964,2007
11350,1984,2004
12020,1987,2001
12024,1970,1995
12030,1983,2010
12032,1983,2010
12033,1983,2010
12034,1983,2010
12036,1983,2010
12038,1983,2010
12039,1983,2010
12040,1983,2010
12044,1977,1986
12055,1981,1999
12057,1960,1991
12064,1978,2001
12065,1960,2000
12070,1970,2006
12074,1959,2008
12075,1986,2008
12081,1976,1989
12082,1959,1984
12084,1980,2011
12085,1980,2011
12086,1980,2011
12095,1980,2011
12096,1980,2011
12097,1980,2011
12098,1980,2011
12110,2001,2011
12113,1996,2012
12121,2001,2013
12123,2000,2013
12125,2000,2009
12127,2000,2004
12130,2000,2013
12132,2000,2010
12142,1992,1997
12143,1992,1997
12144,1990,1999
12145,1990,1999
12146,2000,2010
12147,1990,1999
12148,1992,1997
12149,1992,1997
12150,1990,1999
12151,1990,1999
12152,1990,1999
12166,1959,1983
12173,1977,1982
12179,2002,2007
12200,1984,1988
12282,2002,2009
12284,1950,1981
12286,1988,2010
12295,1960,2003
12303,1985,1988
12304,1960,2003
12308,1959,2008
12315,1997,2003
12316,1997,2003
12319,1997,2003
12321,1979,1983
12322,1991,1996
12326,1991,1996
12338,2002,2008
12339,1986,2008
12342,1980,1984
12343,1985,1989
12346,1968,1995
12352,2000,2006
12357,1959,2007
12360,1987,2006
12371,1988,1999
12436,1979,1997
12462,2000,2012
12465,2001,2012
12467,2001,2012
12543,2004,2013
12569,2002,2005
12571,1970,1999
12573,1967,1996
12574,1988,1996
12579,1959,2007
12581,1959,2007
12582,1960,2008
12584,1987,2009
12585,1987,2007
12586,1987,2007
12587,1987,2007
12588,1987,2007
12589,1986,2008
12590,1987,2009
12593,1987,2009
12603,1981,1984
12619,2000,2009
12620,1984,2006
12642,1973,1996
12643,2002,2005
12644,2002,2005
12646,1991,2010
12648,1991,2010
12660,1976,2010
12676,1976,2010
14873,1989,2010
14898,1989,2000
14899,1989,2000
17648,1995,1999
17649,1995,1999
17652,1983,2000
17679,1999,2003
17684,1982,2003
17771,1982,2003
18231,1998,2002
18232,1999,2002
18236,1996,2011
18239,1995,2011
18316,1980,2013
18662,1998,2015
18663,1998,2015
18664,1998,2015
18695,1991,2014
18696,1998,2014
18697,2000,2014
18698,1984,2014
18700,1998,2014
18701,1996,2014
18702,1996,2014
18705,1980,2014
18710,1984,2014
18713,1980,2014
18715,1981,2014
18718,2006,2014
18719,1998,2014
18720,1998,2014
18746,1991,2009
18779,2002,2014
18785,1998,2014
18787,2006,2014
18789,2006,2014
18790,1998,2014
18804,2004,2006
18898,1990,2014
18900,1990,2014
18901,1990,2014
18902,1990,2014
18903,1990,2014
18904,1990,2014
18905,1990,2014
18906,1990,2014
18907,1990,2014
18909,1990,2014
18910,1990,2014
18911,1990,2014
18912,1990,2014
18913,1990,2014
18914,1990,2014
18915,1990,2014
18916,1990,2014
18917,1990,2014
18918,1990,2014
18919,1990,2014
18920,2007,2014
18921,1990,2014
18922,1990,2014
18923,1990,2014
18924,1990,2014
18925,1990,2014
18926,1990,2014
18927,1990,2014
18928,1990,2014
18929,1990,2014
18930,1990,2014
18931,1990,2014
18934,1990,2014
18936,1990,2014
18937,1990,2014
18938,1990,2014
18939,1990,2014
18940,1990,2014
18941,1990,2014
18942,1990,2014
18943,1990,2014
18944,1990,2014
18946,1990,2014
18948,1990,2014
18949,1990,2014
18950,1990,2014
18951,1990,2014
18952,1990,2014
18953,1990,2014
18955,1990,2014
18956,1990,2014
18957,1990,2014
18958,1990,2014
18959,1990,2014
18960,1990,2014
18961,1990,2014
18962,1990,2014
18963,1990,2014
18964,1990,2014
18965,1990,2014
18967,1990,2014
18968,1990,2014
18969,1990,2014
18970,1990,2014
18971,1990,2014
18972,1990,2014
18973,1990,2014
18974,1990,2014
18975,1990,2014
18976,1990,2014
18977,1990,2014
18978,1990,2014
18979,1990,2014
18980,1990,2014
18981,1990,2014
18982,1990,2014
18983,1990,2014
18984,1990,2014
18985,1990,2014
18986,1990,2014
18989,1990,2014
18991,1990,2014
18992,1990,2014
18993,1990,2014
18994,1990,2014
18995,1990,2014
18996,1990,2014
18997,1990,2014
18998,1990,2014
18999,1990,2014
19007,1990,2014
19008,1990,2014
19009,1990,2014
19010,1990,2014
19014,1990,2014
19018,1990,2014
19021,1990,2014
19022,1990,2014
19024,1990,2014
19025,1990,2014
19032,1990,2014
19035,1990,2014
19038,1990,2014
19040,1990,2014
19043,1990,2014
19047,1990,2014
19053,1990,2014
19058,1990,2014
19063,1990,2014
19064,1990,2014
19065,1990,2014
19066,1990,2014
19389,2002,2015
19390,2002,2015
19391,2002,2015
19392,2002,2015
19393,2002,2015
19394,2002,2015
19395,2002,2015
19396,2002,2015
19397,2002,2015
19398,2002,2015
19399,2002,2015
19400,2002,2015
19401,2002,2015
19402,2002,2015
19403,2002,2015
19405,2002,2015
19406,2002,2015
19407,2002,2015
19408,2002,2015
19409,2002,2015
19410,2002,2015
19411,2002,2015
19412,2002,2015
19413,2002,2015
19414,2002,2015
19415,2002,2015
19416,2002,2015
19417,2002,2015
19418,2002,2015
19419,2002,2015
19420,2002,2015
19421,2002,2015
19422,2002,2015
19423,2002,2015
19424,2002,2015
19425,2002,2015
19426,2002,2015
19427,2002,2015
19428,2002,2015
19429,2002,2015
19430,2002,2015
19431,2002,2015
19432,2002,2015
19433,2002,2015
19434,2002,2015
19435,2002,2015
19436,2002,2015
19437,2002,2015
19438,2002,2015
19439,2002,2015
19440,2002,2015
19441,2002,2015
19442,2002,2015
19443,2002,2015
19444,2002,2015
19445,2002,2015
19447,2002,2015
19448,2002,2015
19449,2002,2015
19451,2002,2015
19452,2002,2015
19453,2002,2015
19454,2002,2015
19455,2002,2015
19456,2002,2015
19457,2002,2015
19458,2002,2015
19459,2002,2015
19460,2002,2015
19461,2002,2015
19462,2002,2015
19463,2002,2015
19464,2002,2015
19465,2002,2015
19466,2002,2015
19467,2002,2015
19468,2002,2015
19469,2002,2015
19470,2002,2015
19471,2002,2015
19472,2002,2015
19473,2002,2015
19474,2002,2015
19475,2002,2015
19477,2002,2015
19478,2002,2015
19479,2002,2015
19480,2002,2015
19481,2002,2015
19482,2002,2015
19483,2002,2015
19484,2002,2015
19485,2002,2015
19486,2002,2015
19487,2002,2015
19488,2002,2015
19489,2002,2015
19490,2002,2015
19491,2002,2015
19492,2002,2015
19493,2002,2015
19494,2002,2015
19495,2002,2015
19496,2002,2015
19497,2002,2015
21286,1991,2015
22913,1985,1999
22916,1985,2009
22951,1995,2015
22952,1995,2015
22954,2003,2009
22996,1990,2013
22998,2001,2007
23001,2000,2008
23003,2000,2015
23011,2000,2015
23015,2006,2015
23017,2000,2012
23018,2000,2015
23019,2000,2015
23028,2000,2015
23077,1999,2012
23116,1962,2005
23117,1980,2006
23118,1980,2007
23119,1980,2007
23120,1965,2007
23121,1995,2002
23122,1985,2007
23126,1978,2007
23175,1997,2007
23185,1995,2006
23187,1996,2006
23189,1995,2006
23193,1984,2010
23197,2002,2006
23210,2009,2015
23211,2007,2015
23478,2005,2013
23484,2005,2015
23490,2000,2015
23498,2000,2015
23500,2000,2015
23502,2000,2015
23504,2000,2015
23513,2000,2015
23515,2006,2015
23517,2006,2015
23518,2000,2015
23519,2000,2015
23520,2000,2015
23525,2010,2015
23527,2012,2015
23528,2006,2015
23530,2000,2015
23531,2000,2015
23534,2000,2015
23535,2000,2015
23536,2000,2015
23537,2003,2014
23543,2006,2015
23545,2000,2015
23546,2000,2015
23549,2010,2015
23550,2010,2015
23551,2011,2015
23552,2006,2015
23555,2000,2015
23556,2000,2015
23557,2000,2015
23558,2000,2015
23559,2000,2015
23560,2000,2015
23561,2000,2015
23562,2000,2015
23563,2000,2015
23564,2000,2015
23565,2000,2015
23566,2000,2015
23567,2011,2015
23568,2000,2015
23570,2000,2015
23573,2000,2015
23574,2000,2015
23585,2000,2015
23588,2000,2015
23589,2000,2015
23590,2000,2015
23591,2000,2015
23604,2000,2015
23606,2000,2015
23607,2000,2015
23608,2000,2015
23609,2000,2015
23610,2000,2015
23611,2000,2015
23612,2000,2015
23613,2000,2015
23614,2000,2015
23615,2000,2015
23616,2000,2015
23617,2000,2015
23618,2000,2015
23619,2000,2015
23621,2000,2015
23625,1987,2007
23627,2000,2015
23632,2000,2015
23633,2000,2015
23635,2000,2015
23640,2000,2015
23643,2000,2015
23644,2000,2015
23648,2000,2015
23652,2000,2015
23658,2000,2015
23659,2000,2014
23660,2002,2011
23667,2000,2015
24819,1995,2009
24820,1995,2009
24821,1995,2009
24822,1995,2008
24823,1995,2009
24824,1995,2009
24825,1995,2009
24826,1995,2009
24827,1995,2009
24828,1995,2009
24829,1995,2009
24830,1995,2009
24831,1995,2009
24832,1995,2009
24833,1995,2009
24834,1995,2009
24835,1995,2009
24836,1995,2009
24837,1995,2002
24838,1995,2009
24839,1995,2009
24840,1995,2009
24841,1995,2009
24842,1995,2009
24843,1995,2009
24844,1995,2009
24845,1995,2009
24846,1995,2009
24847,1995,2009
24848,1995,2009
24849,1995,2009
24850,1995,2009
24851,1995,2009
24852,1995,2009
24853,1995,2009
24854,1995,2009
24855,1995,2009
24856,1995,2009
24857,1995,2009
24858,1995,2009
24859,1995,2009
24860,1995,2009
24861,1995,2009
24862,1995,2009
24863,1995,2009
24864,1995,2009
24865,1995,2009
24866,1995,2009
24867,1995,2009
24868,1995,2009
24869,1995,2009
24870,1995,2009
24871,1995,2009
24872,1995,2009
24873,1995,2009
24874,1995,2009
24875,1995,2009
24876,1995,2009
24877,1995,2009
24878,1995,2009
24879,1995,2009
24880,1995,2009
24881,1995,2009
24882,1995,2009
24883,1995,2008
24884,1995,2009
24885,1995,2009
24886,1995,2009
24887,1995,2009
24888,1995,2009
24889,1995,2009
24890,2006,2009
24891,1995,2009
24892,1995,2009
24893,1995,2009
24894,1995,2009
24895,1995,2002
24896,1995,2009
24897,1995,2009
24898,1995,2009
24899,1995,2009
24900,1995,2009
24901,1995,2009
24902,1995,2009
24903,1995,2009
24904,1995,2009
24905,1995,2009
24906,1995,2009
24907,1995,2009
24908,1995,2009
24909,1995,2009
24910,1995,2009
24911,1996,2009
24912,1995,2009
24913,2006,2009
24914,1995,2009
24915,1995,2009
24916,1995,2009
24917,1995,2009
24918,1995,2009
24919,1995,2009
24920,1995,2009
24921,1995,2009
24922,1995,2009
24923,1995,2009
24924,1995,2009
24925,1995,2009
24926,1995,2009
24927,1995,2009
24928,1995,2009
24929,1995,2009
24930,1995,2009
24931,1995,2009
24932,1995,2009
24933,1995,2009
24934,1995,2009
24935,1995,2009
24936,1995,2009
24937,1995,2009
24938,1995,2008
24939,1995,2009
24940,1995,2008
