population_id,1970,1971,1972,1973,1974,1975,1976,1977,1978,1979,1980,1981,1982,1983,1984,1985,1986,1987,1988,1989,1990,1991,1992,1993,1994,1995,1996,1997,1998,1999,2000,2001,2002,2003,2004,2005,2006,2007,2008,2009,2010,2011,2012,2013,2014,2015,2016
8954,1,-1,-1,-1,-1,-1,-1,-1,-1,-1,-1,-1,-1,-1,-1,-1,-1,-1,-1,-1,-1,-1,-1,-1,-1,-1,-1,-1,-1,-1,-1,-1,-1,-1,-1,-1,-1,-1,-1,-1,-1,-1,-1,-1,-1,-1,-1
8955,1,-1,-1,-1,-1,-1,-1,-1,-1,-1,-1,-1,-1,-1,-1,-1,-1,-1,-1,-1,-1,-1,-1,-1,-1,-1,-1,-1,-1,-1,-1,-1,-1,-1,-1,-1,-1,-1,-1,-1,-1,-1,-1,-1,-1,-1,-1
8953,1,-0.0280287236002437,-0.0299632233774432,-1,-1,-1,-1,-1,-1,-1,-1,-1,-1,-1,-1,-1,-1,-1,-1,-1,-1,-1,-1,-1,-1,-1,-1,-1,-1,-1,-1,-1,-1,-1,-1,-1,-1,-1,-1,-1,-1,-1,-1,-1,-1,-1,-1
8952,1,0.0155121661782476,-0.0234810958495228,-1,-1,-1,-1,-1,-1,-1,-1,-1,-1,-1,-1,-1,-1,-1,-1,-1,-1,-1,-1,-1,-1,-1,-1,-1,-1,-1,-1,-1,-1,-1,-1,-1,-1,-1,-1,-1,-1,-1,-1,-1,-1,-1,-1
8951,1,-0.460730838531493,0.0871501757189002,-1,-1,-1,-1,-1,-1,-1,-1,-1,-1,-1,-1,-1,-1,-1,-1,-1,-1,-1,-1,-1,-1,-1,-1,-1,-1,-1,-1,-1,-1,-1,-1,-1,-1,-1,-1,-1,-1,-1,-1,-1,-1,-1,-1
8950,1,-0.0969100130080565,-0.0636690798693773,-1,-1,-1,-1,-1,-1,-1,-1,-1,-1,-1,-1,-1,-1,-1,-1,-1,-1,-1,-1,-1,-1,-1,-1,-1,-1,-1,-1,-1,-1,-1,-1,-1,-1,-1,-1,-1,-1,-1,-1,-1,-1,-1,-1
17753,1,-1,-1,-1,-1,-1,-1,-1,-1,-1,-1,-1,-1,-1,-1,-1,-1,-1,-1,-1,-0.469729764032726,-0.214652321792702,-1.55381166118781,1.27673205588197,0.212150309723486,-1,-1,-1,-1,-1,-1,-1,-1,-1,-1,-1,-1,-1,-1,-1,-1,-1,-1,-1,-1,-1,-1
17752,1,-1,-1,-1,-1,-1,-1,-1,-1,-1,-1,-1,-1,-1,-1,-1,-1,-1,-1,-1,-1,-1,-1,-1,-1,-1,-1,-1,-1,-1,-1,-1,-1,-1,-1,-1,-1,-1,-1,-1,0.302228050166928,-1,-1,-1,-1,-1,-1
17751,1,-1,-1,-1,-1,-1,-1,-1,-1,-1,-1,-1,-1,-1,-1,-1,-1,-1,-1,-1,-1,-1,-1,-1,-1,-1,-1,-1,-1,-1,-1,-1,-1,-1,-1,-1,-1,-1,-1,-1,0.0455486449293829,-1,-1,-1,-1,-1,-1
10413,1,0.0527104400140126,0.0527104400140121,-0.02100294657538,0.0652667315125912,-1,-1,-1,-1,-1,-1,-1,-1,-1,-1,-1,-1,-1,-1,-1,-1,-1,-1,-1,-1,-1,-1,-1,-1,-1,-1,-1,-1,-1,-1,-1,-1,-1,-1,-1,-1,-1,-1,-1,-1,-1,-1
11976,1,-1,-1,-1,-1,-1,-1,-1,-1,-1,-1,-1,-1,-1,-1,-1,-1,-1,-1,-1,-1,-1,-1,-1,-1,-1,-1,-1,-1,-1,0.104507916266128,0.094135820108294,0.0730020128529385,0.0453388037714846,0.0188341946414643,0.00146078039434183,-0.00187510637021449,0.00767252226235726,0.0224111046448581,0.0324478082496786,-1,-1,-1,-1,-1,-1,-1
11977,1,-1,-1,-1,-1,-1,-1,-1,-1,-1,-1,-1,-1,-1,-1,-1,-1,-1,-1,-1,-1,-1,-1,-1,-1,-1,-1,-1,-1,-1,-1,-1,0.0649408069330146,-0.0122344564170116,-1,-1,-1,-1,-1,-1,-1,-1,-1,-1,-1,-1,-1
264,1,-0.032660588571562,-0.032660588571562,-0.032660588571562,-0.032660588571562,-0.0326605885715621,-0.032660588571562,-0.0326605885715619,-0.032660588571562,-0.0326605885715621,-0.032660588571562,-0.032660588571562,-0.032660588571562,-0.032660588571562,-0.0326605885715619,-0.032660588571562,-0.0326605885715621,-0.0326605885715618,-0.032660588571562,-0.032660588571562,-0.0326605885715621,-0.032660588571562,-1,-1,-1,-1,-1,-1,-1,-1,-1,-1,-1,-1,-1,-1,-1,-1,-1,-1,-1,-1,-1,-1,-1,-1,-1
17697,1,-1,-0.00854317719281494,-0.00854317719281517,-0.00854317719281417,-0.00854317719281128,-0.00854317719280606,-0.00854317719279907,-0.00854317719279019,-0.00854317719277742,-0.00854317719275621,-0.00854317719272424,-0.00854317719268277,-0.00854317719263076,-0.00854317719257136,-0.00854317719250852,-0.00854317719245296,-0.00854317719240866,-0.0085431771923799,-0.00854317719236652,-0.00854317719236319,-0.00854317719236464,-0.00854317719237085,-0.00854317719238012,-0.00854317719239556,-0.00854317719241665,-0.00854317719244291,-0.00854317719247327,-0.00854317719250769,-0.00854317719254555,-0.00854317719258652,-0.00854317719263109,-0.00854317719267816,-0.00854317719272663,-0.00854317719277492,-0.00854317719282038,-0.0085431771928613,-0.00854317719289827,-0.00854317719292763,-0.008543177192947,-0.00854317719295572,-1,-1,-1,-1,-1,-1
2372,1,-1,-0.111842990735333,-0.139740785394319,-0.0772541552379178,0.093845734767291,0.209740746732908,0.146941746102333,-0.000801944586263925,-0.0828114864706653,-0.127772736742515,-0.262280051044171,-0.439133710253393,-0.431919079749073,-0.143729246643625,0.221649460030999,0.381479652110412,0.277003452663153,0.0761975164184157,-0.0493248716359849,-1,-1,-1,-1,-1,-1,-1,-1,-1,-1,-1,-1,-1,-1,-1,-1,-1,-1,-1,-1,-1,-1,-1,-1,-1,-1,-1
2391,1,-1,-1,-1,-1,-1,-1,-1,-1,-1,-1,-1,-1,-1,0.0725506671486118,-0.173064804425493,0.185046101708608,-1,-1,-1,-1,-1,-1,-1,-1,-1,-1,-1,-1,-1,-1,-1,-1,-1,-1,-1,-1,-1,-1,-1,-1,-1,-1,-1,-1,-1,-1
2390,1,-1,-1,-1,-1,-1,-1,-1,-1,-1,-1,-1,-1,-1,-0.188325715472693,0.0357155522665346,0.32870142226184,-1,-1,-1,-1,-1,-1,-1,-1,-1,-1,-1,-1,-1,-1,-1,-1,-1,-1,-1,-1,-1,-1,-1,-1,-1,-1,-1,-1,-1,-1
2389,1,-1,-1,-1,-1,-1,-1,-1,-1,-1,-1,-1,-1,-1,-0.50300177369964,0.082974235064764,0.0532455119532251,-1,-1,-1,-1,-1,-1,-1,-1,-1,-1,-1,-1,-1,-1,-1,-1,-1,-1,-1,-1,-1,-1,-1,-1,-1,-1,-1,-1,-1,-1
2388,1,-1,-1,-1,-1,-1,-1,-1,-1,-1,-1,-1,-1,-1,0.119186407719209,0.387389826338729,-1,-1,-1,-1,-1,-1,-1,-1,-1,-1,-1,-1,-1,-1,-1,-1,-1,-1,-1,-1,-1,-1,-1,-1,-1,-1,-1,-1,-1,-1,-1
2387,1,-1,-1,-1,-1,-1,-1,-1,-1,-1,-1,-1,-1,-1,0.0118992232997077,0.312611868213796,-0.117385598717854,-1,-1,-1,-1,-1,-1,-1,-1,-1,-1,-1,-1,-1,-1,-1,-1,-1,-1,-1,-1,-1,-1,-1,-1,-1,-1,-1,-1,-1,-1
2386,1,-1,-1,-1,-1,-1,-1,-1,-1,-1,-1,-1,-1,-1,-0.397940008672038,-1,-1,-1,-1,-1,-1,-1,-1,-1,-1,-1,-1,-1,-1,-1,-1,-1,-1,-1,-1,-1,-1,-1,-1,-1,-1,-1,-1,-1,-1,-1,-1
2385,1,-1,-1,-1,-1,-1,-1,-1,-1,-1,-1,-1,-1,-1,0.301029995663981,0.574031267727719,0.531478917042255,-1,-1,-1,-1,-1,-1,-1,-1,-1,-1,-1,-1,-1,-1,-1,-1,-1,-1,-1,-1,-1,-1,-1,-1,-1,-1,-1,-1,-1,-1
2384,1,-1,-1,-1,-1,-1,-1,-1,-1,-1,-1,-1,-1,-1,0.275222732057696,0.0951337549822533,-0.0219018414478298,-1,-1,-1,-1,-1,-1,-1,-1,-1,-1,-1,-1,-1,-1,-1,-1,-1,-1,-1,-1,-1,-1,-1,-1,-1,-1,-1,-1,-1,-1
2383,1,-1,-1,-1,-1,-1,-1,-1,-1,-1,-1,-1,-1,-1,1.49136169383427,0.794195615173501,-0.387930217717332,-1,-1,-1,-1,-1,-1,-1,-1,-1,-1,-1,-1,-1,-1,-1,-1,-1,-1,-1,-1,-1,-1,-1,-1,-1,-1,-1,-1,-1,-1
2382,1,-1,-1,-1,-1,-1,-1,-1,-1,-1,-1,-1,-1,-1,-0.801632346233166,0.823908740944319,0.628388930050312,-1,-1,-1,-1,-1,-1,-1,-1,-1,-1,-1,-1,-1,-1,-1,-1,-1,-1,-1,-1,-1,-1,-1,-1,-1,-1,-1,-1,-1,-1
2381,1,-1,-1,-1,-1,-1,-1,-1,-1,-1,-1,-1,-1,-1,0.375663613960885,0.553755311753407,-0.209259622308336,-1,-1,-1,-1,-1,-1,-1,-1,-1,-1,-1,-1,-1,-1,-1,-1,-1,-1,-1,-1,-1,-1,-1,-1,-1,-1,-1,-1,-1,-1
2380,1,-1,-1,-1,-1,-1,-1,-1,-1,-1,-1,-1,-1,-1,1.24715461488113,0.802494041916459,0.188954948951931,-1,-1,-1,-1,-1,-1,-1,-1,-1,-1,-1,-1,-1,-1,-1,-1,-1,-1,-1,-1,-1,-1,-1,-1,-1,-1,-1,-1,-1,-1
2379,1,-1,-1,-1,-1,-1,-1,-1,-1,-1,-1,-1,-1,-1,-0.204119982655925,0.447158031342219,0.422073688388757,-1,-1,-1,-1,-1,-1,-1,-1,-1,-1,-1,-1,-1,-1,-1,-1,-1,-1,-1,-1,-1,-1,-1,-1,-1,-1,-1,-1,-1,-1
2378,1,-1,-1,-1,-1,-1,-1,-1,-1,-1,-1,-1,-1,-1,0.564271430438563,0.134698573897456,0.414973347970818,-1,-1,-1,-1,-1,-1,-1,-1,-1,-1,-1,-1,-1,-1,-1,-1,-1,-1,-1,-1,-1,-1,-1,-1,-1,-1,-1,-1,-1,-1
2377,1,-1,-1,-1,-1,-1,-1,-1,-1,-1,-1,-1,-1,-1,-0.269315582486775,0.0832401025244924,-0.311249160845667,-1,-1,-1,-1,-1,-1,-1,-1,-1,-1,-1,-1,-1,-1,-1,-1,-1,-1,-1,-1,-1,-1,-1,-1,-1,-1,-1,-1,-1,-1
2376,1,-1,-1,-1,-1,-1,-1,-1,-1,-1,-1,-1,-1,-1,-0.400564152498187,0.435728569561437,0.329058719264225,-1,-1,-1,-1,-1,-1,-1,-1,-1,-1,-1,-1,-1,-1,-1,-1,-1,-1,-1,-1,-1,-1,-1,-1,-1,-1,-1,-1,-1,-1
2375,1,-1,-1,-1,-1,-1,-1,-1,-1,-1,-1,-1,-1,-1,-0.11069829749369,0.321551662808583,0.269872013673594,-1,-1,-1,-1,-1,-1,-1,-1,-1,-1,-1,-1,-1,-1,-1,-1,-1,-1,-1,-1,-1,-1,-1,-1,-1,-1,-1,-1,-1,-1
2374,1,-1,-1,-1,-1,-1,-1,-1,-1,-1,-1,-1,-1,-1,-0.0434656937810903,-0.465840244309973,0.6494846412561,-1,-1,-1,-1,-1,-1,-1,-1,-1,-1,-1,-1,-1,-1,-1,-1,-1,-1,-1,-1,-1,-1,-1,-1,-1,-1,-1,-1,-1,-1
2373,1,-1,-1,-1,-1,-1,-1,-1,-1,-1,-1,-1,-1,-1,-0.0846441417491269,-0.190056915192505,0.16166154363304,-1,-1,-1,-1,-1,-1,-1,-1,-1,-1,-1,-1,-1,-1,-1,-1,-1,-1,-1,-1,-1,-1,-1,-1,-1,-1,-1,-1,-1,-1
25478,1,-1,-1,-1,0.215599800339355,-1,-1,-1,-1,-1,-1,-1,-1,-1,-1,-1,-1,-1,-1,-1,-1,-1,-1,-1,-1,-1,-1,-1,-1,-1,-1,-1,-1,-1,-1,-1,-1,-1,-1,-1,-1,-1,-1,-1,-1,-1,-1
25479,1,-1,-1,-1,-1,-0.0532455119532251,-0.106455330914287,-1,-1,-1,-1,-1,-1,-1,-1,-1,-1,-1,-1,-1,-1,-1,-1,-1,-1,-1,-1,-1,-1,-1,-1,-1,-1,-1,-1,-1,-1,-1,-1,-1,-1,-1,-1,-1,-1,-1,-1
8833,1,-1,-1,-1,-1,-1,-1,-1,-1,-1,0.531478917042255,0.427562475278839,0.148168577326775,-1,-1,-1,-1,-1,-1,-1,-1,-1,-1,-1,-1,-1,-1,-1,-1,-1,-1,-1,-1,-1,-1,-1,-1,-1,-1,-1,-1,-1,-1,-1,-1,-1,-1
23571,1,-1,-1,-1,-1,0.098103883899532,0.103328862959751,0.108828177482461,0.102517879410385,0.0735416231053094,0.0263827687509528,-0.0189615739152367,-0.0472101374305014,-0.0640977139834615,-0.0843257869448957,-0.106083128105378,-0.109616353470446,-0.0844128519620054,-0.0465553482882921,-0.0215578604806246,-0.0208213471660121,-0.0486498240261419,-0.121994809683588,-0.252771124522389,-0.397674995892262,-0.452510763099749,-0.337601372036332,-0.102921321026631,0.105483682701281,0.253127143634895,0.33435909061689,0.340277456885955,0.320023542757438,0.287295166099309,0.242092326911796,0.18441502519476,0.109090586861606,-0.000713350042044647,-0.124451363646708,-0.212995299185867,-0.246535837645713,-0.257267381915468,-0.284021355070247,-0.320723094240807,-0.32948772095311,-0.299170332406385,-0.265559027587301
23572,1,-1,-1,-1,-1,-1,-1,-1,-1,-1,-0.344808920242568,0,0,0.205761929722902,-1,-1,-1,-1,-1,-1,-1,-1,-1,-1,-1,-1,-1,-1,-1,-1,-1,-1,-1,-1,-1,-1,-1,-1,-1,-1,-1,-1,-1,-1,-1,-1,-1
17691,1,-1,-1,-1,-1,-1,-1,-1,-1,-1,-1,-1,-1,-1,-1,-1,-1,-1,-1,-0.10048806092392,-0.0943427605952432,-0.0826552094059549,-0.0675662698552083,-0.0507064836432568,-0.0326614545231593,-0.0143514408102438,0.00233545933016033,0.0159036297163033,0.0268612911060745,0.0372195616063723,0.0481327523963957,0.0584187680074066,0.0657772365164446,0.0692703212542822,0.0701465280648139,-1,-1,-1,-1,-1,-1,-1,-1,-1,-1,-1,-1
17690,1,-1,-1,-1,-1,-1,-1,-1,-1,-1,-1,-1,-1,-1,-1,-1,-1,-1,-1,-0.0169502117242395,-0.0723580739974155,-0.124356828674657,-0.108561194013642,-0.0315842160915277,0.0324929630022756,0.0222619185004866,-0.0456468264187858,-0.0950313585913357,-0.0679833275551092,0.0211793209255748,0.1051027469262,0.126457535962605,0.0809717187962926,0.0102955277588728,-0.0366219887838695,-1,-1,-1,-1,-1,-1,-1,-1,-1,-1,-1,-1
19100,1,-1,-1,-1,-1,-1,-1,-1,-1,-1,-1,-1,-1,-1,-1,-1,-1,-1,-1,-1,-1,-1,-1,-1,-1,0.0410578542233235,0.0409381060473604,0.0401512884470674,0.0382264042890146,0.0353003141890604,0.032012674279605,0.0289963292830233,0.0265269746410612,0.0245086100596525,0.0226273418832101,0.0205878037989669,0.0183910791060273,0.0164133287417778,0.015099017628299,0.0145501491201148,0.0144831694229492,0.0145426857745465,0.0145125516989788,0.0142496800550909,0.013665511076888,0.0129126056587587,0.0123937309044746
17689,1,-1,-1,-1,-1,-1,-1,-1,-1,-1,-1,-1,-1,-1,-1,-1,-1,-1,-1,-1,-1,-1,-1,-1,-1,-0.0706113449485243,-0.0109068499361874,0.0511504729009632,0.0506177750232191,-0.0105282355841011,-0.0656973371727326,-0.0572368999559297,0.00711455446426923,0.0737419327270905,0.105431549262512,0.109808606308818,-1,-1,-1,-1,-1,-1,-1,-1,-1,-1,-1
17688,1,-1,-1,-1,-1,-1,-1,-1,-1,-1,-1,-1,-1,-1,-1,-1,-1,-1,-1,-1,-1,-1,-1,-1,-1,0.11176993551542,0.0977279240547921,0.0750296205600169,0.0536812206215892,0.0402609024766803,0.0343704908458132,0.0319441820815987,0.030010007975498,0.0281443102469525,0.0268682247365372,0.0262835343632238,-1,-1,-1,-1,-1,-1,-1,-1,-1,-1,-1
17745,1,-1,-1,-1,-1,0.00887478185460555,0.00887478185460511,0.00887478185460555,0.00887478185460555,0.00887478185460555,0.00887478185460511,0.00887478185460555,0.00887478185460555,0.00887478185460555,0.00887478185460511,0.00887478185460555,0.00887478185460511,0.00887478185460555,0.00887478185460555,0.00887478185460555,0.00887478185460511,0.00887478185460555,0.00887478185460555,0.00887478185460555,0.00887478185460511,0.00887478185460555,0.00887478185460555,0.00887478185460511,-1,-1,-1,-1,-1,-1,-1,-1,-1,-1,-1,-1,-1,-1,-1,-1,-1,-1,-1
17744,1,-1,-1,-1,-1,0.0124148496235144,0.0124148496235144,0.0124148496235144,0.0124148496235144,0.0124148496235139,0.0124148496235148,0.0124148496235139,0.0124148496235144,0.0124148496235144,0.0124148496235144,0.0124148496235144,0.0124148496235144,0.0124148496235144,0.0124148496235144,0.0124148496235144,0.0124148496235144,0.0124148496235144,0.0124148496235144,0.0124148496235144,0.0124148496235144,0.0124148496235144,0.0124148496235144,0.0124148496235144,-1,-1,-1,-1,-1,-1,-1,-1,-1,-1,-1,-1,-1,-1,-1,-1,-1,-1,-1
17743,1,-1,-1,-1,-1,-0.00167756022075682,-0.00167756022075682,-0.00167756022075771,-0.00167756022075682,-0.00167756022075682,-0.00167756022075682,-0.00167756022075771,-0.00167756022075682,-0.00167756022075682,-0.00167756022075771,-0.00167756022075682,-0.00167756022075682,-0.00167756022075771,-0.00167756022075682,-0.00167756022075682,-0.00167756022075682,-0.00167756022075771,-0.00167756022075682,-0.00167756022075682,-0.00167756022075771,-0.00167756022075682,-0.00167756022075682,-0.00167756022075682,-1,-1,-1,-1,-1,-1,-1,-1,-1,-1,-1,-1,-1,-1,-1,-1,-1,-1,-1
17742,1,-1,-1,-1,-1,-0.00753910561505844,-0.00753910561505844,-0.00753910561505933,-0.00753910561505844,-0.00753910561505844,-0.00753910561505844,-0.00753910561505844,-0.00753910561505844,-0.00753910561505933,-0.00753910561505844,-0.00753910561505844,-0.00753910561505844,-0.00753910561505844,-0.00753910561505844,-0.00753910561505933,-0.00753910561505844,-0.00753910561505844,-0.00753910561505844,-0.00753910561505844,-0.00753910561505844,-0.00753910561505933,-0.00753910561505844,-0.00753910561505844,-1,-1,-1,-1,-1,-1,-1,-1,-1,-1,-1,-1,-1,-1,-1,-1,-1,-1,-1
17741,1,-1,-1,-1,-1,-0.0101162129776871,-0.0101162129776871,-0.0101162129776879,-0.0101162129776871,-0.0101162129776879,-0.0101162129776871,-0.0101162129776879,-0.0101162129776871,-0.0101162129776879,-0.0101162129776871,-0.0101162129776879,-0.0101162129776871,-0.0101162129776879,-0.0101162129776871,-0.0101162129776879,-0.0101162129776871,-0.0101162129776879,-0.0101162129776871,-0.0101162129776879,-0.0101162129776871,-0.0101162129776879,-0.0101162129776871,-0.0101162129776879,-1,-1,-1,-1,-1,-1,-1,-1,-1,-1,-1,-1,-1,-1,-1,-1,-1,-1,-1
10410,1,-1,-1,-1,-1,-0.446404744226181,-0.356202335765899,-0.197066620247321,-0.0196244936903578,0.128415365310136,0.223782403875669,0.266304464566402,-1,-1,-1,-1,-1,-1,-1,-1,-1,-1,-1,-1,-1,-1,-1,-1,-1,-1,-1,-1,-1,-1,-1,-1,-1,-1,-1,-1,-1,-1,-1,-1,-1,-1,-1
12007,1,-1,-1,-1,-1,-1,-1,-1,-1,-1,-1,-1,0.0307604368854824,0.0404229772955469,0.0367006554655041,0.00778876344483725,-0.024985027772245,-0.032875975808889,-0.0188181511329746,-0.0165915771089051,-0.0508176707797956,-0.108287712231458,-0.15135743432556,-0.149607313963371,-0.0937631528254316,0.00750605303666374,0.12634801339182,0.213728281559284,0.22211536400161,0.148844774054471,0.0520503745462475,0.00540931878402673,0.0284406503522552,0.0679886368570071,0.0555998837228662,-0.0206362271535043,-0.109703238562893,-0.160321732187067,-0.162365351177989,-0.115834095535718,-0.0446747994116805,-1,-1,-1,-1,-1,-1
19094,1,-1,-1,-1,-1,-1,-1,-1,-1,-1,-1,-1,-1,-1,-1,-1,-1,-1,-1,-1,-1,-1,-1,-1,-1,-0.045697359641095,-0.0222012872853377,0.013934052656003,0.0389485233459101,0.0343892430201729,0.00468321486837886,-0.0239122012362705,-0.0246089899694322,0.00583192073003702,0.0436038815214397,0.0596627787145567,0.0450202651172806,0.0140576419320211,-0.0139931108823261,-0.0313127885944509,-0.0391213422138952,-0.0372274635402599,-0.023959247881977,-0.00463004884673701,0.00880255872989744,0.0102757229976538,0.00640711245036019
21269,1,-1,-1,-1,-1,-1,-1,-1,-1,-1,-1,-1,-1,-1,-1,-1,-1,-1,-1,-1,-1,-1,-1,-1,-1,-1,-1,-1,-1,-1,-1,-1,-1,-1,-1,-1,-0.0558554107659388,-0.0726724715643542,-0.103372240618205,-0.136557920507529,-0.157291627340241,-0.155250720952861,-0.13040692875825,-0.0928634268770615,-0.0567421524373484,-0.0323648178663817,-0.0219325847155801
21268,1,-1,-1,-1,-1,-1,-1,-1,-1,-1,-1,-1,-1,-1,-1,-1,-1,-1,-1,-1,-1,-1,-1,-1,-1,-1,-1,-1,-1,-1,-1,-1,-1,-1,-1,-1,-0.0443577413778432,-0.0443577413774537,-0.0443577413762778,-0.0443577413740463,-0.0443577413709479,-0.0443577413676014,-0.0443577413647293,-0.0443577413627896,-0.0443577413618169,-0.0443577413615197,-0.0443577413615067
21267,1,-1,-1,-1,-1,-1,-1,-1,-1,-1,-1,-1,-1,-1,-1,-1,-1,-1,-1,-1,-1,-1,-1,-1,-1,-1,-1,-1,-1,-1,-1,-1,-1,-1,-1,-1,0.00171167638621827,0.00165996980085792,0.00162707859625322,0.00170991283338334,0.00195406776201668,0.00232305030574415,0.00273008393192781,0.00309129230492339,0.00335713502867241,0.00351435878235346,0.00357821603327807
10409,1,-1,-1,-1,-1,0.00368157593208718,0.00328209137463009,0.00413307740865387,0.0101468190930818,0.0229422898074989,0.0343326863141842,0.02842936855879,-0.00226078626017934,-0.0434214091830221,-0.0682284480834077,-0.0640766904478576,-0.0474819602839298,-0.0486343142762313,-0.0818598406449595,-0.133800944567092,-0.178797985148463,-0.201265342546353,-1,-1,-1,-1,-1,-1,-1,-1,-1,-1,-1,-1,-1,-1,-1,-1,-1,-1,-1,-1,-1,-1,-1,-1,-1
19645,1,-1,-1,-1,-1,-1,-1,-1,-1,-1,-1,-1,-1,-1,-1,-1,-1,-1,-1,-1,-1,-1,-1,-1,-1,-1,-1,-1,-1,-1,0.0175204239793953,0.0173977709055602,0.0166330347014068,0.0150176550219658,0.0132507568988025,0.0122549905852112,0.0119611656760243,0.0113027509990555,0.00969041312854424,0.00811805579512992,0.00822527370730342,0.010187877805294,0.0120624948273931,0.0117135480268442,0.00927040376578514,0.00707697627421222,-1
8781,1,-1,-1,-1,-1,-1,-0.00258511055067889,-0.0068455066942289,-0.0155513492554746,-0.0267416355159974,-0.0368430882349371,-0.0427732847720631,-0.043858276326282,-0.0415277056207137,-0.0361693882009114,-0.0280977384360105,-0.0185560907582116,-0.00776021315733533,0.00407766977775526,0.0144683599394793,0.0191691147009738,0.0172172395157062,0.00807967417189492,-0.0101045501527873,-0.0359536140251686,-0.0650913040528694,-0.0932076980123479,-0.118168900961089,-0.139637882959622,-0.157614644007944,-0.172099184106042,-0.183091503253937,-0.190591601451619,-0.19459947869908,-0.195654200463265,-0.195912028611892,-1,-1,-1,-1,-1,-1,-1,-1,-1,-1,-1
11998,1,-1,-1,-1,-1,-1,-1,-1,-1,-0.263241434774582,0,0,0,0,0,0,0,0,0,0,0,0,0,0,0,0,0.167896050961597,0.167896050961597,-1,-1,-1,-1,-1,-1,-1,-1,-1,-1,-1,-1,-1,-1,-1,-1,-1,-1,-1
11953,1,-1,-1,-1,-1,-1,-1,-1,-1,-1,-1,-1,-1,-1,-1,-1,-1,-1,-1,-1,-1,-1,-1,-1,-1,-1,-1,-1,-1,-1,-1,0.342422680822206,-1.04139268515823,0.778151250383644,0.0669467896306132,0.154901959985743,-0.154901959985743,-1,-1,-1,-1,-1,-1,-1,-1,-1,-1
8578,1,-1,-1,-1,-1,-1,0.0485111436522745,0.048511143652274,0.0485111436522745,0.048511143652274,0.0485111436522745,0.048511143652274,0.0485111436522745,-1,-1,-1,-1,-1,-1,-1,-1,-1,-1,-1,-1,-1,-1,-1,-1,-1,-1,-1,-1,-1,-1,-1,-1,-1,-1,-1,-1,-1,-1,-1,-1,-1,-1
176,1,-1,-1,-1,-1,-1,0.00586897604579484,0.00586897604579484,0.00586897604579484,0.0744134205491733,0.0744134205491735,0.0744134205491735,0.0744134205491735,0.0181424297353818,0.018142429735382,0.018142429735382,0.018142429735382,0.018142429735382,0.0181424297353818,0.018142429735382,0.0540258001222831,0.0540258001222829,0.0540258001222829,0.0540258001222831,0.0540258001222831,0.0540258001222829,0.0540258001222829,-1,-1,-1,-1,-1,-1,-1,-1,-1,-1,-1,-1,-1,-1,-1,-1,-1,-1,-1,-1
8566,1,-1,-1,-1,-1,-1,0.0485111436522745,0.048511143652274,0.0485111436522745,0.048511143652274,0.0485111436522745,0.048511143652274,0.0485111436522745,-1,-1,-1,-1,-1,-1,-1,-1,-1,-1,-1,-1,-1,-1,-1,-1,-1,-1,-1,-1,-1,-1,-1,-1,-1,-1,-1,-1,-1,-1,-1,-1,-1,-1
180,1,-1,-1,-1,-1,-1,0.0837726951146638,0.0837726951146638,0.0837726951146638,-0.00625841990663112,-0.00625841990663134,-0.00625841990663112,-0.00625841990663112,0.0416038816699227,0.0416038816699225,0.0416038816699227,0.0416038816699227,0.0416038816699225,0.0416038816699227,0.0416038816699227,0.0547190384937914,0.0547190384937912,0.0547190384937914,0.0547190384937912,0.0547190384937914,0.0547190384937914,0.0547190384937912,-1,-1,-1,-1,-1,-1,-1,-1,-1,-1,-1,-1,-1,-1,-1,-1,-1,-1,-1,-1
8558,1,-1,-1,-1,-1,-1,-0.0566047921225743,-0.0566047921225743,-0.0566047921225745,-0.0566047921225743,-0.0566047921225743,-0.0566047921225743,-0.0566047921225745,-1,-1,-1,-1,-1,-1,-1,-1,-1,-1,-1,-1,-1,-1,-1,-1,-1,-1,-1,-1,-1,-1,-1,-1,-1,-1,-1,-1,-1,-1,-1,-1,-1,-1
178,1,-1,-1,-1,-1,-1,-0.00395094226499998,-0.00395094226500009,-0.00395094226500003,-0.0765526270419404,-0.0765526270419403,-0.0765526270419404,-0.0765526270419403,0.0504770136159006,0.0504770136159007,0.0504770136159007,0.0504770136159006,0.0504770136159007,0.0504770136159007,0.0504770136159006,0.0316926785166224,0.0316926785166223,0.0316926785166224,0.0316926785166224,0.0316926785166223,0.0316926785166223,0.0316926785166225,-1,-1,-1,-1,-1,-1,-1,-1,-1,-1,-1,-1,-1,-1,-1,-1,-1,-1,-1,-1
8557,1,-1,-1,-1,-1,-1,-0.0400582145983299,-0.0400582145983299,-0.0400582145983299,-0.0400582145983295,-0.0400582145983299,-0.0400582145983299,-0.0400582145983295,-1,-1,-1,-1,-1,-1,-1,-1,-1,-1,-1,-1,-1,-1,-1,-1,-1,-1,-1,-1,-1,-1,-1,-1,-1,-1,-1,-1,-1,-1,-1,-1,-1,-1
179,1,-1,-1,-1,-1,-1,-0.0163533753702536,-0.0163533753702536,-0.0163533753702536,-0.0198137309912065,-0.0198137309912068,-0.0198137309912065,-0.0198137309912065,0.022890472789751,0.0228904727897512,0.0228904727897512,0.0228904727897512,0.022890472789751,0.0228904727897512,0.0228904727897512,-0.0257556217542081,-0.0257556217542081,-0.0257556217542079,-0.0257556217542081,-0.0257556217542081,-0.0257556217542081,-0.0257556217542079,-1,-1,-1,-1,-1,-1,-1,-1,-1,-1,-1,-1,-1,-1,-1,-1,-1,-1,-1,-1
8552,1,-1,-1,-1,-1,-1,-0.0896151040975266,-0.0896151040975268,-0.0896151040975266,0.154324989471175,0.154324989471175,0.154324989471175,0.154324989471175,-0.0177845383807291,-0.0177845383807291,-0.0177845383807291,-0.0177845383807289,-0.0177845383807291,-0.0177845383807291,-0.0177845383807291,-0.0177845383807291,-0.0177845383807289,-0.0177845383807291,-0.0177845383807291,-0.0177845383807289,-0.0177845383807291,-0.0177845383807291,-0.0177845383807291,-0.0177845383807291,-0.0177845383807289,-0.0177845383807291,-0.0177845383807291,-0.0177845383807291,-0.0177845383807291,-0.0177845383807289,-0.0177845383807291,-0.0177845383807291,-0.0177845383807289,-0.0177845383807291,-1,-1,-1,-1,-1,-1,-1,-1
175,1,-1,-1,-1,-1,-1,0.0305901244518817,0.0305901244518818,0.0305901244518818,0.10649218306807,0.10649218306807,0.10649218306807,0.10649218306807,0.0572901550927399,0.05729015509274,0.0572901550927399,0.0572901550927399,0.05729015509274,0.0572901550927398,0.05729015509274,0.0116042583889849,0.0116042583889848,0.0116042583889849,0.0116042583889848,0.0116042583889849,0.0116042583889849,0.0116042583889849,-1,-1,-1,-1,-1,-1,-1,-1,-1,-1,-1,-1,-1,-1,-1,-1,-1,-1,-1,-1
263,1,-1,-1,-1,-1,-1,-0.0119224005717911,-0.0119224005717906,-0.0119224005717911,-0.0119224005717911,-0.0119224005717906,-0.0119224005717911,-0.0119224005717911,-0.0119224005717906,-0.0119224005717911,-0.0119224005717911,-0.0119224005717906,-0.0119224005717911,-0.0119224005717911,-0.0119224005717906,-0.0119224005717911,-0.0119224005717911,-0.0119224005717906,-0.0119224005717911,-0.0119224005717906,-0.0119224005717911,-1,-1,-1,-1,-1,-1,-1,-1,-1,-1,-1,-1,-1,-1,-1,-1,-1,-1,-1,-1,-1
23657,1,-1,-1,-1,-1,-1,-1,-0.0601214394109374,-0.0605385598085575,-0.0607787821672348,-0.0601232959165776,-0.058377708316474,-0.0558711299939171,-0.0528803184160155,-0.0492394045708494,-0.044609467539631,-0.0390618277524155,-0.033389783013734,-0.0287051637303206,-0.0257623495529635,-0.0245480253042848,-1,-1,-1,-1,-1,-1,-1,-1,-1,-1,-1,-1,-1,-1,-1,-1,-1,-1,-1,-1,-1,-1,-1,-1,-1,-1
19097,1,-1,-1,-1,-1,-1,-1,-1,-1,-1,-1,-1,-1,-1,-1,-1,-1,-1,-1,-1,-1,-1,-1,-1,-1,-0.0450198759971792,-0.0439415472905782,-0.0418953297878817,-0.0391873084158045,-0.0359076026364202,-0.0318532434641183,-0.0268301909240394,-0.0209755658397075,-0.0149279973865095,-0.00971523874006142,-0.00619788326768878,-0.00433739619369966,-0.00309367607478195,-0.00135823992292883,0.000897157579361707,0.00253853431966689,0.00239665833159952,0.000372703372311101,-0.00256276880062178,-0.00522607283551602,-0.00694119005775073,-0.00766123596512558
17694,1,-1,-1,-1,-1,-1,-1,-1,-1,-1,-1,-1,-1,-1,-1,-1,-1,-1,-1,-1,-1,-1,-1,-1,-1,-1,-1,-1,-1,-1,-1,-1,-1,-0.397940008672038,0,0.176091259055681,-0.176091259055681,0.176091259055681,-1,-1,-1,-1,-1,-1,-1,-1,-1
25461,1,-1,-1,-1,-1,-1,-1,-1,-0.0572663249652183,-0.0572663249652183,-0.0572663249652184,-0.0572663249652183,-0.0572663249652183,-0.0572663249652184,-0.0572663249652183,-0.0572663249652183,-0.0572663249652183,-0.0572663249652184,-0.0572663249652184,-0.0572663249652184,-0.0572663249652183,-0.0572663249652184,-0.0572663249652183,-0.0572663249652184,-0.0572663249652184,-0.0572663249652183,-0.0572663249652184,-0.0572663249652184,-0.0572663249652183,-0.0572663249652184,-0.0572663249652184,-0.0572663249652183,-0.0572663249652184,-0.0572663249652184,-0.0572663249652183,-0.0572663249652183,-0.0572663249652184,-0.0572663249652181,-0.0572663249652184,-0.0572663249652183,-0.0572663249652183,-0.0572663249652186,-0.0572663249652183,-1,-1,-1,-1
21261,1,-1,-1,-1,-1,-1,-1,-1,-1,-1,-1,-1,0.193569614520935,0.193569614520935,0.193569614520935,0.193569614520936,0.193569614520935,0.193569614520935,0.193569614520936,0.193569614520935,-0.364640319599845,-1,-1,-1,-1,-1,-1,-1,-1,-1,-1,-1,-1,-1,-1,-1,-1,-1,-1,-1,-1,-1,-1,-1,-1,-1,-1
25460,1,-1,-1,-1,-1,-1,-1,-1,-0.0100623576603245,-0.0100623576603247,-0.0100623576603247,-0.0100623576603245,-0.0100623576603247,-0.0100623576603247,-0.0100623576603247,-0.0100623576603247,-0.0100623576603245,-0.0100623576603247,-0.0100623576603247,-0.0100623576603245,-0.0100623576603247,-0.0100623576603247,-0.0100623576603247,-0.0100623576603245,-0.0100623576603247,-0.0100623576603247,-0.0100623576603247,-0.0100623576603245,-0.0100623576603247,-0.0100623576603245,-0.0100623576603247,-0.0100623576603247,-0.0100623576603245,-0.0100623576603248,-0.0100623576603246,-0.0100623576603247,-0.0100623576603247,-0.0100623576603245,-0.0100623576603247,-0.0100623576603247,-0.0100623576603246,-0.0100623576603246,-0.0100623576603247,-1,-1,-1,-1
21260,1,-1,-1,-1,-1,-1,-1,-1,-1,-1,-1,-1,0.0680085055437845,0.0680085055437845,0.0680085055437845,0.0680085055437845,0.0680085055437845,0.0680085055437845,0.0680085055437845,0.0680085055437845,-0.31231100607367,-1,-1,-1,-1,-1,-1,-1,-1,-1,-1,-1,-1,-1,-1,-1,-1,-1,-1,-1,-1,-1,-1,-1,-1,-1,-1
25459,1,-1,-1,-1,-1,-1,-1,-1,-0.00281389717837155,-0.00281389717837177,-0.00281389717837177,-0.00281389717837177,-0.00281389717837177,-0.00281389717837177,-0.00281389717837177,-0.00281389717837177,-0.00281389717837177,-0.00281389717837177,-0.00281389717837177,-0.00281389717837177,-0.00281389717837177,-0.00281389717837177,-0.00281389717837177,-0.00281389717837155,-0.00281389717837199,-0.00281389717837155,-0.00281389717837177,-0.00281389717837177,-0.00281389717837177,-0.00281389717837177,-0.00281389717837177,-0.00281389717837177,-0.00281389717837177,-0.00281389717837177,-0.00281389717837177,-0.00281389717837177,-0.00281389717837177,-0.00281389717837177,-0.00281389717837155,-0.00281389717837177,-0.00281389717837177,-0.00281389717837177,-0.00281389717837177,-1,-1,-1,-1
21259,1,-1,-1,-1,-1,-1,-1,-1,-1,-1,-1,-1,-0.0940691040510813,-0.0940691040510813,-0.0940691040510813,-0.0940691040510813,-0.0940691040510813,-0.0940691040510813,-0.0940691040510813,-0.0940691040510815,0.294399416764968,-1,-1,-1,-1,-1,-1,-1,-1,-1,-1,-1,-1,-1,-1,-1,-1,-1,-1,-1,-1,-1,-1,-1,-1,-1,-1
25400,1,-1,-1,-1,-1,-1,-1,-1,-1,0.0705810742857076,-0.112704280191288,-0.176091259055681,-1,-1,-1,-1,-1,-1,-1,-1,-1,-1,-1,-1,-1,-1,-1,-1,-1,-1,-1,-1,-1,-1,-1,-1,-1,-1,-1,-1,-1,-1,-1,-1,-1,-1,-1
17681,1,-1,-1,-1,-1,-1,-1,-1,-1,0.013477702062185,0.013477702062185,0.013477702062185,0.013477702062185,0.013477702062185,0.013477702062185,0.013477702062185,0.0134777020621852,0.0134777020621848,0.0134777020621852,0.013477702062185,0.013477702062185,0.0134777020621848,0.0134777020621852,0.013477702062185,0.013477702062185,0.013477702062185,0.013477702062185,0.013477702062185,0.013477702062185,0.013477702062185,0.013477702062185,0.013477702062185,0.013477702062185,0.013477702062185,-1,-1,-1,-1,-1,-1,-1,-1,-1,-1,-1,-1,-1
12004,1,-1,-1,-1,-1,-1,-1,-1,-1,-0.297809008227897,-0.114398423949597,-0.114398423949597,-0.114398423949597,-0.114398423949597,-0.114398423949597,-0.114398423949597,-0.114398423949597,-0.114398423949597,-0.114398423949597,-0.114398423949597,-0.114398423949597,-0.114398423949597,-0.114398423949597,-0.114398423949597,-0.114398423949597,-0.114398423949597,0,0,-1,-1,-1,-1,-1,-1,-1,-1,-1,-1,-1,-1,-1,-1,-1,-1,-1,-1,-1
12003,1,-1,-1,-1,-1,-1,-1,-1,-1,-0.176091259055681,0.01100570369098,0.0110057036909801,0.0110057036909801,0.0110057036909801,0.01100570369098,0.0110057036909801,0.0110057036909801,0.01100570369098,0.0110057036909801,0.01100570369098,0.0110057036909801,0.0110057036909801,0.0110057036909801,0.01100570369098,0.0110057036909801,0.0110057036909801,0,0,-1,-1,-1,-1,-1,-1,-1,-1,-1,-1,-1,-1,-1,-1,-1,-1,-1,-1,-1
12002,1,-1,-1,-1,-1,-1,-1,-1,-1,0.0114294617807817,0.00943348579800896,0.00943348579800873,0.00943348579800896,0.00943348579800873,0.00943348579800896,0.00943348579800896,0.00943348579800873,0.00943348579800896,0.00943348579800873,0.00943348579800896,0.00943348579800873,0.00943348579800896,0.00943348579800873,0.00943348579800896,0.00943348579800896,0.00943348579800896,-0.280152621610481,-0.280152621610481,-1,-1,-1,-1,-1,-1,-1,-1,-1,-1,-1,-1,-1,-1,-1,-1,-1,-1,-1
11954,1,-1,-1,-1,-1,-1,-1,-1,-1,-1,-1,-1,-1,-1,-1,-1,-1,-1,-1,-1,-1,-1,-1,-1,-1,-1,-1,-1,-1,-1,-1,1.84488404913439,-1.84488404913439,2.193604322784,-0.253053491338552,0.298532806276522,-0.978025963585741,-1,-1,-1,-1,-1,-1,-1,-1,-1,-1
12001,1,-1,-1,-1,-1,-1,-1,-1,-1,-0.471406771195233,0.0185469498552942,0.018546949855294,0.0185469498552942,0.0185469498552941,0.0185469498552942,0.0185469498552941,0.0185469498552941,0.0185469498552942,0.0185469498552941,0.0185469498552941,0.0185469498552941,0.0185469498552941,0.0185469498552942,0.0185469498552941,0.0185469498552941,0.0185469498552941,-1.00216068689132,-1.00216068689132,-1,-1,-1,-1,-1,-1,-1,-1,-1,-1,-1,-1,-1,-1,-1,-1,-1,-1,-1
12000,1,-1,-1,-1,-1,-1,-1,-1,-1,0,0.0186352096882736,0.0186352096882737,0.0186352096882736,0.0186352096882736,0.0186352096882736,0.0186352096882737,0.0186352096882737,0.0186352096882736,0.0186352096882736,0.0186352096882737,0.0186352096882736,0.0186352096882736,0.0186352096882736,0.0186352096882737,0.0186352096882736,0.0186352096882737,-1.08948847364658,-1.08948847364658,-1,-1,-1,-1,-1,-1,-1,-1,-1,-1,-1,-1,-1,-1,-1,-1,-1,-1,-1
11960,1,-1,-1,-1,-1,-1,-1,-1,-1,-1,-1,-1,-1,-1,-1,-1,-1,-1,-1,-1,-1,-1,-1,-1,-1,-1,-1,-1,-1,-1,-1,1.90848501887865,0,0,0.2983408571532,-2.20682587603185,0,-1,-1,-1,-1,-1,-1,-1,-1,-1,-1
11999,1,-1,-1,-1,-1,-1,-1,-1,-1,1.938090651061,-0.0185031447248795,-0.0185031447248795,-0.0185031447248794,-0.0185031447248795,-0.0185031447248794,-0.0185031447248795,-0.0185031447248794,-0.0185031447248794,-0.0185031447248795,-0.0185031447248795,-0.0185031447248794,-0.0185031447248795,-0.0185031447248794,-0.0185031447248794,-0.0185031447248795,-0.0185031447248794,0.297284447310081,0.297284447310081,-1,-1,-1,-1,-1,-1,-1,-1,-1,-1,-1,-1,-1,-1,-1,-1,-1,-1,-1
11997,1,-1,-1,-1,-1,-1,-1,-1,-1,-2.17897694729317,0,0,0,0,0,0,0,0,0,0,0,0,0,0,0,0,0.853785088048968,0.853785088048968,-1,-1,-1,-1,-1,-1,-1,-1,-1,-1,-1,-1,-1,-1,-1,-1,-1,-1,-1
11996,1,-1,-1,-1,-1,-1,-1,-1,-1,0.136219747017989,0.0506459958596903,0.0506459958596903,0.0506459958596903,0.0506459958596903,0.0506459958596903,0.0506459958596903,0.0506459958596903,0.0506459958596903,0.0506459958596901,0.0506459958596903,0.0506459958596903,0.0506459958596903,0.0506459958596905,0.0506459958596901,0.0506459958596905,0.0506459958596901,-0.163841095217711,-0.163841095217711,-1,-1,-1,-1,-1,-1,-1,-1,-1,-1,-1,-1,-1,-1,-1,-1,-1,-1,-1
11958,1,-1,-1,-1,-1,-1,-1,-1,-1,-1,-1,-1,-1,-1,-1,-1,-1,-1,-1,-1,-1,-1,-1,-1,-1,-1,-1,-1,-1,-1,-1,0,0,1.65748079856802,0.770113491991002,-0.770113491991002,0,-1,-1,-1,-1,-1,-1,-1,-1,-1,-1
4541,1,-1,-1,-1,-1,-1,-1,-1,-1,-1,-1,-1,-1,-1,-1,-1,-1,-1,-1,-1,-1,-1,-1,-1,-1,-1,-1,-1,-1,-1,-1,-1,0.288440868355961,0.130688439386015,0.101260637134667,-0.0969977699507798,-1,-1,-1,-1,-1,-1,-1,-1,-1,-1,-1
22783,1,-1,-1,-1,-1,-1,-1,-1,-1,-1,-1,-1,-1,-1,-1,-1,-1,-1,-1,-1,-1,-1,-1,-1,-1,-1,-1,-1,-1,-1,-1,-1,-1,-1,-1,-0.166868442768612,-0.145754876999771,-1,-1,-1,-1,-1,-1,-1,-1,-1,-1
11995,1,-1,-1,-1,-1,-1,-1,-1,-1,0.176091259055681,0,0,0,0,0,0,0,0,0,0,0,0,0,0,0,0,-0.389075625191822,-0.389075625191822,-1,-1,-1,-1,-1,-1,-1,-1,-1,-1,-1,-1,-1,-1,-1,-1,-1,-1,-1
11966,1,-1,-1,-1,-1,-1,-1,-1,-1,-1,-1,-1,-1,-1,-1,-1,-1,-1,-1,-1,-1,-1,-1,-1,-1,-1,-1,-1,-1,-1,-1,0,0,0,0,0,2.00432137378264,-1,-1,-1,-1,-1,-1,-1,-1,-1,-1
18332,1,-1,-1,-1,-1,-1,-1,-1,-1,-1,-1,-1,-1,-1,-1,-1,-1,-1,-1,-1,-1,-1,-1,-1,-1,-1,-1,-1,-1,-1,-1,-1,-1,-1,-1,-1,-1,-1,-1,-0.198148074289526,0.0727381062865824,-1,-1,-1,-1,-1,-1
11994,1,-1,-1,-1,-1,-1,-1,-1,-1,0.522878745280338,-0.0188143747289988,-0.0188143747289988,-0.0188143747289988,-0.0188143747289988,-0.0188143747289988,-0.0188143747289988,-0.0188143747289988,-0.0188143747289988,-0.0188143747289988,-0.0188143747289988,-0.0188143747289988,-0.0188143747289988,-0.0188143747289988,-0.0188143747289987,-0.0188143747289989,-0.0188143747289987,-0.349485002168009,-0.349485002168009,-1,-1,-1,-1,-1,-1,-1,-1,-1,-1,-1,-1,-1,-1,-1,-1,-1,-1,-1
11963,1,-1,-1,-1,-1,-1,-1,-1,-1,-1,-1,-1,-1,-1,-1,-1,-1,-1,-1,-1,-1,-1,-1,-1,-1,-1,-1,-1,-1,-1,-1,0,0,2.00432137378264,0,-2.00432137378264,0,-1,-1,-1,-1,-1,-1,-1,-1,-1,-1
11973,1,-1,-1,-1,-1,-1,-1,-1,-1,0.06096695569647,-0.00563667883904095,-0.0952722638279191,-1,-1,-1,-1,-1,-1,-1,-1,-1,-1,-1,-1,-1,-1,-1,-1,-1,-1,-1,-1,-1,-1,-1,-1,-1,-1,-1,-1,-1,-1,-1,-1,-1,-1,-1
18335,1,-1,-1,-1,-1,-1,-1,-1,-1,-1,-1,-1,-1,-1,-1,-1,-1,-1,-1,-1,-1,-1,-1,-1,-1,-1,-1,-1,-1,-1,-1,-1,-1,-1,-1,-1,-1,-1,0.177247836255623,0.123782159408358,0.0350292822023681,-1,-1,-1,-1,-1,-1
18334,1,-1,-1,-1,-1,-1,-1,-1,-1,-1,-1,-1,-1,-1,-1,-1,-1,-1,-1,-1,-1,-1,-1,-1,-1,-1,-1,-1,-1,-1,-1,-1,-1,-1,-1,-1,-1,-1,-0.295828801978173,0.147914400989087,0.147914400989087,-1,-1,-1,-1,-1,-1
8956,1,-1,-1,-1,-1,-1,-1,-1,-1,0.0278942786344647,0.0219509507572699,0.010553666844709,-0.00385912763673013,-0.0181881873748544,-0.0299793465536502,-0.0378544598313371,-0.0415185173386903,-1,-1,-1,-1,-1,-1,-1,-1,-1,-1,-1,-1,-1,-1,-1,-1,-1,-1,-1,-1,-1,-1,-1,-1,-1,-1,-1,-1,-1,-1
5678,1,-1,-1,-1,-1,-1,-1,-1,-1,-1,0.12539526616121,0.12539526616121,0.12539526616121,0.12539526616121,0.12539526616121,0.12539526616121,0.0440194925770823,0.0440194925770827,0.0440194925770827,0.0391488177016166,0.0391488177016162,0.0176190599939035,0.0176190599939035,-1,-1,-1,-1,-1,-1,-1,-1,-1,-1,-1,-1,-1,-1,-1,-1,-1,-1,-1,-1,-1,-1,-1,-1
23087,1,-1,-1,-1,-1,-1,-1,-1,-1,-1,-1,-0.0402584913717803,-0.0402584913717803,-0.0402584913717798,-0.0402584913717803,-0.0402584913717798,-0.0402584913717803,-0.0402584913717803,-0.0402584913717798,-0.0402584913717803,-0.0402584913717803,0.00704349040345065,0.00704349040345065,0.00704349040345065,0.00704349040345065,0.00704349040345065,0.00704349040345065,0.00704349040345065,0.00704349040345065,0.00704349040345065,-1,-1,-1,-1,-1,-1,-1,-1,-1,-1,-1,-1,-1,-1,-1,-1,-1
640,1,-1,-1,-1,-1,-1,-1,-1,-1,-1,-1,-0.136605260096023,-0.136605260096023,-1,-1,-1,-1,-1,-1,-1,-1,-1,-1,-1,-1,-1,-1,-1,-1,-1,-1,-1,-1,-1,-1,-1,-1,-1,-1,-1,-1,-1,-1,-1,-1,-1,-1
12005,1,-1,-1,-1,-1,-1,-1,-1,-1,-1,-1,-1,-1,0.015090299161399,-0.0755211688707327,0.0278608432450964,0.0172823693038282,-0.000172956792060308,-0.000172956792059864,-0.0371912467298641,0.00561837695817724,-1,-1,-1,-1,-1,-1,-1,-1,-1,-1,-1,-1,-1,-1,-1,-1,-1,-1,-1,-1,-1,-1,-1,-1,-1,-1
6961,1,-1,-1,-1,-1,-1,-1,-1,-1,-1,-1,-1,-1,-1,-1,-1,-1,-1,-1,-1,-1,-1,0.0439845600495505,0.0439845600494941,0.0439845600495155,0.0439845600497839,0.0439845600503257,0.0439845600509385,0.0439845600513253,-1,-1,-1,-1,-1,-1,-1,-1,-1,-1,-1,-1,-1,-1,-1,-1,-1,-1
17758,1,-1,-1,-1,-1,-1,-1,-1,-1,-1,-1,-1,-1,-1,-1,-1,-1,-1,-1,-1,-1,-1,-1,-0.0151993157078814,-0.0151993157078437,-0.0151993157076801,-0.0151993157072896,-0.015199315706645,-0.0151993157058203,-0.0151993157049563,-0.015199315704184,-0.0151993157035769,-0.0151993157031447,-0.0151993157028431,-0.015199315702598,-0.0151993157023248,-0.0151993157019675,-0.0151993157015349,-0.0151993157010839,-0.0151993157006785,-0.0151993157003472,-0.0151993157000891,-0.0151993156999082,-0.0151993156998182,-1,-1,-1
17757,1,-1,-1,-1,-1,-1,-1,-1,-1,-1,-1,-1,-1,-1,-1,-1,-1,-1,-1,-1,-1,-1,-1,-0.0263099600158346,-0.0263099600158494,-0.0263099600158759,-0.0263099600159062,-0.0263099600159344,-0.0263099600159645,-0.0263099600160048,-0.026309960016059,-0.026309960016129,-0.0263099600162124,-0.0263099600163028,-0.0263099600163872,-0.0263099600164485,-0.0263099600164722,-0.0263099600164565,-0.0263099600164154,-0.0263099600163692,-0.0263099600163244,-0.0263099600162926,-0.0263099600162759,-0.0263099600162706,-1,-1,-1
17756,1,-1,-1,-1,-1,-1,-1,-1,-1,-1,-1,-1,-1,-1,-1,-1,-1,-1,-1,-1,-1,-1,-1,-0.0307119474523828,-0.0307119474523954,-0.0307119474524217,-0.0307119474524556,-0.0307119474524917,-0.0307119474525328,-0.030711947452589,-0.0307119474526576,-0.0307119474527199,-0.0307119474527604,-0.0307119474527868,-0.0307119474528191,-0.0307119474528539,-0.0307119474528634,-0.0307119474528215,-0.0307119474527413,-0.0307119474526549,-0.0307119474525799,-0.0307119474525097,-0.0307119474524435,-0.0307119474524011,-1,-1,-1
17711,1,-1,-1,-1,-1,-1,-1,-1,-1,-1,-1,0.164212026417263,0.16892239617927,0.172906997545907,0.171310315549505,0.164448034859068,0.15216239573729,0.128062300580702,0.0855742365131809,0.0291887113124685,-0.0252226404060729,-0.0626828954178549,-0.078824863523814,-0.0771263177872725,-0.061503695341099,-0.0355365790496256,-0.0060881796545742,0.0182932733206365,0.0340975713758993,0.044812368230581,0.0545155047642167,0.0618265130340343,0.0622762938094017,0.0551543081795618,0.0455367365519275,0.0395454342967845,-1,-1,-1,-1,-1,-1,-1,-1,-1,-1,-1
12517,1,-1,-1,-1,-1,-1,-1,-1,-1,-1,-1,-1,-0.318365557996463,-1,-1,-1,-1,-1,-1,-1,-1,-1,-1,-1,-1,-1,-1,-1,-1,-1,-1,-1,-1,-1,-1,-1,-1,-1,-1,-1,-1,-1,-1,-1,-1,-1,-1
12006,1,-1,-1,-1,-1,-1,-1,-1,-1,-1,-1,-1,-1,-0.0135197850873099,0.0823303000886406,-5.78943521357678e-05,0.0195568136205491,0.0107375869207055,0.0107375869207054,0.0258320825611686,0.0201847720050959,-1,-1,-1,-1,-1,-1,-1,-1,-1,-1,-1,-1,-1,-1,-1,-1,-1,-1,-1,-1,-1,-1,-1,-1,-1,-1
19620,1,-1,-1,-1,-1,-1,-1,-1,-1,-1,-1,-1,-1,-1,-1,-1,-1,-1,-1,-1,-1,-1,-1,-1,-1,-1,-1,-1,-1,-1,-0.0194101583300005,-0.0194101583302205,-0.0194101583306899,-0.0194101583313135,-0.0194101583318855,-0.0194101583322393,-0.0194101583323729,-0.0194101583324132,-0.0194101583324757,-0.0194101583325867,-0.0194101583327254,-0.0194101583328774,-0.0194101583330226,-0.0194101583331132,-1,-1,-1
3590,1,-1,-1,-1,-1,-1,-1,-1,-1,-1,-1,-1,-1,0.105097275349793,0.0714776868953013,0.0258778493844289,-0.00715388998403221,-0.0277216784457095,-0.049678138975553,-0.0699286392274081,-0.0667728960541525,-0.0316234284573853,0.0115712428306456,0.0293742638180796,0.0156025898834609,-0.0060492450241636,-0.0142583031548402,-0.01194185641918,-1,-1,-1,-1,-1,-1,-1,-1,-1,-1,-1,-1,-1,-1,-1,-1,-1,-1,-1
3591,1,-1,-1,-1,-1,-1,-1,-1,-1,-1,-1,-1,-1,-1,-0.0085813002475319,-0.00858130024765313,-0.0085813002478845,-0.00858130024816361,-0.00858130024839565,-0.0085813002484989,-0.00858130024842407,-0.00858130024816539,-0.00858130024776327,-0.00858130024729298,-0.00858130024685355,-0.00858130024653558,-0.00858130024638282,-1,-1,-1,-1,-1,-1,-1,-1,-1,-1,-1,-1,-1,-1,-1,-1,-1,-1,-1,-1
177,1,-1,-1,-1,-1,-1,-1,-1,-1,-1,-1,-1,-1,0.188888470676274,0.188888470676274,0.188888470676274,0.188888470676274,0.188888470676274,0.188888470676274,0.188888470676274,-1,-1,-1,-1,-1,-1,-1,-1,-1,-1,-1,-1,-1,-1,-1,-1,-1,-1,-1,-1,-1,-1,-1,-1,-1,-1,-1
11992,1,-1,-1,-1,-1,-1,-1,-1,-1,-1,-1,-1,-1,-1,-1,-0.0538764180408349,-0.0538764180408347,-0.053876418040835,-0.0538764180408348,-0.0538764180408349,-0.0538764180408349,-0.0538764180408349,-0.0538764180408348,-0.0538764180408349,-0.0538764180408348,-0.053876418040835,-0.0538764180408348,-0.0538764180408349,-0.0538764180408348,-0.0538764180408349,-0.0538764180408349,-0.0538764180408348,-0.0538764180408348,-0.0538764180408349,-0.0538764180408348,-0.0538764180408349,-1,-1,-1,-1,-1,-1,-1,-1,-1,-1,-1
11991,1,-1,-1,-1,-1,-1,-1,-1,-1,-1,-1,-1,-1,-1,-1,0,0,0,0,0,0,0,0,0,0,0,0,0,0,0,0,0,0,0,0,0,-1,-1,-1,-1,-1,-1,-1,-1,-1,-1,-1
11990,1,-1,-1,-1,-1,-1,-1,-1,-1,-1,-1,-1,-1,-1,-1,-1,-1,-1,-1,-1,-1,-1,-1,0.0071202172191045,0.0071202172191045,0.00712021721910427,0.00712021721910472,0.00712021721910427,0.0071202172191045,0.0071202172191045,0.0071202172191045,0.00712021721910427,0.00712021721910472,0.00712021721910427,0.0071202172191045,0.00712021721910427,0.0071202172191045,0.0071202172191045,0.0071202172191045,0.0071202172191045,-1,-1,-1,-1,-1,-1,-1
8693,1,-1,-1,-1,-1,-1,-1,-1,-1,-1,-1,-1,-1,-1,-1,-0.0644677996481502,-0.0644677996481502,-0.0644677996481502,-0.0644677996481502,-0.0644677996481502,-0.0644677996481502,-0.0644677996481502,0.0278893022320974,0.0278893022320975,0.0278893022320976,0.0278893022320974,0.0278893022320975,0.0278893022320974,0.0278893022320976,0.0278893022320974,0.0278893022320976,0.0278893022320974,0.0278893022320976,-0.0212333937341791,-0.0212333937341791,-0.0212333937341789,-0.0212333937341791,-1,-1,-1,-1,-1,-1,-1,-1,-1,-1
10917,1,-1,-1,-1,-1,-1,-1,-1,-1,-1,-1,-1,-1,-1,-1,-1,0.00127742880364279,0.00127742880364301,0.0012774288036429,0.00127742880364279,0.00127742880364301,0.0012774288036429,0.0012774288036429,0.0012774288036429,0.0012774288036429,0.00127742880364279,-1,-1,-1,-1,-1,-1,-1,-1,-1,-1,-1,-1,-1,-1,-1,-1,-1,-1,-1,-1,-1
10916,1,-1,-1,-1,-1,-1,-1,-1,-1,-1,-1,-1,-1,-1,-1,-1,-0.0894839911566521,-0.0894839911566521,-0.0894839911566521,-0.0894839911566521,-0.0894839911566521,-0.0894839911566521,-0.089483991156652,-0.0894839911566521,-0.089483991156652,-0.0894839911566521,-1,-1,-1,-1,-1,-1,-1,-1,-1,-1,-1,-1,-1,-1,-1,-1,-1,-1,-1,-1,-1
10935,1,-1,-1,-1,-1,-1,-1,-1,-1,-1,-1,-1,-1,-1,-1,-1,-1,-1,-1,-1,-1,-1,-1,-1,-1,-1,-1,-1,-1,-1,-1,-1,-1,-1,-1,-1,-1,-1,-0.105469824704715,-1,-1,-1,-1,-1,-1,-1,-1
18730,1,-1,-1,-1,-1,-1,-1,-1,-1,-1,-1,-1,-1,-1,-1,-1,-1,-1,0.0231735507959561,0.0231735507959562,0.0231735507959562,0.023173550795956,0.0231735507959562,0.0231735507959562,0.0231735507959561,-0.102624743898447,-0.102624743898447,0.0448053871332785,0.0448053871332785,-0.0738013606221218,-0.0738013606221219,-1,-1,-1,-1,-1,-1,-1,-1,-1,-1,-1,-1,-1,-1,-1,-1
18666,1,-1,-1,-1,-1,-1,-1,-1,-1,-1,-1,-1,-1,-1,-1,-1,-1,-1,0.033908702256372,0.033908702256372,0.033908702256372,0.0339087022563719,0.033908702256372,0.0339087022563719,0.033908702256372,-0.082405124322996,-0.0824051243229961,0,0,0.114239664257685,0.114239664257685,-1,-1,-1,-1,-1,-1,-1,-1,-1,-1,-1,-1,-1,-1,-1,-1
18665,1,-1,-1,-1,-1,-1,-1,-1,-1,-1,-1,-1,-1,-1,-1,-1,-1,-1,0.00851224142632057,0.00851224142632057,0.00851224142632057,0.00851224142632057,0.00851224142632057,0.00851224142632057,0.00851224142632068,-0.0880456295278407,-0.0880456295278406,-0.00851666964939024,-0.00851666964939013,0.112654640862931,0.112654640862931,-1,-1,-1,-1,-1,-1,-1,-1,-1,-1,-1,-1,-1,-1,-1,-1
10402,1,-1,-1,-1,-1,-1,-1,-1,-1,-1,-1,-1,-1,-1,-1,-1,-1,-1,-0.0113365299339958,-0.00272645231632662,0.00746755423266787,0.0102930368456486,0.00368247489545426,-0.005194150778141,-0.00607351775383935,0.00372694254445061,0.0121164978362684,-0.00187856435648137,-0.0480442414493214,-0.107262323019288,-0.139417594725507,-0.11812857869214,-0.059685925365327,-0.0110383159685132,-0.00411529059765892,-0.0256237369083308,-0.0374326721432212,-0.0231151075174918,-0.00328689421421169,-1,-1,-1,-1,-1,-1,-1,-1
10400,1,-1,-1,-1,-1,-1,-1,-1,-1,-1,-1,-1,-1,-1,-1,-1,-1,-1,-0.0119670312451849,-0.00836486381099899,-0.000286139122042783,0.00812587903829343,0.00942065075403775,0.0021835824781915,-0.00520656598582914,-0.00457704846670204,-0.000284011414392271,-0.00645800778401906,-0.0306823058985506,-0.0640000966655387,-0.0890882559736565,-0.0954508061459733,-0.0842797234620609,-0.0620654774380278,-0.035209562440405,-0.0106919357611481,0.00436371323306761,0.00810621122930155,0.00647866191223168,-1,-1,-1,-1,-1,-1,-1,-1
10923,1,-1,-1,-1,-1,-1,-1,-1,-1,-1,-1,-1,-1,-1,-1,-1,-1,-1,-1,0.164810248645992,-1,-1,-1,-1,-1,-1,-1,-1,-1,-1,-1,-1,-1,-1,-1,-1,-1,-1,-1,-1,-1,-1,-1,-1,-1,-1,-1
10922,1,-1,-1,-1,-1,-1,-1,-1,-1,-1,-1,-1,-1,-1,-1,-1,-1,-1,-1,-0.68847294995946,-1,-1,-1,-1,-1,-1,-1,-1,-1,-1,-1,-1,-1,-1,-1,-1,-1,-1,-1,-1,-1,-1,-1,-1,-1,-1,-1
10921,1,-1,-1,-1,-1,-1,-1,-1,-1,-1,-1,-1,-1,-1,-1,-1,-1,-1,-1,-0.2498774732166,-1,-1,-1,-1,-1,-1,-1,-1,-1,-1,-1,-1,-1,-1,-1,-1,-1,-1,-1,-1,-1,-1,-1,-1,-1,-1,-1
10920,1,-1,-1,-1,-1,-1,-1,-1,-1,-1,-1,-1,-1,-1,-1,-1,-1,-1,-1,-0.127678773974329,-1,-1,-1,-1,-1,-1,-1,-1,-1,-1,-1,-1,-1,-1,-1,-1,-1,-1,-1,-1,-1,-1,-1,-1,-1,-1,-1
10919,1,-1,-1,-1,-1,-1,-1,-1,-1,-1,-1,-1,-1,-1,-1,-1,-1,-1,-1,-0.107375446686221,-1,-1,-1,-1,-1,-1,-1,-1,-1,-1,-1,-1,-1,-1,-1,-1,-1,-1,-1,-1,-1,-1,-1,-1,-1,-1,-1
10918,1,-1,-1,-1,-1,-1,-1,-1,-1,-1,-1,-1,-1,-1,-1,-1,-1,-1,-1,0.0163904161881693,-1,-1,-1,-1,-1,-1,-1,-1,-1,-1,-1,-1,-1,-1,-1,-1,-1,-1,-1,-1,-1,-1,-1,-1,-1,-1,-1
10385,1,-1,-1,-1,-1,-1,-1,-1,-1,-1,-1,-1,-1,-1,-1,-1,-1,-1,-1,0.0209012060359153,0.0209012060358822,0.0209012060358675,0.0209012060358809,0.0209012060358111,0.0209012060354945,0.0209012060348761,0.0209012060341003,0.0209012060334117,0.0209012060329794,0.020901206032808,-1,-1,-1,-1,-1,-1,-1,-1,-1,-1,-1,-1,-1,-1,-1,-1,-1
21262,1,-1,-1,-1,-1,-1,-1,-1,-1,-1,-1,-1,-1,-1,-1,-1,-1,-1,-1,-1,0.32735893438633,-1,-1,-1,-1,-1,-1,-1,-1,-1,-1,-1,-1,-1,-1,-1,-1,-1,-1,-1,-1,-1,-1,-1,-1,-1,-1
10399,1,-1,-1,-1,-1,-1,-1,-1,-1,-1,-1,-1,-1,-1,-1,-1,-1,-1,-1,-1,0.0113814190828148,0.0140954004001907,0.00697777870576433,-0.0117198732667321,-0.0211915051498892,-0.0049498920740243,0.0177961520299341,0.0068465857901876,-0.0483028210271288,-0.107151018842077,-0.119516435480823,-0.0810898205347679,-0.0341050313368372,-0.0146468677869578,-0.0157294118092266,-0.00966372799499604,0.00787570888645939,0.0144462210125726,-0.00163153179176856,-0.0213130737619835,-1,-1,-1,-1,-1,-1,-1
10398,1,-1,-1,-1,-1,-1,-1,-1,-1,-1,-1,-1,-1,-1,-1,-1,-1,-1,-1,-1,-0.00221670688690656,0.00139580496272362,0.00753770439878076,0.0129976532599501,0.0141232810857195,0.00901697348286645,-0.00234483432310117,-0.019899356627195,-0.0437828702698237,-0.0712383677370878,-0.094014177249407,-0.101695420166797,-0.0896577102684561,-0.0633541848155104,-0.0337050589684156,-0.00863184277936679,0.0100963347825729,0.0230831247623136,0.0297964193055287,-1,-1,-1,-1,-1,-1,-1,-1
10390,1,-1,-1,-1,-1,-1,-1,-1,-1,-1,-1,-1,-1,-1,-1,-1,-1,-1,-1,-1,-1,-1,-1,-1,-0.0945297502438809,-0.0945297502441051,-0.094529750244577,-0.094529750245264,-0.0945297502461075,-0.0945297502470259,-0.0945297502478939,-0.0945297502485609,-0.0945297502489284,-0.0945297502490117,-0.094529750248934,-0.0945297502488331,-0.0945297502487812,-0.0945297502487734,-0.0945297502487781,-0.0945297502487803,-1,-1,-1,-1,-1,-1,-1
8778,1,-1,-1,-1,-1,-1,-1,-1,-1,-1,-1,-1,-1,-1,-1,-1,-1,-1,-1,-1,-0.101457640758777,0.16840443038939,0.206054482433125,0.210110346345112,-0.240073569722555,-1,-1,-1,-1,-1,-1,-1,-1,-1,-1,-1,-1,-1,-1,-1,-1,-1,-1,-1,-1,-1,-1
8777,1,-1,-1,-1,-1,-1,-1,-1,-1,-1,-1,-1,-1,-1,-1,-1,-1,-1,-1,-1,-0.301029995663981,0.361727836017593,0.163316971019252,0.388769045346872,-0.173451162889473,-1,-1,-1,-1,-1,-1,-1,-1,-1,-1,-1,-1,-1,-1,-1,-1,-1,-1,-1,-1,-1,-1
7115,1,-1,-1,-1,-1,-1,-1,-1,-1,-1,-1,-1,-1,-1,-1,-1,-1,-1,-1,-1,0,0,0,0,0,0,0,0,0,0,0,0,0,0,-1,-1,-1,-1,-1,-1,-1,-1,-1,-1,-1,-1,-1
7114,1,-1,-1,-1,-1,-1,-1,-1,-1,-1,-1,-1,-1,-1,-1,-1,-1,-1,-1,-1,-0.028007890357951,-0.0280078903579508,-0.028007890357951,-0.028007890357951,-0.028007890357951,-0.0280078903579508,-0.028007890357951,-0.028007890357951,-0.028007890357951,-0.0280078903579508,-0.028007890357951,-0.028007890357951,-0.028007890357951,-0.0280078903579508,-1,-1,-1,-1,-1,-1,-1,-1,-1,-1,-1,-1,-1
10394,1,-1,-1,-1,-1,-1,-1,-1,-1,-1,-1,-1,-1,-1,-1,-1,-1,-1,-1,-1,-1,-1,-1,-1,-1,0.00277323895364745,-0.000786922575991778,-0.0104104828661211,-0.0257542628763525,-0.0420259922499819,-0.0544748145464384,-0.0629933951994144,-0.0698062340297225,-0.0728887364418093,-0.0650887554307048,-0.0421662024114655,-0.0102496034682575,0.0176289301397624,0.032861359757122,0.0373148368409499,-1,-1,-1,-1,-1,-1,-1
10396,1,-1,-1,-1,-1,-1,-1,-1,-1,-1,-1,-1,-1,-1,-1,-1,-1,-1,-1,-1,-1,-1,-1,-1,-1,-1,-1,-1,0.0417425363187578,0.0285950798697869,0.0055524626089889,-0.0182876826324976,-0.0330603271804748,-0.0333966655730251,-0.0202705359275597,0.000467897713079646,0.0214407819659055,0.0370787983172443,0.0454906823929029,0.0482974475161491,-1,-1,-1,-1,-1,-1,-1
7112,1,-1,-1,-1,-1,-1,-1,-1,-1,-1,-1,-1,-1,-1,-1,-1,-1,-1,-1,-1,-0.00727135236428844,-0.00727135236428844,-0.00727135236428822,-0.00727135236428844,-0.00727135236428844,-0.00727135236428844,-0.00727135236428822,-0.00727135236428844,-0.00727135236428844,-0.00727135236428844,-0.00727135236428822,-0.00727135236428844,-0.00727135236428844,-0.00727135236428844,-1,-1,-1,-1,-1,-1,-1,-1,-1,-1,-1,-1,-1
19099,1,-1,-1,-1,-1,-1,-1,-1,-1,-1,-1,-1,-1,-1,-1,-1,-1,-1,-1,-1,-1,-1,-1,-1,-1,-0.0263641062453996,-0.0390310814745918,-0.0319903767561807,0.00926541925418811,0.0496121582942537,0.046070080011587,0.00469427085732743,-0.0270541178958728,-0.0171861702509013,0.0214861392704011,0.0550495058914779,0.0611024138209793,0.0364442316369398,-0.00699293089900666,-0.0441829599217249,-0.04956626871168,-0.0211704911143387,0.0134630780896923,0.0243667893697488,0.0079426166209462,-0.0164642777942481,-0.0309557159859057
10397,1,-1,-1,-1,-1,-1,-1,-1,-1,-1,-1,-1,-1,-1,-1,-1,-1,-1,-1,-1,-1,-1,-1,-1,-1,-1,0.00222235649329794,0.00222235649340674,0.00222235649340141,0.00222235649308988,0.00222235649256031,0.00222235649209468,0.00222235649188307,0.00222235649190217,0.00222235649203117,0.00222235649217817,0.00222235649228586,0.00222235649230629,0.00222235649224434,0.00222235649217906,-1,-1,-1,-1,-1,-1,-1
10389,1,-1,-1,-1,-1,-1,-1,-1,-1,-1,-1,-1,-1,-1,-1,-1,-1,-1,-1,-1,-1,-1,-1,-1,-1,-1,-1,-1,0.0104454536045158,0.0104454536042666,0.0104454536038372,0.0104454536033738,0.0104454536029821,0.0104454536026848,0.0104454536024801,0.0104454536023701,0.0104454536023775,0.0104454536024996,0.0104454536026684,0.0104454536027818,-1,-1,-1,-1,-1,-1,-1
25475,1,-1,-1,-1,-1,-1,-1,-1,-1,-1,-1,-1,-1,-1,-1,-1,-1,-1,-1,-1,-1,-0.802092517822348,-0.132445357600293,-0.15507432032664,-1.46295747556976,0,1.32734301712628,-1,-1,-1,-1,-1,-1,-1,-1,-1,-1,-1,-1,-1,-1,-1,-1,-1,-1,-1,-1
25474,1,-1,-1,-1,-1,-1,-1,-1,-1,-1,-1,-1,-1,-1,-1,-1,-1,-1,-1,-1,-1,0.893946607552074,0.448005803075938,-0.0725506671486117,-0.644677767515494,0.715342245024305,-0.194677410138497,-1,-1,-1,-1,-1,-1,-1,-1,-1,-1,-1,-1,-1,-1,-1,-1,-1,-1,-1,-1
17680,1,-1,-1,-1,-1,-1,-1,-1,-1,-1,-1,-1,-1,-1,-1,-1,-1,-1,-1,-1,-1,-0.00443712599610208,-0.00443712599610208,-0.00443712599610208,-0.00443712599610213,-0.00443712599610208,-0.00443712599610213,-0.00443712599610208,-0.00443712599610208,-0.00443712599610213,-0.00443712599610208,-0.00443712599610213,-0.00443712599610202,-1,-1,-1,-1,-1,-1,-1,-1,-1,-1,-1,-1,-1,-1
12521,1,-1,-1,-1,-1,-1,-1,-1,-1,-1,-1,-1,-1,-1,-1,-1,-1,-1,-1,-1,-1,0.0234752199828785,0.0234752199828753,0.0234752199828994,0.0234752199830006,0.023475219983222,0.023475219983574,0.0234752199840302,0.0234752199845443,0.0234752199850762,0.0234752199856035,0.0234752199861094,0.0234752199865662,0.0234752199869376,0.0234752199871985,0.0234752199873541,0.0234752199874376,0.0234752199874886,0.0234752199875292,0.0234752199875607,0.0234752199875781,-1,-1,-1,-1,-1,-1
4306,1,-1,-1,-1,-1,-1,-1,-1,-1,-1,-1,-1,-1,-1,-1,-1,-1,-1,-1,-1,-1,0.735399269962694,-0.267421394682901,-0.371067862271736,-0.221848749616356,-0.301029995663981,-1,-1,-1,-1,-1,-1,-1,-1,-1,-1,-1,-1,-1,-1,-1,-1,-1,-1,-1,-1,-1
11975,1,-1,-1,-1,-1,-1,-1,-1,-1,-1,-1,-1,-1,-1,-1,-1,-1,-1,-1,-1,-1,-1,0.0847973374161679,0.0723672325699818,0.0511130720574204,0.0297770289020129,0.0162979448152418,0.0135529833783909,0.0203349178309016,0.0290340770949316,0.0320258641847881,0.0259954761192791,0.0125052051014976,-0.00343520787406737,-0.0162672575400977,-0.0248219573174522,-0.029099307206129,-1,-1,-1,-1,-1,-1,-1,-1,-1,-1
11321,1,-1,-1,-1,-1,-1,-1,-1,-1,-1,-1,-1,-1,-1,-1,-1,-1,-1,-1,-1,-1,-1,0.00101680343107957,0.000829352208172152,0.000595844720399752,0.000421301736581503,0.000168207187296598,-0.000438771496300783,-0.00156938706753218,-0.00322350742692556,-0.00529905961570765,-0.00756066109605613,-0.00957356472933601,-0.0108829297552617,-0.0113850708504977,-0.0114303384617995,-1,-1,-1,-1,-1,-1,-1,-1,-1,-1,-1
11320,1,-1,-1,-1,-1,-1,-1,-1,-1,-1,-1,-1,-1,-1,-1,-1,-1,-1,-1,-1,-1,-1,-0.0178678142885929,-0.0178678142888562,-0.0178678142893101,-0.017867814289847,-0.017867814290434,-0.0178678142910509,-0.0178678142915993,-0.0178678142919848,-0.0178678142922446,-0.0178678142925026,-0.0178678142927842,-0.0178678142929782,-0.0178678142930044,-0.0178678142929547,-1,-1,-1,-1,-1,-1,-1,-1,-1,-1,-1
11319,1,-1,-1,-1,-1,-1,-1,-1,-1,-1,-1,-1,-1,-1,-1,-1,-1,-1,-1,-1,-1,-1,0.0274541256219867,0.0267542831443337,0.0256573224920069,0.0245093658070779,0.0232570531460881,0.0216309847188523,0.019656184263432,0.017742087901174,0.0162866824797985,0.0153689512815502,0.0148528851780112,0.0146153548301178,0.014570402732909,0.014598252052247,-1,-1,-1,-1,-1,-1,-1,-1,-1,-1,-1
11318,1,-1,-1,-1,-1,-1,-1,-1,-1,-1,-1,-1,-1,-1,-1,-1,-1,-1,-1,-1,-1,-1,-0.0205648342699041,-0.0205648342700626,-0.0205648342703495,-0.0205648342706932,-0.0205648342710472,-0.0205648342713896,-0.0205648342716986,-0.0205648342719305,-0.0205648342720752,-0.0205648342721636,-0.0205648342722347,-0.0205648342723048,-0.0205648342723643,-0.0205648342723963,-1,-1,-1,-1,-1,-1,-1,-1,-1,-1,-1
11317,1,-1,-1,-1,-1,-1,-1,-1,-1,-1,-1,-1,-1,-1,-1,-1,-1,-1,-1,-1,-1,-1,0.0291279749689246,0.0291279749687585,0.029127974968522,0.0291279749683286,0.0291279749681941,0.0291279749680888,0.0291279749680624,0.0291279749681896,0.0291279749684681,0.0291279749687807,0.0291279749690423,0.0291279749692501,0.0291279749694291,0.0291279749695375,-1,-1,-1,-1,-1,-1,-1,-1,-1,-1,-1
11316,1,-1,-1,-1,-1,-1,-1,-1,-1,-1,-1,-1,-1,-1,-1,-1,-1,-1,-1,-1,-1,-1,0.010248617348084,0.0102486173478904,0.0102486173476399,0.0102486173474694,0.0102486173473411,0.0102486173471572,0.0102486173469316,0.0102486173467597,0.0102486173466478,0.010248617346504,0.0102486173463081,0.01024861734617,0.0102486173461704,0.0102486173462295,-1,-1,-1,-1,-1,-1,-1,-1,-1,-1,-1
4896,1,-1,-1,-1,-1,-1,-1,-1,-1,-1,-1,-1,-1,-1,-1,-1,-1,-1,-1,-1,-1,-1,0.119737542922492,-0.12668640287782,0.194380044767991,-0.141673694251988,-0.211629584434671,-1,-1,-1,-1,-1,-1,-1,-1,-1,-1,-1,-1,-1,-1,-1,-1,-1,-1,-1,-1
7813,1,-1,-1,-1,-1,-1,-1,-1,-1,-1,-1,-1,-1,-1,-1,-1,-1,-1,-1,-1,-1,-1,-1,-1,-0.160296991872449,0.0511525224473812,-1,-1,-1,-1,-1,-1,-1,-1,-1,-1,-1,-1,-1,-1,-1,-1,-1,-1,-1,-1,-1
7811,1,-1,-1,-1,-1,-1,-1,-1,-1,-1,-1,-1,-1,-1,-1,-1,-1,-1,-1,-1,-1,-1,-1,-1,-0.0342141005311016,-0.0529360751877985,-1,-1,-1,-1,-1,-1,-1,-1,-1,-1,-1,-1,-1,-1,-1,-1,-1,-1,-1,-1,-1
9085,1,-1,-1,-1,-1,-1,-1,-1,-1,-1,-1,-1,-1,-1,-1,-1,-1,-1,-1,-1,-1,-1,-1,-1,-1,-1,-1,-1,-1,-1,0.045757490560675,0,-1,-1,-1,-1,-1,-1,-1,-1,-1,-1,-1,-1,-1,-1,-1
25315,1,-1,-1,-1,-1,-1,-1,-1,-1,-1,-1,-1,-1,-1,-1,-1,-1,-1,-1,-1,-1,-1,-1,-1,-1,-1,-1,-1,-1,-1,-1,-1,-1,-1,-1,-0.0568930017169059,-0.0407418819488249,-0.0407418819488249,-0.334030255766907,0.308871031796262,-0.08143193008217,-0.0925061541024188,0.0405718231956563,-0.0077667539774009,-0.0077667539774009,-1,-1
25312,1,-1,-1,-1,-1,-1,-1,-1,-1,-1,-1,-1,-1,-1,-1,-1,-1,-1,-1,-1,-1,-1,-1,-1,-1,-1,-1,-1,-1,-1,-1,-1,-1,-1,-1,0.128029813585442,0.00682194033327299,0.0068219403332731,-0.147922643528989,0.058778000553186,-0.59659709562646,0.562292864456475,-0.295121136053461,-1,-1,-1,-1
25309,1,-1,-1,-1,-1,-1,-1,-1,-1,-1,-1,-1,-1,-1,-1,-1,-1,-1,-1,-1,-1,-1,-1,-1,-1,-1,-1,-1,-1,-1,-1,-1,-1,-1,-1,0.192226283009555,-0.149495525344635,-0.149495525344634,-0.00101827592230497,0.055870999874533,0.0558709998745331,-0.136402134219814,-0.136402134219814,-1,-1,-1,-1
25314,1,-1,-1,-1,-1,-1,-1,-1,-1,-1,-1,-1,-1,-1,-1,-1,-1,-1,-1,-1,-1,-1,-1,-1,-1,-1,-1,-1,-1,-1,-1,-1,-1,-1,-1,-1,-0.00389512221312582,-0.00389512221312582,-0.0770302877574098,-0.0770302877574096,0.0476128054187412,0.0476128054187412,-0.0115531096386723,-0.0115531096386721,-1,-1,-1
25313,1,-1,-1,-1,-1,-1,-1,-1,-1,-1,-1,-1,-1,-1,-1,-1,-1,-1,-1,-1,-1,-1,-1,-1,-1,-1,-1,-1,-1,-1,-1,-1,-1,-1,-1,-1,-0.0740020203384967,-0.0740020203384967,0.174181937229806,0.174181937229806,-0.0180731132856951,0.0320088912289875,-0.00807476480812253,-1,-1,-1,-1
18341,1,-1,-1,-1,-1,-1,-1,-1,-1,-1,-1,-1,-1,-1,-1,-1,-1,-1,-1,-1,-1,-1,-1,-0.160255101881397,0.227243781503063,-1,-1,-1,-1,-1,-1,-1,-1,-1,-1,-1,-1,-1,-1,-1,-1,-1,-1,-1,-1,-1,-1
10386,1,-1,-1,-1,-1,-1,-1,-1,-1,-1,-1,-1,-1,-1,-1,-1,-1,-1,-1,-1,-1,-1,-1,-0.15075930670293,-0.00117100988330132,0.143632822661912,0.121262172389096,0.122318531195181,0.0545114152570481,-1,-1,-1,-1,-1,-1,-1,-1,-1,-1,-1,-1,-1,-1,-1,-1,-1,-1
10383,1,-1,-1,-1,-1,-1,-1,-1,-1,-1,-1,-1,-1,-1,-1,-1,-1,-1,-1,-1,-1,-1,-1,0.471350028910294,-0.096281680423674,-0.000879198252701441,-0.00194505774725362,0.123569720429021,-0.109584696775544,-1,-1,-1,-1,-1,-1,-1,-1,-1,-1,-1,-1,-1,-1,-1,-1,-1,-1
21319,1,-1,-1,-1,-1,-1,-1,-1,-1,-1,-1,-1,-1,-1,-1,-1,-1,-1,-1,-1,-1,-1,-1,-1,0.0017899507407857,0.00178995074088451,0.00178995074103194,0.00178995074124755,0.00178995074169119,0.00178995074249477,0.00178995074355592,0.00178995074456778,0.001789950745267,0.00178995074558563,0.00178995074558896,0.00178995074538002,0.00178995074509514,0.00178995074490218,-1,-1,-1,-1,-1,-1,-1,-1,-1
25297,1,-1,-1,-1,-1,-1,-1,-1,-1,-1,-1,-1,-1,-1,-1,-1,-1,-1,-1,-1,-1,-1,-1,-1,-1,-1,-1,-1,-1,-1,-1,-1,-1,-1,-1,-1,-1,0.0160016277966206,0.0160016277967689,0.0160016277969952,0.0160016277971573,0.0160016277971418,0.0160016277969519,0.0160016277967043,0.0160016277965467,-1,-1
23385,1,-1,-1,-1,-1,-1,-1,-1,-1,-1,-1,-1,-1,-1,-1,-1,-1,-1,-1,-1,-1,-1,-1,-1,-1,-1,-1,-1,-1,-1,-1,-1,-1,-1,-1,-1,-1,-1,-1,-1,-1,-1,0.106894233914657,0.104735350520013,-0.221848749616357,0.0843208857000359,0.121733596733089
10938,1,-1,-1,-1,-1,-1,-1,-1,-1,-1,-1,-1,-1,-1,-1,-1,-1,-1,-1,-1,-1,-1,-1,-1,0.0520885022965261,-1,-1,-1,-1,-1,-1,-1,-1,-1,-1,-1,-1,-1,-1,-1,-1,-1,-1,-1,-1,-1,-1
8516,1,-1,-1,-1,-1,-1,-1,-1,-1,-1,-1,-1,-1,-1,-1,-1,-1,-1,-1,-1,-1,-1,-1,-1,-0.0147232568207063,0.0219018414478298,-1,-1,-1,-1,-1,-1,-1,-1,-1,-1,-1,-1,-1,-1,-1,-1,-1,-1,-1,-1,-1
19096,1,-1,-1,-1,-1,-1,-1,-1,-1,-1,-1,-1,-1,-1,-1,-1,-1,-1,-1,-1,-1,-1,-1,-1,-1,0.081368753964967,0.107762172436193,0.130589142152858,0.119105106013446,0.0770333312216751,0.0334718442597559,0.00765991959562173,-0.00397138926481011,-0.0100445143754442,-0.00871167960920394,0.00502495331575092,0.0258655055143047,0.0405301608507425,0.0408427410444556,0.0288343894026393,0.0106924750871675,-0.00819997043986076,-0.0216216752900462,-0.021955671618199,-0.00631541415111814,0.0172731133608748,0.0338470204835053
19095,1,-1,-1,-1,-1,-1,-1,-1,-1,-1,-1,-1,-1,-1,-1,-1,-1,-1,-1,-1,-1,-1,-1,-1,-1,0.0958634532095601,0.089240125022731,0.0779631874599076,0.0655194232712089,0.0528581848933958,0.0378021063978475,0.019056915116813,-0.000442833428200284,-0.0154335229929847,-0.0234762991219069,-0.0270127960286781,-0.0298315668920113,-0.0325960424619769,-0.032846118101491,-0.0285505878477683,-0.0200523176548315,-0.00861055174356684,0.00515913030685855,0.0203999745100236,0.0346448682669012,0.0447559206449579,0.0493599437057042
10388,1,-1,-1,-1,-1,-1,-1,-1,-1,-1,-1,-1,-1,-1,-1,-1,-1,-1,-1,-1,-1,-1,-1,-1,-1,-1,-1,-1,0.0389914711135906,0.0114601689049918,-0.0258320659265705,-0.047128127213659,-0.0456832046146116,-0.0392745524911391,-0.0471068340914773,-0.0653423354000338,-0.0693362412801479,-0.0413059114078922,0.00658261070357691,0.0413963046420314,-1,-1,-1,-1,-1,-1,-1
17714,1,-1,-1,-1,-1,-1,-1,-1,-1,-1,-1,-1,-1,-1,-1,-1,-1,-1,-1,-1,-1,-1,-1,-1,-1,-0.0376287494579977,-0.0376287494579977,-0.0376287494579976,-0.0376287494579977,-0.0376287494579977,-0.0376287494579977,-0.0376287494579976,-0.0376287494579977,-0.134698573897456,-0.0636690798693773,-1,-1,-1,-1,-1,-1,-1,-1,-1,-1,-1,-1
17713,1,-1,-1,-1,-1,-1,-1,-1,-1,-1,-1,-1,-1,-1,-1,-1,-1,-1,-1,-1,-1,-1,-1,-1,-1,-0.0111176354170976,-0.0111176354170976,-0.0111176354170976,-0.0111176354170976,-0.0111176354170976,-0.0111176354170976,-0.0111176354170977,-0.0111176354170976,0.0377885608893997,0.0177287669604316,-1,-1,-1,-1,-1,-1,-1,-1,-1,-1,-1,-1
19098,1,-1,-1,-1,-1,-1,-1,-1,-1,-1,-1,-1,-1,-1,-1,-1,-1,-1,-1,-1,-1,-1,-1,-1,-1,-1,0.0715635888061184,0.0683912850116668,0.0610625143783623,0.0501988757773337,0.038278182425346,0.0278142515783939,0.0193839225348942,0.0115804154583139,0.0030875705113611,-0.00519843795071706,-0.0101480577025201,-0.00857497325870105,0.000231346639842034,0.013630990090427,0.0270863045739187,0.0369347256584409,0.0424734967609708,0.0457143496556967,0.0489910617756775,0.0526333531100587,0.0550795095180869
17693,1,-1,-1,-1,-1,-1,-1,-1,-1,-1,-1,-1,-1,-1,-1,-1,-1,-1,-1,-1,-1,-1,-1,-1,-1,-1,-1,-1,-1,-1,-1,-1,-1,0,1.53571596998551,0.294658813208041,0,0.539459287106611,-1,-1,-1,-1,-1,-1,-1,-1,-1
11989,1,-1,-1,-1,-1,-1,-1,-1,-1,-1,-1,-1,-1,-1,-1,-1,-1,-1,-1,-1,-1,-1,-1,-1,-1,-1,-0.0669467896306131,0,-0.0377885608893997,0.0377885608893997,0,0,0,0,0,0,0,0,0,0,0,0,-1,-1,-1,-1,-1
10531,1,-1,-1,-1,-1,-1,-1,-1,-1,-1,-1,-1,-1,-1,-1,-1,-1,-1,-1,-1,-1,-1,-1,-1,-1,-1,-0.413003755107914,0.150514997831991,0.150514997831991,0.0308139474142195,-0.0308139474142195,-0.0945281181100246,-0.0945281181100244,0.0377885608893997,0.170017111343488,-1,-1,-1,-1,-1,-1,-1,-1,-1,-1,-1,-1
10406,1,-1,-1,-1,-1,-1,-1,-1,-1,-1,-1,-1,-1,-1,-1,-1,-1,-1,-1,-1,-1,-1,-1,-1,-1,-1,0.00121505042852132,0.00127213210932764,0.00135012426410652,0.001412055120807,0.00147541344513824,0.00160405789167317,0.00184365266048592,0.00217291907574557,0.00251822740213736,0.00280844102796163,0.0030122698430497,0.00313280776635527,0.00318518780391774,-1,-1,-1,-1,-1,-1,-1,-1
10405,1,-1,-1,-1,-1,-1,-1,-1,-1,-1,-1,-1,-1,-1,-1,-1,-1,-1,-1,-1,-1,-1,-1,-1,-1,-1,0.0147259514982903,0.00723749869648871,-0.00905209409799079,-0.0287605023699484,-0.0437391681139325,-0.05360354889778,-0.0679910947663418,-0.0940011046045686,-0.121262354672125,-0.125014538146551,-0.0902311817920814,-0.0331385687271075,0.00814426552895953,-1,-1,-1,-1,-1,-1,-1,-1
10404,1,-1,-1,-1,-1,-1,-1,-1,-1,-1,-1,-1,-1,-1,-1,-1,-1,-1,-1,-1,-1,-1,-1,-1,-1,-1,-0.0244834020850651,-0.0557197411837702,-0.136430020574938,-0.260094536222741,-0.36769032670901,-0.375021230737045,-0.245102558593167,-0.0371613463299711,0.127412375926961,0.16287377265831,0.0916528293449031,0.0162965872921539,-1,-1,-1,-1,-1,-1,-1,-1,-1
10403,1,-1,-1,-1,-1,-1,-1,-1,-1,-1,-1,-1,-1,-1,-1,-1,-1,-1,-1,-1,-1,-1,-1,-1,-1,-1,0.0380978051409966,0.025949490216846,-0.00581992561696798,-0.0584980862645483,-0.11994605241577,-0.167990003126046,-0.182379481279947,-0.156731777175299,-0.10158877635272,-0.0372255353562189,0.0174431474023051,0.05229068089125,0.0671129585870834,-1,-1,-1,-1,-1,-1,-1,-1
10393,1,-1,-1,-1,-1,-1,-1,-1,-1,-1,-1,-1,-1,-1,-1,-1,-1,-1,-1,-1,-1,-1,-1,-1,-1,-1,0.0204249547972204,0.0204249547959461,0.0204249547936033,0.0204249547911619,0.020424954789438,0.0204249547885329,0.0204249547879889,0.0204249547873308,0.0204249547865274,0.020424954785955,-1,-1,-1,-1,-1,-1,-1,-1,-1,-1,-1
17651,1,-1,-1,-1,-1,-1,-1,-1,-1,-1,-1,-1,-1,-1,-1,-1,-1,-1,-1,-1,-1,-1,-1,-1,-1,-1,-1,-1,-1,-1,0.154889124770507,0.133553001919471,0.0917619843933282,0.0251087175764912,0.0634426441699156,0.0402518973782797,-1,-1,-1,-1,-1,-1,-1,-1,-1,-1,-1
17650,1,-1,-1,-1,-1,-1,-1,-1,-1,-1,-1,-1,-1,-1,-1,-1,-1,-1,-1,-1,-1,-1,-1,-1,-1,-1,-1,-1,-1,-1,-1,-1,-1,0.47269731888198,0.21560644386351,0.323371956507455,-1,-1,-1,-1,-1,-1,-1,-1,-1,-1,-1
10391,1,-1,-1,-1,-1,-1,-1,-1,-1,-1,-1,-1,-1,-1,-1,-1,-1,-1,-1,-1,-1,-1,-1,-1,-1,-1,-0.0829909374356566,-0.0822365772618652,-0.0806345005538793,-0.0771681802698314,-0.0701301148262099,-0.0594683774398821,-0.047882108667608,-0.0381926217919042,-0.0301987821904597,-0.021634691836929,-0.0120623257912051,-0.00406634466116418,-4.11229367824895e-06,0.000896995958122648,-1,-1,-1,-1,-1,-1,-1
10395,1,-1,-1,-1,-1,-1,-1,-1,-1,-1,-1,-1,-1,-1,-1,-1,-1,-1,-1,-1,-1,-1,-1,-1,-1,-1,-1,-1,0.0167339439050054,0.0167339439051768,0.016733943905983,0.0167339439078455,0.0167339439106617,0.0167339439137812,0.0167339439164533,0.0167339439183345,0.0167339439195942,0.0167339439205629,0.0167339439213419,0.0167339439217855,-1,-1,-1,-1,-1,-1,-1
11942,1,-1,-1,-1,-1,-1,-1,-1,-1,-1,-1,-1,-1,-1,-1,-1,-1,-1,-1,-1,-1,-1,-1,-1,-1,-1,-1,-0.0969100130080565,0.314393957221963,-0.0561159419789314,0.277964691595288,-1,-1,-1,-1,-1,-1,-1,-1,-1,-1,-1,-1,-1,-1,-1,-1
10936,1,-1,-1,-1,-1,-1,-1,-1,-1,-1,-1,-1,-1,-1,-1,-1,-1,-1,-1,-1,-1,-1,-1,-1,-1,-1,-1,-0.201820094764344,0.0625555036646415,-1,-1,-1,-1,-1,-1,-1,-1,-1,-1,-1,-1,-1,-1,-1,-1,-1,-1
8827,1,-1,-1,-1,-1,-1,-1,-1,-1,-1,-1,-1,-1,-1,-1,-1,-1,-1,-1,-1,-1,-1,-1,-1,-1,-1,-1,-0.187990482355389,0.0177287669604318,-0.356547323513813,0.389971079000762,-1,-1,-1,-1,-1,-1,-1,-1,-1,-1,-1,-1,-1,-1,-1,-1
25632,1,-1,-1,-1,-1,-1,-1,-1,-1,-1,-1,-1,-1,-1,-1,-1,-1,-1,-1,-1,-1,-1,-1,-1,-1,-1,-1,-1,-0.0241523397872774,-0.0241523397872776,-0.0843208857000359,-1,-1,-1,-1,-1,-1,-1,-1,-1,-1,-1,-1,-1,-1,-1,-1
11982,1,-1,-1,-1,-1,-1,-1,-1,-1,-1,-1,-1,-1,-1,-1,-1,-1,-1,-1,-1,-1,-1,-1,-1,-1,-1,-1,-1,-0.00143409619697388,-0.070542622037834,-0.070542622037834,-0.0705426220378342,-0.070542622037834,-0.070542622037834,0.102450900191872,0.0652560193197911,0.0467682841224981,0.0329844523596394,3.71887686172467e-05,0.01109092866592,-1,-1,-1,-1,-1,-1,-1
11981,1,-1,-1,-1,-1,-1,-1,-1,-1,-1,-1,-1,-1,-1,-1,-1,-1,-1,-1,-1,-1,-1,-1,-1,-1,-1,-1,-1,-0.00287956787031796,-0.00460927388787535,-0.00592286732820346,-0.00395677737995914,0.00238898653246666,0.0113486113792158,0.0192987610609265,0.0229524085486901,0.021211846126284,0.0156370495776956,0.00946758539676562,0.00575565380904686,-1,-1,-1,-1,-1,-1,-1
10407,1,-1,-1,-1,-1,-1,-1,-1,-1,-1,-1,-1,-1,-1,-1,-1,-1,-1,-1,-1,-1,-1,-1,-1,-1,-1,-1,-1,-0.00387246906895378,-0.00387246906948091,-0.00387246907040284,-0.00387246907139494,-0.00387246907216898,-0.00387246907261707,-0.00387246907276184,-0.00387246907267524,-0.00387246907244387,-0.00387246907219296,-0.00387246907204286,-1,-1,-1,-1,-1,-1,-1,-1
25514,1,-1,-1,-1,-1,-1,-1,-1,-1,-1,-1,-1,-1,-1,-1,-1,-1,-1,-1,-1,-1,-1,-1,-1,-1,-1,-1,-1,-1,0.252186653394041,-1,-1,-1,-1,-1,-1,-1,-1,-1,-1,-1,-1,-1,-1,-1,-1,-1
19739,1,-1,-1,-1,-1,-1,-1,-1,-1,-1,-1,-1,-1,-1,-1,-1,-1,-1,-1,-1,-1,-1,-1,-1,-1,-1,-1,-1,-1,0.00511280277241388,-0.000619187284753409,-0.0142335367480544,-0.0310460085288113,-0.0380392576814641,-0.0241141784928276,0.00756282310312528,0.0394494447872984,0.0537543406107197,0.0468097642940939,0.0294650196486619,0.0150148646568558,0.00870095942658544,-1,-1,-1,-1,-1
17704,1,-1,-1,-1,-1,-1,-1,-1,-1,-1,-1,-1,-1,-1,-1,-1,-1,-1,-1,-1,-1,-1,-1,-1,-1,-1,-1,-1,-1,0.0103481079625443,0.0124800712611342,0.0181822944125929,0.0283316300810542,0.042314881333798,0.0575988094258674,0.0700630213108856,0.0758376495640032,0.0740082553316775,0.0679301313611793,0.063145558493324,-1,-1,-1,-1,-1,-1,-1
19738,1,-1,-1,-1,-1,-1,-1,-1,-1,-1,-1,-1,-1,-1,-1,-1,-1,-1,-1,-1,-1,-1,-1,-1,-1,-1,-1,-1,-1,-0.0562710467196395,-0.0559479485582268,-0.0555956041265508,-0.0550335407469378,-0.0531699040737137,-0.048874564171725,-0.0423303355086611,-0.0352447682070784,-0.0295542521763266,-0.0259895505351491,-0.0239760892396337,-0.022723053905978,-0.0220353074652562,-1,-1,-1,-1,-1
17705,1,-1,-1,-1,-1,-1,-1,-1,-1,-1,-1,-1,-1,-1,-1,-1,-1,-1,-1,-1,-1,-1,-1,-1,-1,-1,-1,-1,-1,0.0451374808211482,0.0319693277835617,0.0139293664779108,0.000857443430501426,-0.0088625771546752,-0.0214818378650666,-0.0281445640743613,-0.00341091611926947,0.0670191395020516,0.158718739739413,0.220723545968308,-1,-1,-1,-1,-1,-1,-1
17707,1,-1,-1,-1,-1,-1,-1,-1,-1,-1,-1,-1,-1,-1,-1,-1,-1,-1,-1,-1,-1,-1,-1,-1,-1,-1,-1,-1,-1,0.0860898314752246,0.0826023537200012,0.0735260341528275,0.057336727643331,0.03448734229258,0.00695493318717788,-0.0232178943992527,-0.0543508088781535,-0.0837869330195053,-0.106854020135066,-0.118930485631482,-1,-1,-1,-1,-1,-1,-1
17706,1,-1,-1,-1,-1,-1,-1,-1,-1,-1,-1,-1,-1,-1,-1,-1,-1,-1,-1,-1,-1,-1,-1,-1,-1,-1,-1,-1,-1,-0.448314793760994,-0.321966225183453,-0.138019893296126,0.00984656012688245,0.0923422199014421,0.122112097496519,0.153661550499679,0.16189958042347,0.070673563723775,-0.110237684003139,-0.254573219249283,-1,-1,-1,-1,-1,-1,-1
17701,1,-1,-1,-1,-1,-1,-1,-1,-1,-1,-1,-1,-1,-1,-1,-1,-1,-1,-1,-1,-1,-1,-1,-1,-1,-1,-1,-1,-1,0.0238047393042669,0.023804739304496,0.0238047393048433,0.0238047393051419,0.0238047393053276,0.0238047393054746,0.0238047393056711,0.0238047393059149,0.0238047393061254,0.0238047393062442,0.023804739306284,-1,-1,-1,-1,-1,-1,-1
17700,1,-1,-1,-1,-1,-1,-1,-1,-1,-1,-1,-1,-1,-1,-1,-1,-1,-1,-1,-1,-1,-1,-1,-1,-1,-1,-1,-1,-1,0,0,0,0,0,0.176091259055681,0.367976785294595,0.0774509799928715,-1,-1,-1,-1,-1,-1,-1,-1,-1,-1
17699,1,-1,-1,-1,-1,-1,-1,-1,-1,-1,-1,-1,-1,-1,-1,-1,-1,-1,-1,-1,-1,-1,-1,-1,-1,-1,-1,-1,-1,0.0223669358413049,0.00519754662069849,-0.0261689533183698,-0.0678740523739438,-0.120341863448615,-0.18522474752775,-0.266842411500628,-0.358809574726889,-0.439671628610621,-0.484972881528528,-1,-1,-1,-1,-1,-1,-1,-1
17698,1,-1,-1,-1,-1,-1,-1,-1,-1,-1,-1,-1,-1,-1,-1,-1,-1,-1,-1,-1,-1,-1,-1,-1,-1,-1,-1,-1,-1,0.113013984856961,0.113013984857122,0.113013984857336,0.113013984857451,0.11301398485744,0.113013984857345,0.113013984857243,0.113013984857179,0.113013984857146,0.113013984857127,0.113013984857116,-1,-1,-1,-1,-1,-1,-1
8467,1,-1,-1,-1,-1,-1,-1,-1,-1,-1,-1,-1,-1,-1,-1,-1,-1,-1,-1,-1,-1,-1,-1,-1,-1,-1,-1,-1,-1,-0.406456678321428,-0.406456678321428,0.0768163071260913,0.0768163071260912,0.0768163071260914,-1,-1,-1,-1,-1,-1,-1,-1,-1,-1,-1,-1,-1
17712,1,-1,-1,-1,-1,-1,-1,-1,-1,-1,-1,-1,-1,-1,-1,-1,-1,-1,-1,-1,-1,-1,-1,-1,-1,-1,-1,-1,-1,-1,-0.0874823108553779,-0.0874823108553779,-0.174406764214375,-0.201104259427952,-0.0949111023011094,-0.819509992363394,-0.819509992363394,-1,-1,-1,-1,-1,-1,-1,-1,-1,-1
17703,1,-1,-1,-1,-1,-1,-1,-1,-1,-1,-1,-1,-1,-1,-1,-1,-1,-1,-1,-1,-1,-1,-1,-1,-1,-1,-1,-1,-1,-1,0.107278435542772,0.107278435542528,0.107278435542133,0.107278435541748,0.10727843554148,0.107278435541325,0.107278435541173,0.107278435540941,0.107278435540668,0.107278435540485,-1,-1,-1,-1,-1,-1,-1
17702,1,-1,-1,-1,-1,-1,-1,-1,-1,-1,-1,-1,-1,-1,-1,-1,-1,-1,-1,-1,-1,-1,-1,-1,-1,-1,-1,-1,-1,-1,-0.1249387366083,0.1249387366083,0.0969100130080562,0.447158031342219,-0.0487093452260794,-0.0487093452260794,-0.0487093452260794,0,0,0,-1,-1,-1,-1,-1,-1,-1
11983,1,-1,-1,-1,-1,-1,-1,-1,-1,-1,-1,-1,-1,-1,-1,-1,-1,-1,-1,-1,-1,-1,-1,-1,-1,-1,-1,-1,-1,-1,0.110424044374285,0.108241703291411,0.101347671824219,0.087781877209449,0.0682669649687291,0.0464910935567711,0.0274630864114769,0.0148430164966611,0.00905202049820808,0.00758930029667959,-1,-1,-1,-1,-1,-1,-1
6361,1,-1,-1,-1,-1,-1,-1,-1,-1,-1,-1,-1,-1,-1,-1,-1,-1,-1,-1,-1,-1,-1,-1,-1,-1,-1,-1,-1,-1,-1,0.058308372843709,-1,-1,-1,-1,-1,-1,-1,-1,-1,-1,-1,-1,-1,-1,-1,-1
11957,1,-1,-1,-1,-1,-1,-1,-1,-1,-1,-1,-1,-1,-1,-1,-1,-1,-1,-1,-1,-1,-1,-1,-1,-1,-1,-1,-1,-1,-1,-1,0,-1.96991744855974,1.67351712221158,0,0.595096847390371,-0.124159517813277,-1,-1,-1,-1,-1,-1,-1,-1,-1,-1
17708,1,-1,-1,-1,-1,-1,-1,-1,-1,-1,-1,-1,-1,-1,-1,-1,-1,-1,-1,-1,-1,-1,-1,-1,-1,-1,-1,-1,-1,-1,-1,0.176091259055681,-0.0880456295278407,-0.0880456295278405,0.301029995663981,0.352182518111362,-0.176091259055681,-0.150514997831991,-0.150514997831991,-1,-1,-1,-1,-1,-1,-1,-1
11965,1,-1,-1,-1,-1,-1,-1,-1,-1,-1,-1,-1,-1,-1,-1,-1,-1,-1,-1,-1,-1,-1,-1,-1,-1,-1,-1,-1,-1,-1,-1,-2.00432137378264,0,0,0,0,0,-1,-1,-1,-1,-1,-1,-1,-1,-1,-1
11964,1,-1,-1,-1,-1,-1,-1,-1,-1,-1,-1,-1,-1,-1,-1,-1,-1,-1,-1,-1,-1,-1,-1,-1,-1,-1,-1,-1,-1,-1,-1,-2.00432137378264,0,0,0,2.00432137378264,-2.00432137378264,-1,-1,-1,-1,-1,-1,-1,-1,-1,-1
11961,1,-1,-1,-1,-1,-1,-1,-1,-1,-1,-1,-1,-1,-1,-1,-1,-1,-1,-1,-1,-1,-1,-1,-1,-1,-1,-1,-1,-1,-1,-1,1.70757017609794,-1.70757017609794,2.17897694729317,-2.17897694729317,0,0,-1,-1,-1,-1,-1,-1,-1,-1,-1,-1
11959,1,-1,-1,-1,-1,-1,-1,-1,-1,-1,-1,-1,-1,-1,-1,-1,-1,-1,-1,-1,-1,-1,-1,-1,-1,-1,-1,-1,-1,-1,-1,0,0,0,1.53571596998551,0.688730760350755,-2.22444673033627,-1,-1,-1,-1,-1,-1,-1,-1,-1,-1
11956,1,-1,-1,-1,-1,-1,-1,-1,-1,-1,-1,-1,-1,-1,-1,-1,-1,-1,-1,-1,-1,-1,-1,-1,-1,-1,-1,-1,-1,-1,-1,0.176091259055681,-0.477121254719662,0.477121254719662,-0.176091259055681,0,-0.301029995663981,-1,-1,-1,-1,-1,-1,-1,-1,-1,-1
11955,1,-1,-1,-1,-1,-1,-1,-1,-1,-1,-1,-1,-1,-1,-1,-1,-1,-1,-1,-1,-1,-1,-1,-1,-1,-1,-1,-1,-1,-1,-1,0.465291490753474,-1.85990991931908,0,2.15793143053936,0,-0.0785778795968346,-1,-1,-1,-1,-1,-1,-1,-1,-1,-1
21265,1,-1,-1,-1,-1,-1,-1,-1,-1,-1,-1,-1,-1,-1,-1,-1,-1,-1,-1,-1,-1,-1,-1,-1,-1,-1,-1,-1,-1,-1,-1,-1,0.0779813982695146,0.0779813982695146,-0.0377034444947388,-0.0377034444947384,0.0859900335998991,-0.00893808778778293,-0.0150347719004729,-0.0280872795656948,-0.0280872795656948,-1,-1,-1,-1,-1,-1
19769,1,-1,-1,-1,-1,-1,-1,-1,-1,-1,-1,-1,-1,-1,-1,-1,-1,-1,-1,-1,-1,-1,-1,-1,-1,-1,-1,-1,-1,-1,-1,-1,0.0659285137083082,-0.0450783747351881,0.0131644693611746,0.0131644693611746,-0.269389077891877,-0.269389077891877,-0.469822015978163,-0.259637310505756,-1,-1,-1,-1,-1,-1,-1
18589,1,-1,-1,-1,-1,-1,-1,-1,-1,-1,-1,-1,-1,-1,-1,-1,-1,-1,-1,-1,-1,-1,-1,-1,-1,-1,-1,-1,-1,-1,-1,-1,-0.218497712417252,0.192707160549314,-0.628526540748138,-0.0992862222631947,-0.102465506676843,-0.536953722412152,-0.120197578495512,-0.120197578495512,-0.120197578495512,-0.120197578495512,-0.120197578495512,-0.120197578495512,-0.120197578495512,-0.120197578495512,-1
18598,1,-1,-1,-1,-1,-1,-1,-1,-1,-1,-1,-1,-1,-1,-1,-1,-1,-1,-1,-1,-1,-1,-1,-1,-1,-1,-1,-1,-1,-1,-1,-1,-1,-1,-0.207499565403976,-0.829022738208995,-0.169274959292716,-1.15154513549405,0,0,0,0,0,0,0,0,-1
18595,1,-1,-1,-1,-1,-1,-1,-1,-1,-1,-1,-1,-1,-1,-1,-1,-1,-1,-1,-1,-1,-1,-1,-1,-1,-1,-1,-1,-1,-1,-1,-1,-0.513345401140169,0.513345401140169,0.022564084902693,0,-0.721534089238712,1.40253668799918,0.023004810975469,0.0230048109754691,0.0230048109754689,0.023004810975469,0.023004810975469,0.023004810975469,0.023004810975469,0.023004810975469,-1
18602,1,-1,-1,-1,-1,-1,-1,-1,-1,-1,-1,-1,-1,-1,-1,-1,-1,-1,-1,-1,-1,-1,-1,-1,-1,-1,-1,-1,-1,-1,-1,-1,-1,-1,-0.0238009752908774,0.0238009752908774,-0.833656060558283,1.89660150655366,-0.0497115392504897,-0.0497115392504899,-0.0497115392504897,-0.0497115392504897,-0.0497115392504899,-0.0497115392504898,-0.0497115392504898,-0.0497115392504897,-1
18594,1,-1,-1,-1,-1,-1,-1,-1,-1,-1,-1,-1,-1,-1,-1,-1,-1,-1,-1,-1,-1,-1,-1,-1,-1,-1,-1,-1,-1,-1,-1,-1,0.273306251346438,0.263793134834561,0.00146949878080416,0.484993238244109,-0.292696480625512,0.321140223552167,0.0681448526311843,0.0681448526311843,0.0681448526311843,0.0681448526311843,0.0681448526311843,0.0681448526311843,0.0681448526311841,0.0681448526311845,-1
18601,1,-1,-1,-1,-1,-1,-1,-1,-1,-1,-1,-1,-1,-1,-1,-1,-1,-1,-1,-1,-1,-1,-1,-1,-1,-1,-1,-1,-1,-1,-1,-1,-1,-1,-0.299292027194405,0.963867157783606,-0.276621601129928,0.00100574061111569,0.0865440692349984,0.0865440692349984,0.0865440692349981,0.0865440692349984,0.0865440692349986,0.0865440692349981,0.0865440692349984,0.0865440692349984,-1
18591,1,-1,-1,-1,-1,-1,-1,-1,-1,-1,-1,-1,-1,-1,-1,-1,-1,-1,-1,-1,-1,-1,-1,-1,-1,-1,-1,-1,-1,-1,-1,-1,-0.0341242657416323,0.00981632555279477,0.102654219057819,-0.21504271095876,-0.371171499264953,-0.0236502549708102,-0.198165273880036,-0.198165273880036,-0.198165273880036,-0.198165273880036,-0.198165273880036,-0.198165273880036,-0.198165273880036,-0.198165273880036,-1
18599,1,-1,-1,-1,-1,-1,-1,-1,-1,-1,-1,-1,-1,-1,-1,-1,-1,-1,-1,-1,-1,-1,-1,-1,-1,-1,-1,-1,-1,-1,-1,-1,-1,-1,-0.00678528341395901,-0.214075558246115,-1.29259154004328,0.168128500598849,-0.116601573210608,-0.116601573210608,-0.116601573210608,-0.116601573210608,-0.116601573210608,-0.116601573210608,-0.116601573210608,-0.116601573210608,-1
18344,1,-1,-1,-1,-1,-1,-1,-1,-1,-1,-1,-1,-1,-1,-1,-1,-1,-1,-1,-1,-1,-1,-1,-1,-1,-1,-1,-1,-1,-1,-1,-1,-0.00594933251320118,-1,-1,-1,-1,-1,-1,-1,-1,-1,-1,-1,-1,-1,-1
17695,1,-1,-1,-1,-1,-1,-1,-1,-1,-1,-1,-1,-1,-1,-1,-1,-1,-1,-1,-1,-1,-1,-1,-1,-1,-1,-1,-1,-1,-1,-1,-1,-0.69721172467968,-0.161768668330916,-0.161768668330916,0.565948245193078,-0.405537190422559,-1,-1,-1,-1,-1,-1,-1,-1,-1,-1
10932,1,-1,-1,-1,-1,-1,-1,-1,-1,-1,-1,-1,-1,-1,-1,-1,-1,-1,-1,-1,-1,-1,-1,-1,-1,-1,-1,-1,-1,-1,-1,-1,0.0187494360128389,0.440997722637401,-1,-1,-1,-1,-1,-1,-1,-1,-1,-1,-1,-1,-1
10931,1,-1,-1,-1,-1,-1,-1,-1,-1,-1,-1,-1,-1,-1,-1,-1,-1,-1,-1,-1,-1,-1,-1,-1,-1,-1,-1,-1,-1,-1,-1,-1,-0.837511917315235,-0.12057393120585,-1,-1,-1,-1,-1,-1,-1,-1,-1,-1,-1,-1,-1
4954,1,-1,-1,-1,-1,-1,-1,-1,-1,-1,-1,-1,-1,-1,-1,-1,-1,-1,-1,-1,-1,-1,-1,-1,-1,-1,-1,-1,-1,-1,-1,-1,0.0512293963085968,0.0512293963085968,0.0512293963085968,0.051229396308597,-1,-1,-1,-1,-1,-1,-1,-1,-1,-1,-1
4953,1,-1,-1,-1,-1,-1,-1,-1,-1,-1,-1,-1,-1,-1,-1,-1,-1,-1,-1,-1,-1,-1,-1,-1,-1,-1,-1,-1,-1,-1,-1,-1,0,0,0,0,-1,-1,-1,-1,-1,-1,-1,-1,-1,-1,-1
25567,1,-1,-1,-1,-1,-1,-1,-1,-1,-1,-1,-1,-1,-1,-1,-1,-1,-1,-1,-1,-1,-1,-1,-1,-1,-1,-1,-1,-1,-1,-1,-1,-1,-1,-1,-1,-1,-1,-1,-1,-1,-1,-1,-1,-0.2498774732166,-1,-1
25565,1,-1,-1,-1,-1,-1,-1,-1,-1,-1,-1,-1,-1,-1,-1,-1,-1,-1,-1,-1,-1,-1,-1,-1,-1,-1,-1,-1,-1,-1,-1,-1,-1,-1,-1,-1,-1,-1,-1,-1,-1,-1,-1,-1,0.0746336182969041,-1,-1
25566,1,-1,-1,-1,-1,-1,-1,-1,-1,-1,-1,-1,-1,-1,-1,-1,-1,-1,-1,-1,-1,-1,-1,-1,-1,-1,-1,-1,-1,-1,-1,-1,-1,-1,-1,-1,-1,-1,-1,-1,-1,-1,-1,-1,-1,0.0222763947111523,-1
25564,1,-1,-1,-1,-1,-1,-1,-1,-1,-1,-1,-1,-1,-1,-1,-1,-1,-1,-1,-1,-1,-1,-1,-1,-1,-1,-1,-1,-1,-1,-1,-1,-1,-1,-1,-1,-1,-1,-1,-1,-1,-1,-1,-1,-1,-0.141329152796469,-1
19801,1,-1,-1,-1,-1,-1,-1,-1,-1,-1,-1,-1,-1,-1,-1,-1,-1,-1,-1,-1,-1,-1,-1,-1,-1,-1,-1,-1,-1,-1,-1,-1,-1,0.091799874050688,0.0383732443844462,-0.0690806578081231,-0.0690806578081231,-0.0690806578081231,-0.0690806578081231,-0.0690806578081231,-0.0690806578081231,-0.0690806578081231,-0.0690806578081231,0.0805448091203731,-0.0266694283375186,-1,-1
17718,1,-1,-1,-1,-1,-1,-1,-1,-1,-1,-1,-1,-1,-1,-1,-1,-1,-1,-1,-1,-1,-1,-1,-1,-1,-1,-1,-1,-1,-1,-1,-1,-1,-0.32735893438633,-0.204119982655925,0.643452676486188,0.237360915794604,-0.734685556602553,-1,-1,-1,-1,-1,-1,-1,-1,-1
17715,1,-1,-1,-1,-1,-1,-1,-1,-1,-1,-1,-1,-1,-1,-1,-1,-1,-1,-1,-1,-1,-1,-1,-1,-1,-1,-1,-1,-1,-1,-1,-1,-1,-0.198657086954423,-0.327902142064283,-0.558154505628881,0.743389144124432,0,-0.141329152796469,-1,-1,-1,-1,-1,-1,-1,-1
17710,1,-1,-1,-1,-1,-1,-1,-1,-1,-1,-1,-1,-1,-1,-1,-1,-1,-1,-1,-1,-1,-1,-1,-1,-1,-1,-1,-1,-1,-1,-1,-1,-1,0.00526443337181304,0.00526443337181259,-0.0695584497493535,-0.069558449749354,-0.0695584497493535,-0.0695584497493535,0.0889410833367812,0.151267675330649,-1,-1,-1,-1,-1,-1
17696,1,-1,-1,-1,-1,-1,-1,-1,-1,-1,-1,-1,-1,-1,-1,-1,-1,-1,-1,-1,-1,-1,-1,-1,-1,-1,-1,-1,-1,-1,-1,-1,-1,0.0389575909739088,0.0389575909740312,0.0389575909740469,0.0389575909737691,0.0389575909732957,0.038957590972954,0.0389575909729997,0.0389575909733606,0.0389575909736852,-1,-1,-1,-1,-1
17692,1,-1,-1,-1,-1,-1,-1,-1,-1,-1,-1,-1,-1,-1,-1,-1,-1,-1,-1,-1,-1,-1,-1,-1,-1,-1,-1,-1,-1,-1,-1,-1,-1,1.7294205830536,0.17338358985636,0,0.123578545080853,0.241282947891552,-1,-1,-1,-1,-1,-1,-1,-1,-1
10408,1,-1,-1,-1,-1,-1,-1,-1,-1,-1,-1,-1,-1,-1,-1,-1,-1,-1,-1,-1,-1,-1,-1,-1,-1,-1,-1,-1,-1,-1,-1,-1,-1,0.120176837183676,-1,-1,-1,-1,-1,-1,-1,-1,-1,-1,-1,-1,-1
23386,1,-1,-1,-1,-1,-1,-1,-1,-1,-1,-1,-1,-1,-1,-1,-1,-1,-1,-1,-1,-1,-1,-1,-1,-1,-1,-1,-1,-1,-1,-1,-1,-1,-1,0.198187887220101,0.146705518615136,0.0597515348940254,-0.0247923184369867,-0.0726932392317567,-0.0757471440040978,-0.053219269756116,-0.0338536355887684,-1,-1,-1,-1,-1
17719,1,-1,-1,-1,-1,-1,-1,-1,-1,-1,-1,-1,-1,-1,-1,-1,-1,-1,-1,-1,-1,-1,-1,-1,-1,-1,-1,-1,-1,-1,-1,-1,-1,-1,-0.391691059395036,-0.602059991327962,0.330993219041424,0.238882088915137,0.141329152796469,-1,-1,-1,-1,-1,-1,-1,-1
17717,1,-1,-1,-1,-1,-1,-1,-1,-1,-1,-1,-1,-1,-1,-1,-1,-1,-1,-1,-1,-1,-1,-1,-1,-1,-1,-1,-1,-1,-1,-1,-1,-1,-1,0.00683942453030548,-0.00683942453030548,0.294081135708653,-0.0365168338257625,-0.57978359661681,-1,-1,-1,-1,-1,-1,-1,-1
17716,1,-1,-1,-1,-1,-1,-1,-1,-1,-1,-1,-1,-1,-1,-1,-1,-1,-1,-1,-1,-1,-1,-1,-1,-1,-1,-1,-1,-1,-1,-1,-1,-1,-1,-0.118099312077994,0.0389180660303696,0.146128035678238,-0.0467434035423262,0.189056236220049,-1,-1,-1,-1,-1,-1,-1,-1
17709,1,-1,-1,-1,-1,-1,-1,-1,-1,-1,-1,-1,-1,-1,-1,-1,-1,-1,-1,-1,-1,-1,-1,-1,-1,-1,-1,-1,-1,-1,-1,-1,-1,-1,0,0.313619122972002,-0.0125891273080205,0.176091259055681,0.149762320333332,-0.116969806937025,-1,-1,-1,-1,-1,-1,-1
11778,1,-1,-1,-1,-1,-1,-1,-1,-1,-1,-1,-1,-1,-1,-1,-1,-1,-1,-1,-1,-1,-1,-1,-1,-1,-1,-1,-1,-1,-1,-1,-1,-1,-1,-0.00832899582697311,-0.00832899582697311,-0.00832899582697322,-0.008328995826973,-0.00832899582697311,-0.00832899582697311,0.0774122233087783,-0.0774122233087783,-1,-1,-1,-1,-1
11214,1,-1,-1,-1,-1,-1,-1,-1,-1,-1,-1,-1,-1,-1,-1,-1,-1,-1,-1,-1,-1,-1,-1,-1,-1,-1,-1,-1,-1,-1,-1,-1,-1,-1,0.102059991327963,0.102059991327962,-0.0518747187691808,-0.051874718769181,0.059868771461246,0.0598687714612463,-1,-1,-1,-1,-1,-1,-1
11213,1,-1,-1,-1,-1,-1,-1,-1,-1,-1,-1,-1,-1,-1,-1,-1,-1,-1,-1,-1,-1,-1,-1,-1,-1,-1,-1,-1,-1,-1,-1,-1,-1,-1,0.0656370072774508,0.0656370072774509,-0.321369821245387,-0.321369821245387,-0.305874960699615,-1.33984014903833,-1,-1,-1,-1,-1,-1,-1
11212,1,-1,-1,-1,-1,-1,-1,-1,-1,-1,-1,-1,-1,-1,-1,-1,-1,-1,-1,-1,-1,-1,-1,-1,-1,-1,-1,-1,-1,-1,-1,-1,-1,-1,0.0252781867212222,0.0252781867212217,0.0401863634275221,0.0401863634275217,0.103600681077958,0.0168530468384716,-0.155546473309924,-0.0549313671377298,-0.062899281472431,-0.138302698166282,-1,-1,-1
11951,1,-1,-1,-1,-1,-1,-1,-1,-1,-1,-1,-1,-1,-1,-1,-1,-1,-1,-1,-1,-1,-1,-1,-1,-1,-1,-1,-1,-1,-1,-1,-1,-1,-1,-1,-1,-0.301029995663981,0.425968732272281,-0.204119982655925,0.255272505103306,-1,-1,-1,-1,-1,-1,-1
11950,1,-1,-1,-1,-1,-1,-1,-1,-1,-1,-1,-1,-1,-1,-1,-1,-1,-1,-1,-1,-1,-1,-1,-1,-1,-1,-1,-1,-1,-1,-1,-1,-1,-1,-1,-1,-0.380211241711606,0.414973347970818,-0.159700842867512,0.0457574905606751,-1,-1,-1,-1,-1,-1,-1
11947,1,-1,-1,-1,-1,-1,-1,-1,-1,-1,-1,-1,-1,-1,-1,-1,-1,-1,-1,-1,-1,-1,-1,-1,-1,-1,-1,-1,-1,-1,-1,-1,-1,-1,-1,-1,0.355307543962467,0.192797639705622,0.133503862482455,-1,-1,-1,-1,-1,-1,-1,-1
8556,1,-1,-1,-1,-1,-1,-1,-1,-1,-1,-1,-1,-1,-1,-1,-1,-1,-1,-1,-1,-1,-1,-1,-1,-1,-1,-1,-1,-1,-1,-1,-1,-1,-1,-1,-1,0.627507113540442,-1,-1,-1,-1,-1,-1,-1,-1,-1,-1
19702,1,-1,-1,-1,-1,-1,-1,-1,-1,-1,-1,-1,-1,-1,-1,-1,-1,-1,-1,-1,-1,-1,-1,-1,-1,-1,-1,-1,-1,-1,-1,-1,-1,-1,-1,-1,-1,-1,-1,-1,-1,-1,0.00860017176191752,-0.0741017205183498,-1,-1,-1
11948,1,-1,-1,-1,-1,-1,-1,-1,-1,-1,-1,-1,-1,-1,-1,-1,-1,-1,-1,-1,-1,-1,-1,-1,-1,-1,-1,-1,-1,-1,-1,-1,-1,-1,-1,-1,-1,-0.365443860359864,-0.726294960999072,-1,-1,-1,-1,-1,-1,-1,-1
21266,1,-1,-1,-1,-1,-1,-1,-1,-1,-1,-1,-1,-1,-1,-1,-1,-1,-1,-1,-1,-1,-1,-1,-1,-1,-1,-1,-1,-1,-1,-1,-1,-1,-1,-1,-1,-1,-1,-0.0659743469854375,-0.065974346985437,-0.0659743469854375,-0.0659743469854375,-0.0659743469854375,-0.00311334208471425,-0.0031133420847147,-0.00311334208471425,-1
18345,1,-1,-1,-1,-1,-1,-1,-1,-1,-1,-1,-1,-1,-1,-1,-1,-1,-1,-1,-1,-1,-1,-1,-1,-1,-1,-1,-1,-1,-1,-1,-1,-1,-1,-1,-1,-1,-1,0.262925469331832,-0.342802143041108,0.205683131848803,-1,-1,-1,-1,-1,-1
15205,1,-1,-1,-1,-1,-1,-1,-1,-1,-1,-1,-1,-1,-1,-1,-1,-1,-1,-1,-1,-1,-1,-1,-1,-1,-1,-1,-1,-1,-1,-1,-1,-1,-1,-1,-1,-1,-1,-0.0752509524191924,-0.179045688860941,-0.179045688860941,-1,-1,-1,-1,-1,-1
18342,1,-1,-1,-1,-1,-1,-1,-1,-1,-1,-1,-1,-1,-1,-1,-1,-1,-1,-1,-1,-1,-1,-1,-1,-1,-1,-1,-1,-1,-1,-1,-1,-1,-1,-1,-1,-1,-1,-0.328581496370101,0.101712833394785,0.101712833394785,-1,-1,-1,-1,-1,-1
18338,1,-1,-1,-1,-1,-1,-1,-1,-1,-1,-1,-1,-1,-1,-1,-1,-1,-1,-1,-1,-1,-1,-1,-1,-1,-1,-1,-1,-1,-1,-1,-1,-1,-1,-1,-1,-1,-1,-0.143434909473596,0.0847292491357686,-0.201171968064997,-1,-1,-1,-1,-1,-1
18340,1,-1,-1,-1,-1,-1,-1,-1,-1,-1,-1,-1,-1,-1,-1,-1,-1,-1,-1,-1,-1,-1,-1,-1,-1,-1,-1,-1,-1,-1,-1,-1,-1,-1,-1,-1,-1,-1,-0.070172881436783,0.129897004580521,-0.0445639632360701,-1,-1,-1,-1,-1,-1
18337,1,-1,-1,-1,-1,-1,-1,-1,-1,-1,-1,-1,-1,-1,-1,-1,-1,-1,-1,-1,-1,-1,-1,-1,-1,-1,-1,-1,-1,-1,-1,-1,-1,-1,-1,-1,-1,-1,-0.612896528787277,0.353603829907432,0.353603829907432,-1,-1,-1,-1,-1,-1
18339,1,-1,-1,-1,-1,-1,-1,-1,-1,-1,-1,-1,-1,-1,-1,-1,-1,-1,-1,-1,-1,-1,-1,-1,-1,-1,-1,-1,-1,-1,-1,-1,-1,-1,-1,-1,-1,-1,0.473660722610156,-0.297569463554475,-0.477121254719662,-1,-1,-1,-1,-1,-1
15204,1,-1,-1,-1,-1,-1,-1,-1,-1,-1,-1,-1,-1,-1,-1,-1,-1,-1,-1,-1,-1,-1,-1,-1,-1,-1,-1,-1,-1,-1,-1,-1,-1,-1,-1,-1,-1,-1,0.541103565386536,0.179045688860942,0.179045688860941,-1,-1,-1,-1,-1,-1
18336,1,-1,-1,-1,-1,-1,-1,-1,-1,-1,-1,-1,-1,-1,-1,-1,-1,-1,-1,-1,-1,-1,-1,-1,-1,-1,-1,-1,-1,-1,-1,-1,-1,-1,-1,-1,-1,-1,0.262925469331832,-0.342802143041108,0.205683131848803,-1,-1,-1,-1,-1,-1
17687,1,-1,-1,-1,-1,-1,-1,-1,-1,-1,-1,-1,-1,-1,-1,-1,-1,-1,-1,-1,-1,-1,-1,-1,-1,-1,-1,-1,-1,-1,-1,-1,-1,-1,-1,-1,-1,-1,-1,-1,0.116505569071437,-1,-1,-1,-1,-1,-1
17686,1,-1,-1,-1,-1,-1,-1,-1,-1,-1,-1,-1,-1,-1,-1,-1,-1,-1,-1,-1,-1,-1,-1,-1,-1,-1,-1,-1,-1,-1,-1,-1,-1,-1,-1,-1,-1,-1,-1,-1,0.204119982655925,-1,-1,-1,-1,-1,-1
17685,1,-1,-1,-1,-1,-1,-1,-1,-1,-1,-1,-1,-1,-1,-1,-1,-1,-1,-1,-1,-1,-1,-1,-1,-1,-1,-1,-1,-1,-1,-1,-1,-1,-1,-1,-1,-1,-1,-1,-1,0.109621978524194,-1,-1,-1,-1,-1,-1
17683,1,-1,-1,-1,-1,-1,-1,-1,-1,-1,-1,-1,-1,-1,-1,-1,-1,-1,-1,-1,-1,-1,-1,-1,-1,-1,-1,-1,-1,-1,-1,-1,-1,-1,-1,-1,-1,-1,-1,-1,0.345712806269256,-1,-1,-1,-1,-1,-1
17682,1,-1,-1,-1,-1,-1,-1,-1,-1,-1,-1,-1,-1,-1,-1,-1,-1,-1,-1,-1,-1,-1,-1,-1,-1,-1,-1,-1,-1,-1,-1,-1,-1,-1,-1,-1,-1,-1,-1,-1,0.0552926346576657,-1,-1,-1,-1,-1,-1
19804,1,-1,-1,-1,-1,-1,-1,-1,-1,-1,-1,-1,-1,-1,-1,-1,-1,-1,-1,-1,-1,-1,-1,-1,-1,-1,-1,-1,-1,-1,-1,-1,-1,-1,-1,-1,-1,-1,-1,-1,-1,-1,-0.0981473225719842,-0.0981473225719841,-1,-1,-1
19723,1,-1,-1,-1,-1,-1,-1,-1,-1,-1,-1,-1,-1,-1,-1,-1,-1,-1,-1,-1,-1,-1,-1,-1,-1,-1,-1,-1,-1,-1,-1,-1,-1,-1,-1,-1,-1,-1,-1,-1,-1,-1,-1,0.359021942641668,-1,-1,-1
25635,1,-1,-1,-1,-1,-1,-1,-1,-1,-1,-1,-1,-1,-1,-1,-1,-1,-1,-1,-1,-1,-1,-1,-1,-1,-1,-1,-1,-1,-1,-1,-1,-1,-1,-1,-1,-1,-1,-1,-1,-1,-1,-1,-0.178814117391154,0.365900760748299,-0.271139160732727,-1
19679,1,-1,-1,-1,-1,-1,-1,-1,-1,-1,-1,-1,-1,-1,-1,-1,-1,-1,-1,-1,-1,-1,-1,-1,-1,-1,-1,-1,-1,-1,-1,-1,-1,-1,-1,-1,-1,-1,-1,-1,-1,-1,-1,0.301029995663981,-1,-1,-1
19678,1,-1,-1,-1,-1,-1,-1,-1,-1,-1,-1,-1,-1,-1,-1,-1,-1,-1,-1,-1,-1,-1,-1,-1,-1,-1,-1,-1,-1,-1,-1,-1,-1,-1,-1,-1,-1,-1,-1,-1,-1,-1,-1,0.359021942641668,-1,-1,-1
